Fuhrman 3, [[ 76  69]
 [ 74  71]
 [ 73  73]
 [ 72  74]
 [ 70  76]
 [ 69  77]
 [ 67  78]
 [ 66  80]
 [ 65  82]
 [ 63  84]
 [ 62  87]
 [ 62  90]
 [ 63  93]
 [ 64  97]
 [ 67  99]
 [ 69 102]
 [ 72 104]
 [ 75 104]
 [ 82 105]
 [ 85 104]
 [ 89 104]
 [ 92 103]
 [ 95 101]
 [ 97 100]
 [ 98  98]
 [ 98  96]
 [ 98  93]
 [100  91]
 [101  88]
 [101  86]
 [101  82]
 [101  79]
 [ 99  76]
 [ 98  74]
 [ 97  73]
 [ 96  71]
 [ 96  71]
 [ 95  70]
 [ 93  70]
 [ 92  70]
 [ 90  69]
 [ 88  68]
 [ 87  67]
 [ 85  67]
 [ 82  66]
 [ 79  67]
 [ 77  68]
 [ 76  69]]
Fuhrman 3, [[251 142]
 [250 143]
 [249 143]
 [248 144]
 [247 146]
 [247 147]
 [247 148]
 [246 149]
 [245 150]
 [244 151]
 [244 152]
 [244 153]
 [243 155]
 [242 157]
 [241 159]
 [241 161]
 [241 163]
 [242 164]
 [243 165]
 [243 166]
 [244 167]
 [244 169]
 [246 170]
 [247 171]
 [249 171]
 [251 171]
 [254 171]
 [256 171]
 [256 171]
 [258 171]
 [260 170]
 [261 169]
 [263 168]
 [264 167]
 [265 166]
 [266 165]
 [267 164]
 [267 163]
 [268 161]
 [269 159]
 [269 158]
 [270 155]
 [270 154]
 [271 152]
 [271 150]
 [271 149]
 [270 148]
 [270 147]
 [269 146]
 [268 145]
 [268 145]
 [266 144]
 [265 144]
 [264 144]
 [263 144]
 [262 144]
 [262 143]
 [261 143]
 [260 142]
 [259 141]
 [258 141]
 [257 141]
 [256 142]
 [255 142]
 [253 142]
 [251 142]]
Fuhrman 3, [[604 318]
 [602 319]
 [601 320]
 [599 322]
 [598 324]
 [596 326]
 [595 328]
 [594 332]
 [593 333]
 [592 335]
 [592 338]
 [592 341]
 [593 344]
 [594 348]
 [596 351]
 [598 353]
 [601 354]
 [603 355]
 [605 356]
 [608 355]
 [611 355]
 [612 353]
 [614 352]
 [616 351]
 [617 349]
 [618 348]
 [618 346]
 [619 344]
 [619 341]
 [619 337]
 [619 335]
 [618 333]
 [619 332]
 [619 331]
 [619 329]
 [619 328]
 [618 327]
 [618 325]
 [617 322]
 [616 320]
 [615 319]
 [614 318]
 [612 317]
 [610 317]
 [608 317]
 [605 317]
 [603 318]]
Fuhrman 3, [[488 395]
 [485 397]
 [483 398]
 [483 399]
 [482 400]
 [481 401]
 [481 403]
 [480 405]
 [480 407]
 [481 409]
 [481 412]
 [482 413]
 [483 413]
 [484 413]
 [485 414]
 [485 415]
 [486 416]
 [485 416]
 [485 417]
 [484 418]
 [483 419]
 [483 421]
 [485 423]
 [486 424]
 [488 426]
 [489 427]
 [491 428]
 [492 429]
 [493 430]
 [495 430]
 [496 430]
 [497 430]
 [499 429]
 [501 427]
 [502 425]
 [503 423]
 [505 422]
 [507 420]
 [508 419]
 [508 417]
 [510 415]
 [511 413]
 [511 410]
 [511 408]
 [511 406]
 [511 404]
 [510 402]
 [508 401]
 [507 399]
 [505 398]
 [503 397]
 [501 396]
 [500 395]
 [498 394]
 [496 394]
 [494 393]
 [491 394]
 [489 395]
 [488 395]]
Fuhrman 3, [[ 386  994]
 [ 384  995]
 [ 384  997]
 [ 382  998]
 [ 382 1000]
 [ 381 1001]
 [ 381 1004]
 [ 381 1006]
 [ 381 1008]
 [ 382 1008]
 [ 383 1009]
 [ 383 1010]
 [ 383 1012]
 [ 382 1015]
 [ 383 1017]
 [ 384 1019]
 [ 385 1021]
 [ 387 1024]
 [ 388 1026]
 [ 390 1027]
 [ 392 1029]
 [ 394 1030]
 [ 395 1030]
 [ 397 1031]
 [ 399 1031]
 [ 402 1031]
 [ 404 1030]
 [ 406 1030]
 [ 407 1029]
 [ 408 1027]
 [ 409 1026]
 [ 410 1026]
 [ 410 1025]
 [ 411 1024]
 [ 411 1022]
 [ 411 1021]
 [ 411 1019]
 [ 410 1018]
 [ 410 1017]
 [ 410 1015]
 [ 410 1014]
 [ 411 1013]
 [ 411 1011]
 [ 411 1010]
 [ 410 1009]
 [ 410 1008]
 [ 409 1007]
 [ 409 1006]
 [ 408 1005]
 [ 408 1004]
 [ 408 1002]
 [ 408 1001]
 [ 407  999]
 [ 406  998]
 [ 405  996]
 [ 403  995]
 [ 402  994]
 [ 400  993]
 [ 399  992]
 [ 397  991]
 [ 394  991]
 [ 392  991]
 [ 391  992]
 [ 390  992]
 [ 389  992]
 [ 388  993]
 [ 386  994]]
Fuhrman 3, [[501 771]
 [500 772]
 [498 776]
 [498 780]
 [498 783]
 [498 786]
 [499 789]
 [500 792]
 [500 796]
 [501 799]
 [502 803]
 [503 804]
 [503 806]
 [505 807]
 [507 809]
 [510 809]
 [512 809]
 [514 809]
 [517 809]
 [519 809]
 [521 808]
 [523 807]
 [525 806]
 [526 805]
 [526 804]
 [526 802]
 [525 801]
 [525 800]
 [525 799]
 [525 797]
 [526 796]
 [526 795]
 [526 794]
 [525 793]
 [525 792]
 [524 791]
 [524 788]
 [523 786]
 [523 784]
 [522 782]
 [521 779]
 [520 778]
 [518 776]
 [515 774]
 [513 773]
 [512 772]
 [510 771]
 [508 770]
 [505 770]
 [504 771]
 [502 771]
 [501 771]]
Fuhrman 3, [[  7 692]
 [  5 692]
 [  5 693]
 [  4 694]
 [  4 695]
 [  3 695]
 [  2 696]
 [  2 698]
 [  1 700]
 [  2 703]
 [  2 706]
 [  2 707]
 [  3 709]
 [  3 710]
 [  3 712]
 [  4 715]
 [  4 717]
 [  5 719]
 [  5 721]
 [  6 722]
 [  6 723]
 [  5 724]
 [  5 725]
 [  6 727]
 [  7 728]
 [  8 729]
 [ 10 729]
 [ 12 729]
 [ 15 728]
 [ 19 727]
 [ 21 727]
 [ 22 726]
 [ 23 725]
 [ 24 724]
 [ 24 723]
 [ 25 720]
 [ 25 718]
 [ 24 716]
 [ 24 714]
 [ 25 712]
 [ 26 710]
 [ 26 708]
 [ 27 707]
 [ 27 706]
 [ 27 704]
 [ 26 704]
 [ 25 703]
 [ 25 701]
 [ 25 699]
 [ 23 696]
 [ 22 694]
 [ 20 692]
 [ 18 691]
 [ 16 690]
 [ 13 691]
 [ 11 690]
 [ 10 690]
 [  9 691]
 [  8 692]
 [  8 692]
 [  7 692]]
Fuhrman 3, [[1095  425]
 [1093  426]
 [1093  425]
 [1092  425]
 [1091  426]
 [1090  426]
 [1088  427]
 [1088  428]
 [1087  429]
 [1087  430]
 [1085  431]
 [1083  432]
 [1082  434]
 [1082  434]
 [1081  434]
 [1080  435]
 [1080  437]
 [1079  439]
 [1079  439]
 [1078  440]
 [1077  441]
 [1076  443]
 [1075  447]
 [1075  450]
 [1075  453]
 [1076  455]
 [1077  457]
 [1078  458]
 [1079  460]
 [1081  460]
 [1083  460]
 [1085  461]
 [1087  461]
 [1089  460]
 [1091  460]
 [1092  459]
 [1094  457]
 [1095  456]
 [1096  454]
 [1098  453]
 [1099  451]
 [1101  448]
 [1103  447]
 [1104  446]
 [1104  445]
 [1104  444]
 [1105  443]
 [1106  441]
 [1106  439]
 [1107  437]
 [1107  435]
 [1107  432]
 [1106  430]
 [1105  429]
 [1104  428]
 [1104  427]
 [1103  426]
 [1101  426]
 [1100  425]
 [1098  425]
 [1097  425]
 [1095  425]]
Fuhrman 3, [[873 546]
 [871 546]
 [869 548]
 [867 549]
 [866 551]
 [866 552]
 [865 552]
 [863 553]
 [861 554]
 [861 556]
 [860 558]
 [860 559]
 [859 560]
 [858 561]
 [857 563]
 [857 565]
 [857 568]
 [857 571]
 [858 573]
 [859 576]
 [861 577]
 [863 579]
 [865 580]
 [868 580]
 [870 579]
 [873 579]
 [876 577]
 [878 576]
 [879 576]
 [880 575]
 [881 574]
 [881 572]
 [881 571]
 [881 570]
 [881 568]
 [883 567]
 [884 565]
 [885 564]
 [886 563]
 [887 560]
 [887 557]
 [887 555]
 [886 553]
 [886 551]
 [885 550]
 [883 549]
 [882 547]
 [881 546]
 [880 546]
 [878 546]
 [876 545]
 [874 545]
 [873 546]]
Fuhrman 3, [[907 606]
 [905 608]
 [904 610]
 [902 612]
 [901 614]
 [900 616]
 [900 619]
 [900 622]
 [900 625]
 [901 627]
 [903 629]
 [905 630]
 [906 631]
 [908 632]
 [910 633]
 [912 633]
 [915 632]
 [916 632]
 [918 632]
 [919 632]
 [920 632]
 [921 632]
 [923 631]
 [925 629]
 [926 628]
 [928 627]
 [930 626]
 [933 624]
 [935 622]
 [936 621]
 [937 620]
 [937 619]
 [938 617]
 [939 616]
 [940 615]
 [941 613]
 [941 611]
 [941 609]
 [941 608]
 [941 607]
 [940 606]
 [939 606]
 [938 605]
 [937 604]
 [937 602]
 [936 601]
 [935 601]
 [933 600]
 [931 600]
 [929 601]
 [927 601]
 [926 602]
 [925 602]
 [924 603]
 [923 603]
 [922 605]
 [921 605]
 [919 606]
 [918 606]
 [917 606]
 [915 606]
 [914 605]
 [912 605]
 [910 605]
 [909 606]
 [907 606]]
Fuhrman 3, [[1443  561]
 [1441  562]
 [1438  563]
 [1437  565]
 [1436  565]
 [1434  564]
 [1433  564]
 [1432  565]
 [1432  567]
 [1432  568]
 [1430  568]
 [1428  569]
 [1427  570]
 [1425  571]
 [1424  573]
 [1423  575]
 [1423  577]
 [1422  579]
 [1423  581]
 [1424  582]
 [1425  584]
 [1427  585]
 [1430  585]
 [1435  585]
 [1439  585]
 [1442  585]
 [1446  585]
 [1449  585]
 [1452  585]
 [1454  584]
 [1455  583]
 [1456  583]
 [1457  582]
 [1458  582]
 [1460  581]
 [1463  580]
 [1464  579]
 [1466  577]
 [1467  575]
 [1468  573]
 [1468  571]
 [1468  569]
 [1468  567]
 [1467  566]
 [1466  565]
 [1465  564]
 [1464  563]
 [1463  562]
 [1461  561]
 [1459  560]
 [1457  560]
 [1456  560]
 [1454  559]
 [1452  559]
 [1449  559]
 [1446  560]
 [1444  561]
 [1443  561]]
Fuhrman 3, [[1894  553]
 [1891  555]
 [1889  557]
 [1887  559]
 [1886  562]
 [1885  564]
 [1884  565]
 [1884  566]
 [1883  568]
 [1884  569]
 [1884  570]
 [1884  572]
 [1885  575]
 [1887  579]
 [1888  581]
 [1891  583]
 [1893  584]
 [1896  585]
 [1899  586]
 [1902  587]
 [1904  587]
 [1905  587]
 [1907  587]
 [1908  587]
 [1910  586]
 [1912  585]
 [1914  584]
 [1916  583]
 [1917  582]
 [1918  580]
 [1919  579]
 [1920  577]
 [1920  575]
 [1920  573]
 [1920  571]
 [1920  569]
 [1919  567]
 [1919  566]
 [1918  565]
 [1917  564]
 [1916  564]
 [1915  563]
 [1915  562]
 [1915  561]
 [1914  560]
 [1913  560]
 [1913  558]
 [1913  557]
 [1912  556]
 [1911  555]
 [1910  555]
 [1909  554]
 [1908  553]
 [1907  552]
 [1905  552]
 [1904  552]
 [1902  551]
 [1899  551]
 [1898  551]
 [1897  552]
 [1895  552]
 [1894  554]]
Fuhrman 3, [[1837  305]
 [1836  306]
 [1835  307]
 [1834  309]
 [1833  312]
 [1833  315]
 [1833  316]
 [1833  319]
 [1833  321]
 [1834  323]
 [1836  325]
 [1838  326]
 [1840  327]
 [1841  327]
 [1843  328]
 [1846  329]
 [1847  328]
 [1848  328]
 [1849  328]
 [1851  328]
 [1852  329]
 [1853  329]
 [1853  330]
 [1855  330]
 [1856  330]
 [1858  330]
 [1862  329]
 [1863  328]
 [1865  327]
 [1867  327]
 [1868  326]
 [1869  325]
 [1871  324]
 [1871  322]
 [1871  321]
 [1872  320]
 [1872  318]
 [1872  315]
 [1872  313]
 [1872  311]
 [1871  310]
 [1870  308]
 [1869  306]
 [1867  305]
 [1865  304]
 [1865  303]
 [1864  302]
 [1862  302]
 [1860  301]
 [1858  300]
 [1856  299]
 [1853  298]
 [1851  298]
 [1849  298]
 [1847  299]
 [1844  299]
 [1843  300]
 [1841  301]
 [1840  302]
 [1838  303]
 [1837  304]
 [1837  305]]
Fuhrman 3, [[1745  274]
 [1743  273]
 [1741  272]
 [1739  272]
 [1737  273]
 [1736  274]
 [1735  274]
 [1733  274]
 [1732  274]
 [1731  276]
 [1729  278]
 [1729  279]
 [1728  281]
 [1728  283]
 [1728  285]
 [1727  286]
 [1726  287]
 [1726  288]
 [1727  288]
 [1728  289]
 [1728  291]
 [1729  292]
 [1730  294]
 [1731  295]
 [1732  297]
 [1733  298]
 [1735  298]
 [1736  299]
 [1737  300]
 [1739  301]
 [1740  302]
 [1742  302]
 [1743  303]
 [1744  303]
 [1746  304]
 [1747  304]
 [1750  304]
 [1752  304]
 [1754  303]
 [1755  302]
 [1756  301]
 [1757  301]
 [1759  301]
 [1760  300]
 [1760  300]
 [1760  298]
 [1760  297]
 [1760  296]
 [1760  295]
 [1760  294]
 [1761  293]
 [1762  293]
 [1762  291]
 [1762  289]
 [1761  287]
 [1760  286]
 [1760  285]
 [1759  284]
 [1758  283]
 [1757  282]
 [1756  280]
 [1754  279]
 [1752  278]
 [1751  277]
 [1750  277]
 [1749  276]
 [1748  275]
 [1746  274]
 [1745  274]]
Fuhrman 3, [[1555  943]
 [1552  945]
 [1550  947]
 [1549  949]
 [1548  951]
 [1548  951]
 [1546  952]
 [1545  954]
 [1545  957]
 [1545  959]
 [1545  963]
 [1546  966]
 [1548  969]
 [1551  971]
 [1554  972]
 [1556  973]
 [1558  973]
 [1559  974]
 [1562  975]
 [1565  975]
 [1568  974]
 [1570  973]
 [1573  973]
 [1576  972]
 [1577  971]
 [1577  969]
 [1578  967]
 [1579  965]
 [1580  963]
 [1580  961]
 [1581  958]
 [1581  955]
 [1580  954]
 [1581  952]
 [1580  950]
 [1579  948]
 [1577  947]
 [1576  946]
 [1575  946]
 [1573  945]
 [1572  944]
 [1571  942]
 [1569  941]
 [1565  940]
 [1561  940]
 [1558  941]
 [1556  942]
 [1555  943]]
Fuhrman 3, [[1372  953]
 [1369  955]
 [1368  956]
 [1366  958]
 [1365  960]
 [1364  962]
 [1363  964]
 [1363  967]
 [1363  971]
 [1364  974]
 [1364  976]
 [1365  978]
 [1366  979]
 [1366  980]
 [1367  982]
 [1368  984]
 [1369  985]
 [1371  987]
 [1374  988]
 [1377  988]
 [1380  989]
 [1383  989]
 [1386  989]
 [1388  988]
 [1391  988]
 [1393  987]
 [1394  986]
 [1395  985]
 [1396  983]
 [1396  981]
 [1395  979]
 [1395  977]
 [1394  975]
 [1394  973]
 [1393  971]
 [1393  970]
 [1392  969]
 [1391  967]
 [1391  965]
 [1391  963]
 [1390  961]
 [1389  959]
 [1387  957]
 [1386  955]
 [1384  953]
 [1383  952]
 [1382  952]
 [1381  952]
 [1379  952]
 [1376  951]
 [1375  952]
 [1373  953]
 [1372  953]]
Fuhrman 3, [[1175  620]
 [1175  620]
 [1173  622]
 [1170  623]
 [1169  624]
 [1168  627]
 [1169  629]
 [1169  631]
 [1168  632]
 [1167  632]
 [1166  632]
 [1165  637]
 [1166  642]
 [1166  644]
 [1167  646]
 [1168  648]
 [1168  651]
 [1168  654]
 [1170  656]
 [1172  656]
 [1174  656]
 [1176  655]
 [1178  655]
 [1180  655]
 [1182  656]
 [1185  657]
 [1189  658]
 [1192  658]
 [1194  659]
 [1195  659]
 [1197  659]
 [1199  659]
 [1201  658]
 [1201  657]
 [1201  656]
 [1202  656]
 [1203  656]
 [1205  656]
 [1206  655]
 [1206  654]
 [1208  652]
 [1209  652]
 [1210  650]
 [1211  650]
 [1212  650]
 [1214  650]
 [1215  650]
 [1217  649]
 [1219  647]
 [1221  646]
 [1222  645]
 [1222  641]
 [1222  639]
 [1222  636]
 [1221  634]
 [1220  633]
 [1219  632]
 [1219  631]
 [1218  629]
 [1217  629]
 [1215  628]
 [1214  627]
 [1212  625]
 [1210  624]
 [1208  624]
 [1207  623]
 [1205  623]
 [1203  622]
 [1201  621]
 [1198  620]
 [1197  620]
 [1196  619]
 [1194  617]
 [1193  617]
 [1191  616]
 [1189  616]
 [1187  615]
 [1185  615]
 [1183  615]
 [1181  616]
 [1180  617]
 [1178  618]
 [1177  619]
 [1175  620]]
Fuhrman 3, [[1111  279]
 [1108  278]
 [1106  279]
 [1104  280]
 [1102  280]
 [1100  281]
 [1099  282]
 [1097  284]
 [1097  287]
 [1096  291]
 [1097  294]
 [1098  296]
 [1099  298]
 [1101  298]
 [1102  299]
 [1103  300]
 [1104  301]
 [1106  302]
 [1106  304]
 [1105  305]
 [1106  307]
 [1106  307]
 [1108  308]
 [1109  308]
 [1110  310]
 [1112  311]
 [1114  314]
 [1117  317]
 [1119  319]
 [1120  320]
 [1122  321]
 [1124  321]
 [1126  320]
 [1128  320]
 [1130  319]
 [1132  318]
 [1133  317]
 [1135  315]
 [1135  313]
 [1135  310]
 [1135  307]
 [1135  303]
 [1135  301]
 [1135  299]
 [1134  298]
 [1132  296]
 [1131  294]
 [1129  292]
 [1127  290]
 [1125  289]
 [1124  288]
 [1122  286]
 [1120  285]
 [1119  284]
 [1117  283]
 [1116  281]
 [1115  280]
 [1114  280]
 [1112  279]
 [1111  279]]
Fuhrman 3, [[826 263]
 [826 263]
 [825 263]
 [824 264]
 [824 265]
 [823 265]
 [822 266]
 [822 267]
 [821 268]
 [821 269]
 [820 270]
 [819 272]
 [819 274]
 [819 276]
 [820 279]
 [821 281]
 [822 282]
 [823 284]
 [825 285]
 [827 285]
 [829 286]
 [831 287]
 [833 288]
 [835 288]
 [836 287]
 [837 287]
 [837 286]
 [838 286]
 [839 286]
 [840 286]
 [841 287]
 [844 287]
 [846 285]
 [847 284]
 [848 283]
 [850 281]
 [851 281]
 [851 279]
 [852 277]
 [852 276]
 [852 274]
 [852 272]
 [851 270]
 [850 268]
 [848 267]
 [847 266]
 [847 265]
 [846 264]
 [844 264]
 [843 263]
 [842 263]
 [840 262]
 [839 262]
 [838 262]
 [836 261]
 [833 261]
 [831 262]
 [829 262]
 [827 263]
 [826 263]]
Fuhrman 3, [[1217 1055]
 [1216 1053]
 [1214 1051]
 [1213 1050]
 [1211 1049]
 [1210 1049]
 [1208 1050]
 [1206 1050]
 [1204 1051]
 [1203 1053]
 [1201 1054]
 [1200 1056]
 [1199 1057]
 [1198 1059]
 [1197 1061]
 [1196 1062]
 [1195 1064]
 [1195 1067]
 [1195 1069]
 [1195 1071]
 [1196 1073]
 [1196 1074]
 [1197 1075]
 [1198 1077]
 [1199 1078]
 [1200 1079]
 [1202 1081]
 [1204 1082]
 [1206 1082]
 [1207 1083]
 [1210 1083]
 [1212 1083]
 [1214 1083]
 [1217 1082]
 [1219 1081]
 [1221 1080]
 [1223 1078]
 [1224 1077]
 [1226 1075]
 [1227 1073]
 [1227 1070]
 [1227 1068]
 [1227 1066]
 [1226 1064]
 [1225 1063]
 [1225 1062]
 [1224 1060]
 [1224 1059]
 [1222 1059]
 [1221 1058]
 [1220 1058]
 [1218 1057]
 [1218 1057]
 [1217 1056]
 [1217 1055]]
