Fuhrman 3, [[194  92]
 [193  90]
 [191  88]
 [188  87]
 [186  86]
 [182  85]
 [179  85]
 [177  86]
 [176  86]
 [174  86]
 [173  88]
 [172  90]
 [172  92]
 [172  94]
 [171  94]
 [169  95]
 [168  97]
 [168  98]
 [167  99]
 [166 101]
 [167 104]
 [168 107]
 [169 109]
 [169 111]
 [169 112]
 [170 113]
 [171 113]
 [172 113]
 [173 113]
 [174 113]
 [175 113]
 [176 113]
 [178 114]
 [181 115]
 [183 115]
 [185 115]
 [188 115]
 [191 115]
 [192 114]
 [194 113]
 [194 112]
 [195 111]
 [195 109]
 [196 107]
 [197 106]
 [198 105]
 [198 104]
 [197 102]
 [197  99]
 [196  98]
 [196  97]
 [196  96]
 [196  94]
 [195  93]
 [194  92]
 [194  92]]
Fuhrman 3, [[261 510]
 [259 511]
 [258 513]
 [257 515]
 [256 517]
 [255 519]
 [256 522]
 [257 526]
 [257 528]
 [257 530]
 [258 532]
 [258 533]
 [259 533]
 [261 533]
 [262 533]
 [264 533]
 [266 534]
 [268 534]
 [270 535]
 [273 535]
 [274 535]
 [275 535]
 [275 535]
 [276 535]
 [278 534]
 [279 534]
 [280 533]
 [281 532]
 [283 531]
 [286 529]
 [288 527]
 [290 526]
 [291 524]
 [292 523]
 [293 521]
 [293 519]
 [293 516]
 [292 513]
 [292 510]
 [290 507]
 [289 505]
 [287 504]
 [285 503]
 [283 502]
 [281 502]
 [279 502]
 [276 503]
 [272 504]
 [268 506]
 [266 507]
 [264 508]
 [263 509]
 [261 510]]
Fuhrman 3, [[379 427]
 [377 427]
 [376 425]
 [374 424]
 [373 423]
 [372 422]
 [370 422]
 [367 423]
 [364 423]
 [362 424]
 [360 426]
 [358 429]
 [357 430]
 [356 432]
 [356 434]
 [357 436]
 [358 439]
 [361 442]
 [363 444]
 [366 445]
 [369 448]
 [371 449]
 [373 449]
 [374 449]
 [376 449]
 [377 449]
 [377 450]
 [378 451]
 [380 451]
 [385 452]
 [389 452]
 [394 452]
 [397 451]
 [399 450]
 [402 449]
 [403 448]
 [405 446]
 [405 445]
 [406 443]
 [406 441]
 [406 439]
 [405 436]
 [404 435]
 [403 433]
 [402 431]
 [401 430]
 [399 430]
 [397 429]
 [396 428]
 [393 427]
 [391 427]
 [389 426]
 [385 426]
 [383 427]
 [381 426]
 [380 427]
 [379 427]]
Fuhrman 3, [[ 186 1022]
 [ 188 1020]
 [ 189 1019]
 [ 191 1017]
 [ 192 1017]
 [ 193 1016]
 [ 194 1016]
 [ 195 1013]
 [ 197 1011]
 [ 198 1009]
 [ 198 1007]
 [ 198 1005]
 [ 198 1004]
 [ 197 1003]
 [ 196 1002]
 [ 195 1002]
 [ 194 1002]
 [ 193 1001]
 [ 193  999]
 [ 193  997]
 [ 191  995]
 [ 189  993]
 [ 188  993]
 [ 187  992]
 [ 187  989]
 [ 186  987]
 [ 185  985]
 [ 184  985]
 [ 182  985]
 [ 181  985]
 [ 179  983]
 [ 178  982]
 [ 176  982]
 [ 174  982]
 [ 171  982]
 [ 168  983]
 [ 166  985]
 [ 163  987]
 [ 161  990]
 [ 160  993]
 [ 159  996]
 [ 159 1000]
 [ 159 1003]
 [ 159 1007]
 [ 160 1008]
 [ 160 1009]
 [ 161 1012]
 [ 162 1015]
 [ 163 1018]
 [ 165 1022]
 [ 166 1024]
 [ 166 1025]
 [ 169 1027]
 [ 171 1028]
 [ 172 1029]
 [ 173 1029]
 [ 175 1029]
 [ 178 1028]
 [ 181 1027]
 [ 183 1026]
 [ 185 1026]
 [ 186 1025]
 [ 186 1024]
 [ 186 1023]
 [ 187 1022]]
Fuhrman 3, [[242 909]
 [239 909]
 [238 909]
 [237 908]
 [236 907]
 [234 906]
 [232 906]
 [231 905]
 [229 905]
 [227 906]
 [226 907]
 [225 909]
 [224 912]
 [224 915]
 [224 917]
 [224 919]
 [223 921]
 [222 924]
 [222 927]
 [222 929]
 [223 933]
 [224 937]
 [226 939]
 [227 940]
 [229 942]
 [232 943]
 [234 945]
 [235 946]
 [237 946]
 [240 946]
 [242 946]
 [244 947]
 [246 947]
 [249 947]
 [253 946]
 [255 944]
 [259 941]
 [262 939]
 [264 937]
 [265 936]
 [267 935]
 [267 933]
 [268 931]
 [269 928]
 [269 925]
 [270 922]
 [269 921]
 [268 919]
 [267 918]
 [267 917]
 [266 916]
 [265 915]
 [263 915]
 [262 914]
 [260 913]
 [259 912]
 [257 912]
 [257 911]
 [256 910]
 [253 909]
 [251 908]
 [250 908]
 [249 908]
 [248 908]
 [246 908]
 [244 909]
 [242 909]]
Fuhrman 3, [[442  92]
 [440  92]
 [438  92]
 [438  92]
 [437  92]
 [436  93]
 [436  94]
 [435  95]
 [434  97]
 [433  98]
 [432 100]
 [432 103]
 [432 105]
 [433 106]
 [433 108]
 [434 109]
 [435 110]
 [435 110]
 [436 111]
 [437 111]
 [437 111]
 [438 112]
 [438 112]
 [439 112]
 [440 112]
 [441 112]
 [443 112]
 [445 113]
 [447 113]
 [449 113]
 [451 113]
 [453 113]
 [455 112]
 [457 111]
 [459 110]
 [460 109]
 [461 107]
 [461 106]
 [462 105]
 [462 103]
 [462 101]
 [462  99]
 [460  97]
 [459  95]
 [458  94]
 [457  93]
 [454  92]
 [451  92]
 [449  92]
 [447  92]
 [445  92]
 [443  92]
 [442  92]]
Fuhrman 3, [[655 447]
 [654 448]
 [654 449]
 [652 451]
 [651 452]
 [650 453]
 [649 455]
 [648 458]
 [648 461]
 [648 463]
 [647 465]
 [647 469]
 [646 470]
 [645 471]
 [645 473]
 [645 475]
 [646 477]
 [647 479]
 [649 481]
 [650 482]
 [652 483]
 [653 484]
 [655 483]
 [657 483]
 [659 482]
 [660 481]
 [661 480]
 [663 479]
 [665 478]
 [667 477]
 [669 476]
 [671 475]
 [673 474]
 [674 473]
 [676 472]
 [678 470]
 [680 469]
 [681 467]
 [682 465]
 [683 463]
 [683 462]
 [683 460]
 [683 459]
 [683 457]
 [682 456]
 [682 453]
 [683 450]
 [682 448]
 [682 446]
 [681 444]
 [680 443]
 [679 441]
 [678 440]
 [677 439]
 [676 438]
 [675 438]
 [673 438]
 [672 437]
 [670 437]
 [669 437]
 [667 437]
 [665 438]
 [663 439]
 [662 440]
 [661 440]
 [659 440]
 [658 441]
 [658 441]
 [657 442]
 [657 443]
 [657 444]
 [657 445]
 [656 445]
 [656 446]
 [655 447]]
Fuhrman 3, [[579 669]
 [578 670]
 [577 669]
 [577 670]
 [576 671]
 [576 672]
 [575 673]
 [574 675]
 [573 677]
 [572 679]
 [571 681]
 [571 682]
 [570 683]
 [569 685]
 [569 686]
 [568 689]
 [567 692]
 [567 696]
 [567 697]
 [566 698]
 [565 700]
 [565 702]
 [565 704]
 [566 704]
 [566 704]
 [567 705]
 [567 707]
 [568 710]
 [569 713]
 [571 715]
 [572 716]
 [573 716]
 [575 716]
 [576 716]
 [578 716]
 [580 716]
 [582 714]
 [584 713]
 [585 711]
 [587 710]
 [588 708]
 [589 707]
 [589 705]
 [589 703]
 [589 701]
 [589 700]
 [589 698]
 [589 697]
 [588 697]
 [587 696]
 [587 694]
 [588 693]
 [588 691]
 [590 689]
 [591 688]
 [591 687]
 [591 685]
 [592 683]
 [592 682]
 [593 680]
 [593 679]
 [592 677]
 [592 675]
 [591 674]
 [590 673]
 [589 672]
 [588 672]
 [587 671]
 [585 672]
 [585 671]
 [584 670]
 [582 670]
 [580 670]
 [579 669]]
Fuhrman 3, [[1102  133]
 [1099  134]
 [1098  136]
 [1096  137]
 [1095  140]
 [1095  142]
 [1094  143]
 [1094  145]
 [1094  146]
 [1094  148]
 [1093  151]
 [1094  153]
 [1095  156]
 [1095  157]
 [1096  158]
 [1096  160]
 [1096  160]
 [1097  161]
 [1098  161]
 [1099  162]
 [1100  162]
 [1100  163]
 [1102  166]
 [1104  167]
 [1105  168]
 [1106  169]
 [1108  169]
 [1110  169]
 [1112  169]
 [1113  168]
 [1114  167]
 [1114  166]
 [1115  165]
 [1115  164]
 [1115  163]
 [1115  161]
 [1115  160]
 [1114  159]
 [1113  157]
 [1113  155]
 [1113  153]
 [1113  151]
 [1113  148]
 [1113  146]
 [1113  145]
 [1113  142]
 [1113  138]
 [1113  136]
 [1112  135]
 [1111  134]
 [1110  133]
 [1109  132]
 [1108  132]
 [1105  132]
 [1104  132]
 [1102  133]]
Fuhrman 3, [[1259  596]
 [1257  597]
 [1254  597]
 [1252  598]
 [1249  599]
 [1247  600]
 [1245  602]
 [1245  603]
 [1244  604]
 [1243  605]
 [1244  607]
 [1244  609]
 [1245  611]
 [1246  614]
 [1247  616]
 [1249  618]
 [1250  618]
 [1252  619]
 [1254  620]
 [1257  621]
 [1258  621]
 [1260  622]
 [1263  622]
 [1265  623]
 [1267  624]
 [1269  626]
 [1270  627]
 [1272  627]
 [1273  628]
 [1275  628]
 [1278  628]
 [1280  628]
 [1282  628]
 [1284  628]
 [1286  628]
 [1287  627]
 [1289  626]
 [1290  625]
 [1291  624]
 [1293  623]
 [1293  621]
 [1293  619]
 [1293  617]
 [1292  616]
 [1291  614]
 [1291  612]
 [1290  611]
 [1290  610]
 [1289  609]
 [1288  609]
 [1287  609]
 [1286  607]
 [1285  606]
 [1284  604]
 [1283  603]
 [1282  603]
 [1280  603]
 [1279  602]
 [1277  600]
 [1275  599]
 [1273  598]
 [1270  598]
 [1268  598]
 [1266  597]
 [1264  596]
 [1262  596]
 [1261  596]
 [1259  596]]
Fuhrman 3, [[1001  581]
 [1000  583]
 [ 998  585]
 [ 997  588]
 [ 997  591]
 [ 997  592]
 [ 996  593]
 [ 996  595]
 [ 995  597]
 [ 995  599]
 [ 995  601]
 [ 996  603]
 [ 997  604]
 [ 998  606]
 [ 999  608]
 [ 999  610]
 [1000  612]
 [1001  612]
 [1003  613]
 [1004  613]
 [1006  613]
 [1007  614]
 [1009  615]
 [1010  615]
 [1012  615]
 [1015  615]
 [1017  614]
 [1019  612]
 [1021  610]
 [1022  609]
 [1024  606]
 [1024  604]
 [1024  601]
 [1025  598]
 [1025  593]
 [1025  590]
 [1024  587]
 [1023  584]
 [1021  581]
 [1020  579]
 [1019  578]
 [1018  578]
 [1017  577]
 [1016  577]
 [1015  576]
 [1014  576]
 [1013  575]
 [1012  574]
 [1010  575]
 [1009  575]
 [1007  576]
 [1005  577]
 [1004  577]
 [1003  577]
 [1003  577]
 [1002  578]
 [1002  579]
 [1002  580]
 [1001  581]]
Fuhrman 3, [[1079  509]
 [1076  512]
 [1075  513]
 [1072  515]
 [1072  516]
 [1070  516]
 [1070  517]
 [1068  518]
 [1067  518]
 [1066  518]
 [1065  519]
 [1065  520]
 [1065  521]
 [1065  523]
 [1064  524]
 [1063  525]
 [1062  526]
 [1061  528]
 [1061  529]
 [1061  532]
 [1062  533]
 [1063  534]
 [1066  536]
 [1067  536]
 [1069  536]
 [1072  536]
 [1074  536]
 [1076  536]
 [1077  536]
 [1079  536]
 [1080  536]
 [1082  536]
 [1084  536]
 [1086  535]
 [1088  535]
 [1089  534]
 [1091  534]
 [1093  534]
 [1095  533]
 [1096  531]
 [1097  530]
 [1098  529]
 [1099  529]
 [1100  528]
 [1101  528]
 [1101  527]
 [1102  526]
 [1102  525]
 [1103  524]
 [1104  522]
 [1105  521]
 [1105  519]
 [1105  517]
 [1105  515]
 [1104  513]
 [1103  512]
 [1102  511]
 [1101  510]
 [1099  509]
 [1098  508]
 [1097  508]
 [1096  506]
 [1095  505]
 [1094  505]
 [1092  504]
 [1090  504]
 [1088  504]
 [1086  504]
 [1085  505]
 [1083  506]
 [1082  507]
 [1080  508]
 [1079  509]]
Fuhrman 3, [[1520    4]
 [1518    5]
 [1514    6]
 [1512    7]
 [1511    8]
 [1510    9]
 [1509   12]
 [1509   15]
 [1509   16]
 [1509   18]
 [1509   20]
 [1510   22]
 [1511   24]
 [1510   26]
 [1510   28]
 [1510   30]
 [1511   34]
 [1513   37]
 [1514   40]
 [1515   41]
 [1516   42]
 [1517   45]
 [1518   49]
 [1519   51]
 [1521   54]
 [1522   55]
 [1523   56]
 [1525   56]
 [1526   57]
 [1529   56]
 [1531   56]
 [1533   55]
 [1535   54]
 [1537   51]
 [1538   49]
 [1540   46]
 [1540   44]
 [1541   41]
 [1541   37]
 [1542   34]
 [1542   32]
 [1543   28]
 [1542   26]
 [1541   24]
 [1541   22]
 [1541   19]
 [1540   16]
 [1539   14]
 [1536   10]
 [1535    9]
 [1534    8]
 [1532    7]
 [1531    6]
 [1528    5]
 [1525    4]
 [1523    5]
 [1522    5]
 [1520    5]]
Fuhrman 3, [[1233  270]
 [1230  270]
 [1229  271]
 [1227  272]
 [1226  275]
 [1225  276]
 [1225  276]
 [1224  278]
 [1225  279]
 [1224  281]
 [1223  282]
 [1223  283]
 [1223  285]
 [1223  288]
 [1223  290]
 [1224  292]
 [1225  293]
 [1226  295]
 [1227  296]
 [1228  297]
 [1230  298]
 [1233  299]
 [1236  299]
 [1239  299]
 [1243  299]
 [1245  299]
 [1248  299]
 [1250  298]
 [1253  296]
 [1255  294]
 [1256  293]
 [1257  292]
 [1258  292]
 [1259  290]
 [1260  289]
 [1260  288]
 [1259  286]
 [1259  285]
 [1259  283]
 [1259  281]
 [1259  280]
 [1257  278]
 [1257  277]
 [1255  275]
 [1255  273]
 [1254  272]
 [1253  271]
 [1251  271]
 [1250  270]
 [1250  269]
 [1248  268]
 [1248  268]
 [1246  269]
 [1243  269]
 [1240  269]
 [1238  269]
 [1236  270]
 [1233  270]]
Fuhrman 3, [[1449  296]
 [1447  297]
 [1445  297]
 [1443  298]
 [1442  299]
 [1440  301]
 [1439  303]
 [1438  305]
 [1438  308]
 [1438  311]
 [1439  313]
 [1439  314]
 [1439  316]
 [1440  318]
 [1442  320]
 [1443  321]
 [1444  321]
 [1446  322]
 [1447  322]
 [1448  322]
 [1448  323]
 [1450  324]
 [1452  324]
 [1453  325]
 [1456  325]
 [1458  325]
 [1460  324]
 [1461  323]
 [1462  322]
 [1464  322]
 [1465  321]
 [1466  319]
 [1467  318]
 [1467  316]
 [1467  313]
 [1467  310]
 [1467  307]
 [1466  304]
 [1464  302]
 [1463  301]
 [1462  299]
 [1460  298]
 [1457  297]
 [1456  296]
 [1452  296]
 [1450  296]
 [1449  296]]
Fuhrman 3, [[1684  379]
 [1682  380]
 [1680  381]
 [1679  383]
 [1678  384]
 [1678  384]
 [1677  385]
 [1676  386]
 [1675  388]
 [1676  390]
 [1676  391]
 [1677  392]
 [1678  393]
 [1678  394]
 [1678  396]
 [1678  399]
 [1678  401]
 [1679  404]
 [1679  406]
 [1681  408]
 [1683  409]
 [1684  409]
 [1688  409]
 [1690  409]
 [1691  409]
 [1693  409]
 [1695  409]
 [1697  409]
 [1699  409]
 [1700  408]
 [1702  408]
 [1703  407]
 [1704  406]
 [1705  405]
 [1707  404]
 [1708  403]
 [1710  401]
 [1710  399]
 [1711  396]
 [1711  394]
 [1710  392]
 [1710  390]
 [1709  388]
 [1709  385]
 [1708  383]
 [1706  381]
 [1704  379]
 [1701  378]
 [1697  376]
 [1695  376]
 [1693  376]
 [1690  376]
 [1688  377]
 [1686  378]
 [1683  379]]
Fuhrman 3, [[1653  984]
 [1652  985]
 [1650  985]
 [1647  985]
 [1645  985]
 [1643  985]
 [1641  985]
 [1640  984]
 [1637  984]
 [1635  984]
 [1633  985]
 [1633  986]
 [1632  989]
 [1632  991]
 [1631  993]
 [1630  995]
 [1630  998]
 [1629 1001]
 [1629 1005]
 [1629 1009]
 [1629 1012]
 [1629 1015]
 [1628 1017]
 [1627 1019]
 [1627 1022]
 [1627 1026]
 [1628 1028]
 [1629 1030]
 [1631 1032]
 [1632 1033]
 [1634 1034]
 [1637 1034]
 [1637 1034]
 [1641 1035]
 [1644 1034]
 [1646 1034]
 [1648 1033]
 [1650 1032]
 [1652 1032]
 [1654 1031]
 [1656 1030]
 [1657 1029]
 [1658 1028]
 [1660 1027]
 [1662 1025]
 [1663 1023]
 [1664 1021]
 [1664 1019]
 [1664 1017]
 [1663 1016]
 [1662 1013]
 [1661 1011]
 [1660 1009]
 [1659 1008]
 [1658 1006]
 [1657 1005]
 [1657 1003]
 [1659 1002]
 [1659 1000]
 [1659  997]
 [1659  995]
 [1659  993]
 [1660  992]
 [1661  992]
 [1662  991]
 [1662  989]
 [1662  987]
 [1661  986]
 [1660  985]
 [1659  984]
 [1657  983]
 [1655  983]
 [1653  984]]
Fuhrman 3, [[1120  942]
 [1118  942]
 [1117  944]
 [1116  944]
 [1114  944]
 [1109  945]
 [1107  947]
 [1106  948]
 [1104  949]
 [1104  951]
 [1103  953]
 [1103  955]
 [1104  956]
 [1105  958]
 [1106  960]
 [1106  962]
 [1107  964]
 [1108  966]
 [1110  968]
 [1112  969]
 [1114  971]
 [1116  972]
 [1118  973]
 [1120  974]
 [1122  975]
 [1123  975]
 [1125  976]
 [1127  976]
 [1130  976]
 [1132  976]
 [1135  975]
 [1137  974]
 [1140  973]
 [1141  971]
 [1143  970]
 [1145  968]
 [1147  967]
 [1147  965]
 [1148  962]
 [1149  960]
 [1150  958]
 [1152  955]
 [1153  952]
 [1153  949]
 [1153  947]
 [1152  945]
 [1151  942]
 [1149  940]
 [1147  938]
 [1145  937]
 [1144  936]
 [1142  936]
 [1140  936]
 [1137  936]
 [1135  937]
 [1133  937]
 [1132  937]
 [1131  938]
 [1130  939]
 [1128  939]
 [1126  939]
 [1124  939]
 [1122  940]
 [1120  942]]
Fuhrman 3, [[ 64 416]
 [ 62 417]
 [ 61 417]
 [ 61 417]
 [ 59 417]
 [ 58 418]
 [ 57 419]
 [ 55 420]
 [ 54 421]
 [ 54 422]
 [ 53 424]
 [ 53 426]
 [ 53 427]
 [ 54 428]
 [ 55 429]
 [ 55 430]
 [ 56 431]
 [ 57 431]
 [ 58 432]
 [ 59 432]
 [ 60 432]
 [ 62 432]
 [ 63 433]
 [ 64 433]
 [ 65 434]
 [ 66 435]
 [ 67 435]
 [ 68 436]
 [ 70 436]
 [ 72 436]
 [ 74 436]
 [ 76 436]
 [ 77 436]
 [ 79 435]
 [ 81 435]
 [ 82 434]
 [ 84 432]
 [ 85 431]
 [ 86 430]
 [ 87 429]
 [ 87 428]
 [ 88 428]
 [ 88 426]
 [ 87 425]
 [ 87 423]
 [ 86 422]
 [ 85 421]
 [ 85 420]
 [ 84 419]
 [ 83 419]
 [ 82 418]
 [ 81 417]
 [ 80 416]
 [ 79 416]
 [ 77 416]
 [ 75 416]
 [ 73 416]
 [ 71 416]
 [ 69 416]
 [ 68 416]
 [ 67 416]
 [ 65 416]
 [ 64 416]]
Fuhrman 3, [[156 798]
 [153 798]
 [151 797]
 [149 796]
 [147 795]
 [144 795]
 [142 795]
 [140 797]
 [138 799]
 [137 802]
 [136 805]
 [135 808]
 [135 811]
 [135 813]
 [136 816]
 [137 818]
 [138 820]
 [139 821]
 [140 822]
 [140 824]
 [141 826]
 [142 827]
 [143 829]
 [145 830]
 [147 831]
 [148 832]
 [150 833]
 [152 834]
 [154 835]
 [156 836]
 [158 837]
 [161 837]
 [164 837]
 [167 837]
 [168 837]
 [168 836]
 [170 836]
 [172 834]
 [173 833]
 [174 832]
 [175 830]
 [176 828]
 [177 825]
 [176 823]
 [176 820]
 [175 818]
 [174 816]
 [172 813]
 [171 811]
 [170 808]
 [169 807]
 [167 804]
 [166 803]
 [164 802]
 [163 801]
 [162 800]
 [161 799]
 [160 798]
 [158 798]
 [156 798]]
