Fuhrman 3, [[141  60]
 [139  61]
 [137  61]
 [136  64]
 [134  65]
 [131  70]
 [131  71]
 [130  73]
 [128  75]
 [127  77]
 [127  79]
 [127  82]
 [127  85]
 [128  87]
 [129  90]
 [130  91]
 [131  93]
 [132  95]
 [133  96]
 [134  98]
 [136  99]
 [138  99]
 [141  99]
 [142  98]
 [144  99]
 [146  99]
 [148  99]
 [150  98]
 [153  96]
 [156  94]
 [158  92]
 [160  89]
 [161  87]
 [162  84]
 [162  80]
 [162  76]
 [162  74]
 [161  71]
 [160  69]
 [158  66]
 [156  64]
 [153  63]
 [151  61]
 [147  61]
 [144  60]
 [141  60]]
Fuhrman 3, [[  4 181]
 [  4 184]
 [  3 185]
 [  3 187]
 [  4 190]
 [  4 192]
 [  5 195]
 [  7 197]
 [  8 198]
 [ 10 199]
 [ 12 200]
 [ 14 201]
 [ 15 202]
 [ 19 202]
 [ 21 202]
 [ 23 202]
 [ 25 200]
 [ 28 200]
 [ 30 198]
 [ 33 195]
 [ 36 193]
 [ 37 191]
 [ 39 189]
 [ 40 187]
 [ 41 184]
 [ 40 182]
 [ 38 180]
 [ 37 178]
 [ 34 176]
 [ 32 174]
 [ 29 173]
 [ 26 172]
 [ 23 171]
 [ 20 171]
 [ 16 172]
 [ 12 173]
 [ 10 175]
 [  8 176]
 [  6 179]
 [  4 180]
 [  4 181]]
Fuhrman 3, [[551 442]
 [548 442]
 [545 444]
 [543 444]
 [541 445]
 [539 446]
 [539 450]
 [539 453]
 [539 457]
 [540 459]
 [542 461]
 [544 462]
 [547 463]
 [551 465]
 [554 466]
 [558 467]
 [561 466]
 [564 465]
 [566 467]
 [568 467]
 [572 468]
 [576 467]
 [578 466]
 [580 464]
 [581 463]
 [582 460]
 [582 458]
 [581 456]
 [580 454]
 [578 453]
 [578 451]
 [576 448]
 [573 446]
 [570 444]
 [567 442]
 [564 442]
 [560 441]
 [556 441]
 [553 442]
 [551 442]]
Fuhrman 3, [[703 782]
 [702 778]
 [700 775]
 [700 772]
 [699 770]
 [697 767]
 [694 763]
 [691 760]
 [688 758]
 [685 755]
 [681 755]
 [677 755]
 [676 754]
 [673 753]
 [670 753]
 [667 753]
 [665 754]
 [665 757]
 [665 760]
 [665 763]
 [666 766]
 [668 769]
 [670 772]
 [670 774]
 [670 778]
 [671 781]
 [672 785]
 [673 788]
 [675 792]
 [678 795]
 [680 799]
 [682 801]
 [684 804]
 [687 805]
 [690 807]
 [693 807]
 [696 806]
 [699 804]
 [703 802]
 [704 798]
 [705 794]
 [705 789]
 [703 785]
 [703 782]]
Fuhrman 3, [[581 662]
 [579 657]
 [576 654]
 [572 650]
 [569 648]
 [566 646]
 [563 645]
 [560 644]
 [558 644]
 [556 644]
 [554 645]
 [552 647]
 [552 649]
 [551 652]
 [551 655]
 [551 658]
 [552 662]
 [554 666]
 [556 668]
 [558 671]
 [560 674]
 [562 676]
 [565 678]
 [568 680]
 [571 681]
 [575 682]
 [579 682]
 [581 681]
 [583 680]
 [585 677]
 [586 675]
 [586 673]
 [585 670]
 [584 667]
 [584 665]
 [582 664]
 [581 662]]
Fuhrman 3, [[1146  720]
 [1141  722]
 [1137  725]
 [1135  727]
 [1134  729]
 [1132  731]
 [1132  733]
 [1132  735]
 [1132  737]
 [1134  740]
 [1136  742]
 [1139  744]
 [1142  746]
 [1146  747]
 [1149  748]
 [1153  749]
 [1157  750]
 [1161  751]
 [1167  751]
 [1171  750]
 [1177  748]
 [1180  747]
 [1183  745]
 [1185  742]
 [1186  740]
 [1187  737]
 [1187  735]
 [1186  732]
 [1185  729]
 [1182  726]
 [1178  724]
 [1174  722]
 [1170  720]
 [1167  719]
 [1163  718]
 [1159  718]
 [1155  719]
 [1152  719]
 [1149  719]
 [1147  720]
 [1145  720]]
Fuhrman 3, [[1047  823]
 [1049  822]
 [1052  820]
 [1054  817]
 [1055  815]
 [1056  813]
 [1056  810]
 [1055  808]
 [1055  806]
 [1053  804]
 [1051  803]
 [1048  802]
 [1045  801]
 [1043  800]
 [1041  800]
 [1039  800]
 [1037  801]
 [1035  802]
 [1033  803]
 [1031  805]
 [1029  807]
 [1028  808]
 [1026  810]
 [1025  812]
 [1024  813]
 [1022  814]
 [1021  816]
 [1021  817]
 [1021  819]
 [1021  821]
 [1021  823]
 [1022  824]
 [1024  826]
 [1026  827]
 [1027  828]
 [1028  830]
 [1030  831]
 [1033  832]
 [1036  832]
 [1038  832]
 [1040  831]
 [1042  829]
 [1043  827]
 [1043  825]
 [1044  824]
 [1046  823]
 [1047  823]]
Fuhrman 3, [[1580  434]
 [1582  431]
 [1583  427]
 [1583  424]
 [1584  422]
 [1586  420]
 [1587  417]
 [1588  413]
 [1587  408]
 [1584  405]
 [1582  402]
 [1576  401]
 [1571  401]
 [1565  401]
 [1561  403]
 [1557  404]
 [1554  406]
 [1552  409]
 [1551  412]
 [1548  417]
 [1547  421]
 [1544  422]
 [1542  425]
 [1539  430]
 [1538  434]
 [1537  439]
 [1537  444]
 [1538  448]
 [1539  451]
 [1541  454]
 [1543  456]
 [1547  458]
 [1551  461]
 [1554  463]
 [1558  463]
 [1562  463]
 [1563  461]
 [1566  458]
 [1568  457]
 [1571  454]
 [1573  450]
 [1575  446]
 [1577  441]
 [1578  438]
 [1579  436]
 [1580  434]]
Fuhrman 3, [[1510  577]
 [1511  576]
 [1513  575]
 [1515  572]
 [1516  569]
 [1516  567]
 [1515  564]
 [1513  561]
 [1513  559]
 [1512  557]
 [1508  554]
 [1503  552]
 [1499  551]
 [1495  550]
 [1491  549]
 [1489  548]
 [1487  546]
 [1485  546]
 [1482  547]
 [1479  548]
 [1476  550]
 [1473  553]
 [1472  555]
 [1470  559]
 [1470  562]
 [1470  565]
 [1472  569]
 [1473  572]
 [1474  575]
 [1475  576]
 [1477  578]
 [1479  581]
 [1480  583]
 [1482  587]
 [1483  590]
 [1484  593]
 [1485  595]
 [1487  597]
 [1490  597]
 [1492  597]
 [1496  597]
 [1499  594]
 [1501  592]
 [1504  590]
 [1506  587]
 [1507  584]
 [1508  581]
 [1509  577]
 [1510  577]]
Fuhrman 3, [[1491   68]
 [1491   58]
 [1489   53]
 [1487   50]
 [1485   47]
 [1483   45]
 [1480   43]
 [1477   42]
 [1475   42]
 [1472   43]
 [1469   45]
 [1465   49]
 [1463   52]
 [1462   53]
 [1461   54]
 [1460   56]
 [1460   59]
 [1460   61]
 [1460   63]
 [1461   64]
 [1461   67]
 [1461   70]
 [1462   73]
 [1464   77]
 [1465   79]
 [1467   81]
 [1469   82]
 [1471   83]
 [1472   84]
 [1475   85]
 [1477   86]
 [1480   85]
 [1484   84]
 [1486   82]
 [1488   80]
 [1489   79]
 [1491   76]
 [1491   72]
 [1492   69]
 [1491   67]]
Fuhrman 3, [[1600  765]
 [1603  764]
 [1605  763]
 [1607  761]
 [1608  761]
 [1609  759]
 [1610  757]
 [1610  755]
 [1609  753]
 [1607  750]
 [1605  748]
 [1603  746]
 [1601  744]
 [1599  742]
 [1598  740]
 [1596  739]
 [1595  738]
 [1593  737]
 [1591  736]
 [1588  734]
 [1585  733]
 [1581  732]
 [1578  732]
 [1575  733]
 [1572  734]
 [1569  736]
 [1568  738]
 [1566  740]
 [1565  742]
 [1564  745]
 [1564  748]
 [1565  751]
 [1567  754]
 [1569  756]
 [1572  759]
 [1575  760]
 [1579  762]
 [1583  763]
 [1586  764]
 [1591  764]
 [1594  765]
 [1597  765]
 [1600  765]]
Fuhrman 3, [[965 513]
 [967 513]
 [970 512]
 [974 512]
 [977 510]
 [979 509]
 [980 509]
 [982 509]
 [984 508]
 [985 506]
 [986 505]
 [986 504]
 [986 502]
 [985 500]
 [984 499]
 [982 498]
 [980 496]
 [978 495]
 [976 494]
 [973 494]
 [970 493]
 [968 492]
 [965 492]
 [960 492]
 [959 493]
 [956 493]
 [952 493]
 [949 493]
 [945 495]
 [943 496]
 [942 498]
 [941 500]
 [941 502]
 [941 504]
 [943 506]
 [945 508]
 [948 510]
 [950 511]
 [952 513]
 [955 513]
 [958 514]
 [961 514]
 [963 514]
 [965 513]]
Fuhrman 3, [[1824 1059]
 [1824 1057]
 [1824 1054]
 [1824 1051]
 [1824 1048]
 [1823 1044]
 [1821 1041]
 [1820 1038]
 [1818 1036]
 [1816 1035]
 [1813 1034]
 [1810 1033]
 [1807 1034]
 [1805 1035]
 [1802 1036]
 [1800 1038]
 [1799 1041]
 [1798 1044]
 [1797 1046]
 [1796 1048]
 [1796 1051]
 [1796 1053]
 [1796 1056]
 [1796 1059]
 [1796 1061]
 [1796 1063]
 [1796 1066]
 [1797 1067]
 [1798 1069]
 [1800 1071]
 [1802 1072]
 [1804 1073]
 [1807 1075]
 [1809 1075]
 [1813 1075]
 [1816 1075]
 [1819 1073]
 [1820 1071]
 [1822 1068]
 [1823 1065]
 [1823 1062]
 [1824 1059]]
Fuhrman 3, [[295 187]
 [297 186]
 [299 185]
 [302 183]
 [305 182]
 [307 181]
 [309 180]
 [311 178]
 [311 176]
 [311 173]
 [311 171]
 [310 169]
 [308 168]
 [306 168]
 [305 169]
 [304 168]
 [302 167]
 [299 166]
 [297 165]
 [296 163]
 [294 161]
 [292 160]
 [289 159]
 [286 159]
 [282 160]
 [279 161]
 [276 163]
 [274 167]
 [270 174]
 [269 176]
 [268 178]
 [268 181]
 [269 184]
 [270 187]
 [273 190]
 [275 191]
 [277 192]
 [280 192]
 [285 192]
 [288 191]
 [290 190]
 [293 188]
 [295 187]]
Fuhrman 3, [[414 123]
 [411 125]
 [410 128]
 [409 130]
 [410 133]
 [411 137]
 [412 140]
 [414 143]
 [415 145]
 [416 147]
 [417 149]
 [417 150]
 [418 151]
 [420 151]
 [423 151]
 [427 151]
 [431 151]
 [434 151]
 [436 149]
 [438 148]
 [440 146]
 [443 145]
 [444 143]
 [444 141]
 [445 138]
 [446 135]
 [445 132]
 [444 129]
 [442 127]
 [441 126]
 [440 123]
 [439 121]
 [436 119]
 [434 118]
 [431 117]
 [427 116]
 [423 117]
 [421 119]
 [417 120]
 [415 122]
 [414 123]]
Fuhrman 3, [[1052  332]
 [1052  327]
 [1051  322]
 [1049  318]
 [1047  317]
 [1045  315]
 [1041  313]
 [1038  314]
 [1035  315]
 [1033  318]
 [1031  322]
 [1030  330]
 [1029  332]
 [1029  336]
 [1029  340]
 [1029  343]
 [1029  345]
 [1030  348]
 [1032  351]
 [1033  355]
 [1036  358]
 [1038  360]
 [1039  361]
 [1041  363]
 [1043  365]
 [1046  366]
 [1049  367]
 [1052  367]
 [1054  365]
 [1057  362]
 [1059  360]
 [1060  355]
 [1061  351]
 [1061  348]
 [1061  345]
 [1059  343]
 [1057  341]
 [1055  339]
 [1053  335]
 [1052  331]]
Fuhrman 3, [[1003  955]
 [1002  957]
 [1002  960]
 [1002  963]
 [1002  967]
 [1003  969]
 [1005  971]
 [1006  972]
 [1008  974]
 [1008  977]
 [1010  979]
 [1011  980]
 [1013  981]
 [1016  981]
 [1017  982]
 [1018  982]
 [1020  981]
 [1023  981]
 [1025  980]
 [1028  978]
 [1030  975]
 [1031  972]
 [1031  968]
 [1030  962]
 [1030  958]
 [1028  954]
 [1026  951]
 [1023  949]
 [1021  948]
 [1017  947]
 [1014  946]
 [1011  947]
 [1008  948]
 [1006  950]
 [1004  953]
 [1003  955]]
Fuhrman 3, [[391 935]
 [391 931]
 [391 928]
 [391 925]
 [391 923]
 [392 920]
 [391 918]
 [390 915]
 [386 913]
 [383 912]
 [378 910]
 [373 909]
 [369 909]
 [365 909]
 [361 909]
 [358 910]
 [356 911]
 [354 912]
 [353 915]
 [353 917]
 [353 919]
 [354 920]
 [355 920]
 [357 920]
 [359 921]
 [360 921]
 [363 923]
 [364 924]
 [366 926]
 [368 929]
 [369 932]
 [370 934]
 [371 936]
 [374 938]
 [376 939]
 [379 941]
 [381 942]
 [383 943]
 [385 944]
 [387 944]
 [389 944]
 [390 942]
 [391 941]
 [391 938]
 [391 935]]
Fuhrman 3, [[808 728]
 [811 729]
 [813 729]
 [816 729]
 [819 728]
 [821 727]
 [823 725]
 [823 723]
 [824 720]
 [823 717]
 [822 714]
 [821 712]
 [818 710]
 [816 707]
 [813 705]
 [809 703]
 [806 701]
 [802 701]
 [799 701]
 [795 701]
 [792 703]
 [789 704]
 [786 706]
 [786 707]
 [784 709]
 [783 711]
 [783 713]
 [784 716]
 [784 718]
 [786 720]
 [787 722]
 [788 724]
 [790 725]
 [792 727]
 [794 728]
 [796 729]
 [799 729]
 [801 729]
 [803 728]
 [805 728]
 [808 728]]
Fuhrman 3, [[872 678]
 [869 680]
 [867 683]
 [864 684]
 [862 685]
 [860 686]
 [858 689]
 [857 691]
 [857 694]
 [857 697]
 [857 702]
 [857 704]
 [859 708]
 [861 709]
 [864 711]
 [866 712]
 [871 711]
 [876 710]
 [880 709]
 [884 708]
 [887 707]
 [889 705]
 [889 703]
 [891 702]
 [892 700]
 [892 698]
 [892 696]
 [892 694]
 [894 691]
 [895 689]
 [895 687]
 [894 684]
 [892 682]
 [891 681]
 [889 679]
 [886 678]
 [881 678]
 [877 678]
 [874 678]
 [872 678]]
