Fuhrman 3, [[112 166]
 [110 163]
 [107 161]
 [104 160]
 [103 160]
 [101 159]
 [100 159]
 [ 98 159]
 [ 97 160]
 [ 96 162]
 [ 96 164]
 [ 95 165]
 [ 92 167]
 [ 91 170]
 [ 89 172]
 [ 87 174]
 [ 86 174]
 [ 84 174]
 [ 83 176]
 [ 83 177]
 [ 82 180]
 [ 82 183]
 [ 82 187]
 [ 83 189]
 [ 84 191]
 [ 86 192]
 [ 87 193]
 [ 88 194]
 [ 90 195]
 [ 93 195]
 [ 95 195]
 [ 98 195]
 [101 195]
 [102 195]
 [104 194]
 [105 192]
 [105 191]
 [107 189]
 [111 188]
 [114 187]
 [116 185]
 [118 184]
 [119 182]
 [121 181]
 [121 179]
 [120 176]
 [119 174]
 [119 172]
 [118 170]
 [116 169]
 [115 168]
 [113 167]
 [112 166]]
Fuhrman 3, [[223 193]
 [222 194]
 [220 194]
 [219 195]
 [219 198]
 [219 201]
 [219 204]
 [219 207]
 [220 210]
 [222 212]
 [223 213]
 [225 214]
 [227 214]
 [229 214]
 [231 213]
 [232 213]
 [234 214]
 [236 215]
 [237 217]
 [238 218]
 [240 220]
 [241 221]
 [244 222]
 [246 222]
 [247 221]
 [249 220]
 [251 219]
 [253 218]
 [254 217]
 [255 216]
 [256 214]
 [257 213]
 [257 211]
 [257 210]
 [258 208]
 [258 206]
 [256 203]
 [254 201]
 [252 198]
 [249 196]
 [246 195]
 [244 193]
 [237 189]
 [235 189]
 [233 190]
 [232 189]
 [230 189]
 [228 189]
 [227 189]
 [226 190]
 [225 191]
 [225 192]
 [223 193]]
Fuhrman 3, [[321 168]
 [320 170]
 [319 172]
 [319 175]
 [319 177]
 [321 181]
 [323 184]
 [326 186]
 [328 188]
 [329 189]
 [331 190]
 [333 190]
 [335 190]
 [339 189]
 [341 188]
 [345 187]
 [347 187]
 [349 187]
 [350 186]
 [352 185]
 [354 184]
 [356 183]
 [359 182]
 [360 181]
 [360 180]
 [360 177]
 [359 175]
 [357 172]
 [355 170]
 [352 168]
 [349 165]
 [346 164]
 [342 162]
 [338 162]
 [335 162]
 [332 162]
 [329 162]
 [326 163]
 [323 165]
 [321 167]
 [321 168]]
Fuhrman 3, [[284 928]
 [281 928]
 [280 928]
 [278 929]
 [277 932]
 [276 934]
 [276 938]
 [275 942]
 [276 945]
 [276 947]
 [278 949]
 [279 952]
 [281 953]
 [283 955]
 [284 956]
 [286 957]
 [287 958]
 [288 959]
 [289 959]
 [292 960]
 [294 960]
 [297 960]
 [300 960]
 [302 960]
 [305 959]
 [307 957]
 [309 955]
 [310 952]
 [311 950]
 [310 948]
 [310 947]
 [311 945]
 [312 944]
 [312 943]
 [311 941]
 [311 940]
 [309 939]
 [309 938]
 [308 937]
 [308 935]
 [307 933]
 [306 932]
 [305 930]
 [302 929]
 [300 928]
 [298 927]
 [296 927]
 [293 927]
 [291 927]
 [289 927]
 [289 928]
 [288 928]
 [286 929]
 [284 928]]
Fuhrman 3, [[465 865]
 [465 867]
 [466 869]
 [467 871]
 [468 872]
 [470 873]
 [472 874]
 [472 874]
 [474 875]
 [476 875]
 [478 874]
 [480 874]
 [482 872]
 [485 871]
 [487 869]
 [488 867]
 [489 866]
 [490 864]
 [490 862]
 [490 859]
 [490 856]
 [490 853]
 [490 851]
 [489 850]
 [488 848]
 [487 845]
 [486 844]
 [485 843]
 [484 842]
 [483 840]
 [483 838]
 [483 836]
 [482 834]
 [481 833]
 [480 832]
 [478 833]
 [476 833]
 [474 834]
 [473 835]
 [472 838]
 [471 839]
 [471 842]
 [470 845]
 [470 847]
 [469 849]
 [469 849]
 [468 850]
 [467 852]
 [467 854]
 [466 857]
 [466 860]
 [465 862]
 [465 865]]
Fuhrman 3, [[770 812]
 [769 811]
 [767 811]
 [765 811]
 [762 812]
 [760 812]
 [757 813]
 [755 815]
 [753 816]
 [752 817]
 [751 819]
 [750 821]
 [750 823]
 [750 826]
 [751 828]
 [752 830]
 [754 831]
 [756 833]
 [758 834]
 [760 835]
 [762 836]
 [765 836]
 [768 837]
 [771 836]
 [774 836]
 [776 836]
 [778 836]
 [782 835]
 [784 834]
 [787 831]
 [789 830]
 [790 827]
 [791 825]
 [790 823]
 [790 821]
 [789 820]
 [788 818]
 [787 816]
 [784 814]
 [783 813]
 [781 813]
 [778 812]
 [775 812]
 [774 813]
 [772 813]
 [771 812]
 [770 812]]
Fuhrman 3, [[603 769]
 [601 769]
 [599 770]
 [598 771]
 [597 772]
 [595 775]
 [594 777]
 [592 779]
 [591 781]
 [590 783]
 [590 786]
 [590 788]
 [590 791]
 [591 793]
 [593 794]
 [594 796]
 [595 797]
 [596 798]
 [597 798]
 [598 799]
 [600 799]
 [601 799]
 [603 800]
 [605 800]
 [608 799]
 [611 799]
 [613 798]
 [614 797]
 [616 795]
 [616 794]
 [617 793]
 [618 791]
 [618 789]
 [618 787]
 [617 785]
 [617 784]
 [617 783]
 [618 782]
 [619 780]
 [620 778]
 [620 775]
 [619 773]
 [618 771]
 [616 770]
 [615 769]
 [613 768]
 [610 768]
 [607 768]
 [605 768]
 [603 769]]
Fuhrman 3, [[1614    5]
 [1611    5]
 [1609    6]
 [1608    7]
 [1606    9]
 [1605   11]
 [1604   12]
 [1603   12]
 [1602   13]
 [1601   16]
 [1601   23]
 [1601   27]
 [1601   32]
 [1601   34]
 [1601   36]
 [1603   37]
 [1603   38]
 [1604   39]
 [1605   40]
 [1606   41]
 [1608   41]
 [1609   41]
 [1610   40]
 [1610   39]
 [1611   38]
 [1612   36]
 [1613   35]
 [1615   34]
 [1616   34]
 [1617   35]
 [1619   35]
 [1621   36]
 [1623   36]
 [1625   35]
 [1627   34]
 [1628   32]
 [1629   31]
 [1630   30]
 [1632   29]
 [1633   28]
 [1633   26]
 [1633   24]
 [1633   21]
 [1633   19]
 [1633   17]
 [1632   15]
 [1631   12]
 [1630   10]
 [1628    8]
 [1627    7]
 [1624    5]
 [1623    5]
 [1620    5]
 [1618    5]
 [1617    5]
 [1615    5]
 [1614    5]]
Fuhrman 3, [[228 250]
 [227 251]
 [226 251]
 [225 251]
 [224 253]
 [224 253]
 [223 253]
 [221 253]
 [220 254]
 [219 256]
 [219 257]
 [219 259]
 [218 261]
 [217 263]
 [217 265]
 [217 267]
 [218 268]
 [219 270]
 [220 271]
 [222 273]
 [223 274]
 [225 275]
 [227 277]
 [229 278]
 [230 278]
 [232 279]
 [234 280]
 [235 281]
 [236 282]
 [237 282]
 [241 283]
 [243 283]
 [245 283]
 [245 284]
 [246 285]
 [246 286]
 [247 287]
 [249 288]
 [251 288]
 [253 289]
 [255 289]
 [257 288]
 [259 287]
 [260 286]
 [261 285]
 [262 284]
 [264 282]
 [265 280]
 [265 279]
 [265 277]
 [265 275]
 [264 273]
 [263 271]
 [262 269]
 [261 267]
 [260 265]
 [259 264]
 [258 263]
 [257 262]
 [257 261]
 [256 259]
 [254 258]
 [252 256]
 [250 255]
 [249 255]
 [248 254]
 [247 253]
 [245 253]
 [243 252]
 [241 252]
 [239 251]
 [238 251]
 [234 250]
 [232 250]
 [230 250]
 [228 250]]
Fuhrman 3, [[1282  676]
 [1281  677]
 [1279  679]
 [1279  681]
 [1278  683]
 [1277  686]
 [1277  688]
 [1278  691]
 [1278  692]
 [1279  695]
 [1279  696]
 [1280  698]
 [1281  699]
 [1282  701]
 [1284  702]
 [1286  703]
 [1287  704]
 [1289  705]
 [1291  705]
 [1293  705]
 [1295  705]
 [1298  705]
 [1301  705]
 [1302  705]
 [1304  704]
 [1306  702]
 [1308  701]
 [1309  699]
 [1310  697]
 [1310  695]
 [1310  692]
 [1310  689]
 [1310  687]
 [1309  684]
 [1309  683]
 [1308  681]
 [1306  680]
 [1304  679]
 [1302  677]
 [1300  676]
 [1299  676]
 [1297  675]
 [1296  674]
 [1295  674]
 [1292  673]
 [1290  673]
 [1288  673]
 [1286  674]
 [1284  675]
 [1282  676]]
Fuhrman 3, [[1342  631]
 [1340  632]
 [1339  632]
 [1338  632]
 [1337  633]
 [1336  635]
 [1336  637]
 [1336  642]
 [1337  646]
 [1339  649]
 [1341  652]
 [1342  654]
 [1343  655]
 [1346  658]
 [1348  660]
 [1350  662]
 [1351  662]
 [1353  663]
 [1354  664]
 [1356  664]
 [1358  664]
 [1361  663]
 [1363  662]
 [1366  661]
 [1367  659]
 [1369  657]
 [1370  655]
 [1370  653]
 [1371  652]
 [1371  651]
 [1371  649]
 [1370  648]
 [1369  647]
 [1369  646]
 [1369  644]
 [1368  643]
 [1367  641]
 [1366  640]
 [1365  639]
 [1364  638]
 [1362  637]
 [1361  636]
 [1360  634]
 [1358  633]
 [1356  631]
 [1354  630]
 [1352  630]
 [1350  629]
 [1347  629]
 [1345  629]
 [1343  630]
 [1342  631]]
Fuhrman 3, [[1366  597]
 [1364  598]
 [1363  599]
 [1363  601]
 [1363  604]
 [1362  608]
 [1362  611]
 [1362  614]
 [1363  617]
 [1363  619]
 [1364  621]
 [1364  624]
 [1364  627]
 [1365  631]
 [1366  634]
 [1367  636]
 [1369  638]
 [1371  639]
 [1373  641]
 [1375  641]
 [1377  642]
 [1380  642]
 [1383  642]
 [1385  641]
 [1387  640]
 [1388  638]
 [1390  636]
 [1391  634]
 [1392  631]
 [1393  629]
 [1393  627]
 [1393  626]
 [1393  624]
 [1393  623]
 [1392  621]
 [1392  620]
 [1391  619]
 [1389  619]
 [1389  618]
 [1389  616]
 [1388  614]
 [1388  612]
 [1387  610]
 [1386  608]
 [1385  606]
 [1384  605]
 [1383  603]
 [1382  602]
 [1382  601]
 [1381  600]
 [1380  599]
 [1379  597]
 [1377  596]
 [1375  595]
 [1372  595]
 [1371  594]
 [1369  595]
 [1368  596]
 [1367  596]
 [1365  597]]
Fuhrman 3, [[1395  464]
 [1393  464]
 [1391  464]
 [1389  465]
 [1388  465]
 [1387  467]
 [1387  467]
 [1386  467]
 [1385  468]
 [1384  471]
 [1384  472]
 [1383  473]
 [1382  474]
 [1382  475]
 [1381  477]
 [1381  480]
 [1380  483]
 [1380  486]
 [1380  489]
 [1380  491]
 [1381  492]
 [1382  493]
 [1383  494]
 [1384  494]
 [1384  495]
 [1385  496]
 [1387  496]
 [1388  497]
 [1392  497]
 [1395  497]
 [1397  497]
 [1400  497]
 [1401  497]
 [1402  496]
 [1404  495]
 [1405  494]
 [1406  493]
 [1407  492]
 [1408  491]
 [1409  490]
 [1410  489]
 [1412  489]
 [1414  488]
 [1416  486]
 [1417  484]
 [1418  483]
 [1419  481]
 [1419  480]
 [1419  478]
 [1419  477]
 [1419  475]
 [1418  474]
 [1417  473]
 [1416  472]
 [1415  471]
 [1414  470]
 [1413  469]
 [1411  469]
 [1411  468]
 [1410  468]
 [1409  467]
 [1408  467]
 [1407  466]
 [1405  465]
 [1403  465]
 [1401  464]
 [1399  464]
 [1396  464]
 [1395  464]]
Fuhrman 3, [[906  77]
 [905  78]
 [903  81]
 [901  84]
 [900  88]
 [900  91]
 [900  95]
 [901 101]
 [902 104]
 [904 106]
 [907 109]
 [909 111]
 [912 113]
 [914 114]
 [915 114]
 [917 115]
 [920 115]
 [923 114]
 [925 114]
 [926 113]
 [928 111]
 [928 109]
 [929 105]
 [929 101]
 [929  97]
 [929  94]
 [929  91]
 [929  89]
 [928  87]
 [926  84]
 [924  81]
 [922  80]
 [921  79]
 [920  78]
 [918  76]
 [916  75]
 [914  75]
 [911  75]
 [909  76]
 [907  76]
 [906  77]]
Fuhrman 3, [[1045  275]
 [1043  275]
 [1042  276]
 [1042  278]
 [1041  281]
 [1041  284]
 [1041  287]
 [1041  289]
 [1041  291]
 [1042  292]
 [1042  293]
 [1043  294]
 [1043  296]
 [1043  298]
 [1044  299]
 [1045  301]
 [1045  303]
 [1046  304]
 [1047  305]
 [1047  306]
 [1048  307]
 [1049  307]
 [1050  308]
 [1051  310]
 [1053  310]
 [1054  312]
 [1057  313]
 [1059  313]
 [1061  314]
 [1064  313]
 [1066  313]
 [1069  313]
 [1071  312]
 [1072  310]
 [1074  308]
 [1074  306]
 [1075  304]
 [1075  301]
 [1076  298]
 [1076  296]
 [1075  294]
 [1074  292]
 [1073  291]
 [1072  289]
 [1071  288]
 [1070  286]
 [1069  284]
 [1068  283]
 [1067  282]
 [1067  281]
 [1065  278]
 [1063  276]
 [1061  274]
 [1059  273]
 [1057  272]
 [1053  272]
 [1051  272]
 [1049  273]
 [1047  273]
 [1045  275]]
Fuhrman 3, [[1719  342]
 [1717  344]
 [1715  346]
 [1713  348]
 [1711  351]
 [1709  352]
 [1707  353]
 [1706  355]
 [1706  358]
 [1705  360]
 [1704  363]
 [1704  367]
 [1703  369]
 [1703  371]
 [1704  373]
 [1704  375]
 [1706  377]
 [1706  379]
 [1708  381]
 [1709  382]
 [1711  382]
 [1714  382]
 [1717  382]
 [1719  382]
 [1721  381]
 [1723  380]
 [1726  378]
 [1727  376]
 [1728  375]
 [1730  374]
 [1731  373]
 [1733  372]
 [1733  370]
 [1733  368]
 [1733  367]
 [1733  366]
 [1734  365]
 [1735  363]
 [1735  361]
 [1736  359]
 [1735  357]
 [1736  356]
 [1737  354]
 [1737  352]
 [1736  350]
 [1736  347]
 [1735  344]
 [1733  342]
 [1732  341]
 [1729  340]
 [1728  339]
 [1726  339]
 [1724  340]
 [1721  341]
 [1719  342]]
Fuhrman 3, [[1621  358]
 [1618  358]
 [1616  359]
 [1615  360]
 [1613  362]
 [1611  364]
 [1609  366]
 [1608  367]
 [1606  370]
 [1604  372]
 [1603  374]
 [1603  377]
 [1603  379]
 [1604  381]
 [1605  383]
 [1607  384]
 [1608  385]
 [1608  386]
 [1609  386]
 [1611  386]
 [1613  386]
 [1615  386]
 [1616  386]
 [1618  386]
 [1620  386]
 [1622  386]
 [1624  387]
 [1626  387]
 [1629  387]
 [1631  386]
 [1633  384]
 [1635  382]
 [1636  381]
 [1637  380]
 [1639  379]
 [1640  377]
 [1642  374]
 [1643  372]
 [1643  370]
 [1644  368]
 [1644  366]
 [1643  364]
 [1641  362]
 [1640  361]
 [1639  360]
 [1636  359]
 [1633  358]
 [1631  358]
 [1629  358]
 [1625  358]
 [1623  358]
 [1621  358]]
Fuhrman 3, [[1700 1018]
 [1698 1019]
 [1696 1021]
 [1694 1022]
 [1693 1024]
 [1692 1025]
 [1691 1027]
 [1691 1030]
 [1691 1032]
 [1691 1035]
 [1692 1037]
 [1692 1038]
 [1693 1039]
 [1694 1040]
 [1696 1041]
 [1697 1043]
 [1698 1044]
 [1699 1046]
 [1700 1047]
 [1701 1048]
 [1701 1049]
 [1703 1050]
 [1704 1051]
 [1706 1052]
 [1708 1052]
 [1710 1053]
 [1712 1053]
 [1715 1052]
 [1717 1052]
 [1719 1051]
 [1720 1051]
 [1722 1050]
 [1723 1049]
 [1724 1048]
 [1725 1046]
 [1726 1044]
 [1727 1042]
 [1728 1039]
 [1728 1037]
 [1728 1034]
 [1728 1032]
 [1727 1030]
 [1726 1028]
 [1725 1026]
 [1724 1024]
 [1723 1022]
 [1720 1020]
 [1717 1018]
 [1715 1017]
 [1711 1016]
 [1709 1016]
 [1706 1016]
 [1704 1017]
 [1702 1017]
 [1700 1018]]
Fuhrman 3, [[ 978   95]
 [ 976   96]
 [ 974   97]
 [ 974   97]
 [ 973   99]
 [ 972  100]
 [ 971  102]
 [ 971  104]
 [ 971  108]
 [ 971  110]
 [ 972  112]
 [ 973  114]
 [ 974  117]
 [ 977  120]
 [ 980  123]
 [ 982  125]
 [ 984  127]
 [ 986  129]
 [ 988  130]
 [ 990  131]
 [ 992  131]
 [ 993  132]
 [ 994  132]
 [ 997  133]
 [1000  133]
 [1003  132]
 [1006  131]
 [1008  130]
 [1009  129]
 [1010  127]
 [1012  125]
 [1012  123]
 [1012  122]
 [1013  121]
 [1014  118]
 [1014  116]
 [1013  113]
 [1012  110]
 [1012  108]
 [1011  106]
 [1010  104]
 [1009  102]
 [1008  100]
 [1006   99]
 [1004   98]
 [1003   97]
 [1001   97]
 [1000   97]
 [ 998   96]
 [ 996   95]
 [ 994   94]
 [ 991   93]
 [ 989   93]
 [ 985   93]
 [ 983   94]
 [ 980   95]
 [ 979   95]
 [ 978   95]]
Fuhrman 3, [[ 298 1061]
 [ 297 1062]
 [ 296 1064]
 [ 296 1065]
 [ 295 1066]
 [ 295 1068]
 [ 295 1071]
 [ 296 1074]
 [ 298 1077]
 [ 299 1078]
 [ 301 1079]
 [ 303 1079]
 [ 305 1079]
 [ 306 1078]
 [ 307 1078]
 [ 308 1077]
 [ 309 1076]
 [ 311 1076]
 [ 313 1076]
 [ 316 1076]
 [ 317 1077]
 [ 318 1077]
 [ 320 1078]
 [ 321 1079]
 [ 322 1079]
 [ 324 1079]
 [ 326 1078]
 [ 328 1078]
 [ 329 1077]
 [ 330 1075]
 [ 331 1073]
 [ 331 1071]
 [ 331 1069]
 [ 330 1068]
 [ 330 1067]
 [ 330 1065]
 [ 330 1063]
 [ 330 1061]
 [ 329 1059]
 [ 328 1058]
 [ 327 1057]
 [ 326 1056]
 [ 325 1055]
 [ 325 1054]
 [ 323 1053]
 [ 322 1053]
 [ 321 1052]
 [ 320 1052]
 [ 317 1051]
 [ 315 1052]
 [ 312 1052]
 [ 309 1053]
 [ 308 1053]
 [ 306 1054]
 [ 305 1055]
 [ 303 1057]
 [ 301 1059]
 [ 299 1060]
 [ 298 1061]]
