Fuhrman 3, [[ 88  61]
 [ 87  63]
 [ 86  64]
 [ 85  67]
 [ 85  69]
 [ 86  72]
 [ 88  75]
 [ 90  77]
 [ 93  79]
 [ 95  81]
 [ 99  83]
 [102  85]
 [105  87]
 [109  89]
 [113  91]
 [115  91]
 [118  91]
 [121  91]
 [123  91]
 [125  90]
 [127  89]
 [128  87]
 [129  85]
 [130  83]
 [130  80]
 [129  74]
 [127  70]
 [126  67]
 [125  64]
 [124  62]
 [121  58]
 [121  56]
 [119  54]
 [115  53]
 [112  53]
 [107  53]
 [105  53]
 [102  53]
 [101  54]
 [101  55]
 [101  55]
 [100  56]
 [ 99  56]
 [ 97  56]
 [ 96  57]
 [ 93  58]
 [ 91  60]
 [ 89  61]
 [ 88  62]]
Fuhrman 3, [[231  78]
 [230  81]
 [229  85]
 [229  88]
 [230  91]
 [231  95]
 [233  98]
 [236 100]
 [238 101]
 [241 103]
 [243 104]
 [244 104]
 [247 104]
 [250 103]
 [252 102]
 [254 101]
 [256  99]
 [258  96]
 [259  94]
 [260  92]
 [260  90]
 [259  89]
 [259  87]
 [259  85]
 [258  83]
 [257  80]
 [257  79]
 [255  76]
 [253  72]
 [252  71]
 [249  69]
 [246  68]
 [244  69]
 [241  69]
 [238  71]
 [235  73]
 [233  75]
 [232  76]
 [231  78]]
Fuhrman 3, [[157 279]
 [152 280]
 [148 280]
 [145 281]
 [142 282]
 [140 285]
 [139 287]
 [139 290]
 [138 293]
 [139 296]
 [139 297]
 [141 298]
 [143 300]
 [144 302]
 [145 304]
 [148 306]
 [151 306]
 [156 306]
 [160 306]
 [165 306]
 [168 305]
 [172 304]
 [174 304]
 [178 305]
 [182 305]
 [185 305]
 [188 304]
 [189 303]
 [191 301]
 [192 298]
 [193 295]
 [194 293]
 [195 290]
 [195 288]
 [194 285]
 [193 282]
 [192 280]
 [188 278]
 [184 277]
 [181 276]
 [179 277]
 [176 277]
 [174 278]
 [172 277]
 [171 276]
 [169 276]
 [167 277]
 [165 277]
 [162 278]
 [160 278]
 [157 279]]
Fuhrman 3, [[153 396]
 [151 398]
 [150 399]
 [149 400]
 [148 402]
 [147 403]
 [147 405]
 [147 407]
 [147 409]
 [148 412]
 [150 413]
 [153 415]
 [156 416]
 [158 417]
 [161 417]
 [169 416]
 [171 416]
 [174 415]
 [176 414]
 [178 413]
 [181 410]
 [183 409]
 [184 407]
 [185 405]
 [186 403]
 [186 402]
 [186 400]
 [186 396]
 [186 394]
 [185 393]
 [183 391]
 [181 390]
 [180 389]
 [178 388]
 [175 387]
 [173 387]
 [170 387]
 [168 387]
 [166 388]
 [165 388]
 [163 390]
 [163 390]
 [161 390]
 [160 392]
 [158 393]
 [156 395]
 [154 396]
 [153 397]]
Fuhrman 3, [[907 461]
 [906 463]
 [905 465]
 [904 465]
 [903 466]
 [902 466]
 [901 466]
 [901 467]
 [901 468]
 [901 469]
 [900 470]
 [900 471]
 [898 471]
 [897 471]
 [896 471]
 [895 472]
 [895 474]
 [895 475]
 [895 476]
 [896 478]
 [898 479]
 [900 480]
 [901 481]
 [902 482]
 [903 482]
 [904 484]
 [905 485]
 [906 486]
 [907 486]
 [910 486]
 [911 486]
 [913 485]
 [916 484]
 [918 484]
 [919 483]
 [920 482]
 [923 478]
 [925 478]
 [926 477]
 [928 477]
 [930 476]
 [931 475]
 [932 474]
 [934 473]
 [935 471]
 [936 470]
 [936 468]
 [937 466]
 [936 464]
 [936 462]
 [935 461]
 [934 459]
 [933 458]
 [932 457]
 [930 456]
 [928 456]
 [926 455]
 [923 455]
 [920 455]
 [918 455]
 [917 455]
 [916 455]
 [915 456]
 [914 456]
 [913 456]
 [912 456]
 [911 456]
 [910 456]
 [909 457]
 [908 458]
 [908 459]
 [907 460]
 [907 461]]
Fuhrman 3, [[1047  461]
 [1044  463]
 [1043  466]
 [1042  467]
 [1041  470]
 [1041  473]
 [1041  476]
 [1041  479]
 [1043  481]
 [1045  483]
 [1049  485]
 [1050  486]
 [1053  486]
 [1059  486]
 [1062  486]
 [1067  486]
 [1072  486]
 [1074  486]
 [1077  485]
 [1079  483]
 [1080  481]
 [1082  479]
 [1084  477]
 [1085  475]
 [1086  472]
 [1086  471]
 [1086  469]
 [1086  467]
 [1086  466]
 [1085  464]
 [1083  463]
 [1082  462]
 [1081  461]
 [1081  459]
 [1080  458]
 [1080  457]
 [1078  456]
 [1077  455]
 [1075  455]
 [1073  456]
 [1071  456]
 [1067  456]
 [1065  456]
 [1062  456]
 [1059  456]
 [1055  457]
 [1051  459]
 [1049  460]
 [1048  460]
 [1047  461]]
Fuhrman 3, [[222 960]
 [221 962]
 [221 964]
 [220 966]
 [220 967]
 [219 969]
 [217 971]
 [216 972]
 [215 973]
 [214 973]
 [213 973]
 [212 971]
 [211 971]
 [210 971]
 [208 973]
 [208 975]
 [207 976]
 [206 978]
 [206 979]
 [205 982]
 [205 984]
 [205 987]
 [207 989]
 [208 990]
 [210 991]
 [212 991]
 [215 991]
 [218 991]
 [221 991]
 [224 991]
 [225 990]
 [227 990]
 [229 989]
 [231 987]
 [233 984]
 [234 982]
 [235 979]
 [236 976]
 [237 973]
 [238 968]
 [238 965]
 [238 963]
 [237 962]
 [237 961]
 [237 959]
 [237 958]
 [236 957]
 [235 955]
 [235 954]
 [234 954]
 [233 954]
 [231 954]
 [230 954]
 [229 954]
 [227 954]
 [226 955]
 [225 956]
 [223 958]
 [223 958]
 [222 959]
 [222 960]]
Fuhrman 3, [[383 842]
 [380 843]
 [377 845]
 [376 847]
 [375 848]
 [374 849]
 [374 850]
 [373 852]
 [374 853]
 [374 854]
 [375 855]
 [376 856]
 [377 856]
 [377 858]
 [377 859]
 [378 860]
 [378 862]
 [380 863]
 [381 863]
 [381 863]
 [382 864]
 [382 865]
 [384 866]
 [385 867]
 [388 869]
 [389 870]
 [391 872]
 [392 872]
 [394 872]
 [397 872]
 [399 871]
 [402 870]
 [403 869]
 [405 867]
 [406 866]
 [407 865]
 [407 863]
 [407 861]
 [408 860]
 [408 858]
 [408 856]
 [407 854]
 [407 853]
 [407 851]
 [406 850]
 [405 849]
 [404 848]
 [402 848]
 [402 847]
 [401 847]
 [400 847]
 [399 846]
 [398 846]
 [398 846]
 [397 843]
 [397 843]
 [395 842]
 [394 841]
 [392 841]
 [390 841]
 [387 841]
 [385 842]
 [384 842]
 [383 842]]
Fuhrman 3, [[1106  662]
 [1105  663]
 [1105  664]
 [1105  666]
 [1106  669]
 [1107  671]
 [1108  673]
 [1111  675]
 [1113  677]
 [1115  678]
 [1117  679]
 [1118  679]
 [1119  680]
 [1121  680]
 [1124  680]
 [1125  680]
 [1127  680]
 [1128  680]
 [1129  680]
 [1131  681]
 [1132  681]
 [1133  681]
 [1135  681]
 [1136  680]
 [1139  679]
 [1141  677]
 [1143  675]
 [1144  674]
 [1145  672]
 [1145  669]
 [1145  667]
 [1144  665]
 [1143  663]
 [1140  661]
 [1138  659]
 [1136  658]
 [1133  656]
 [1130  655]
 [1129  655]
 [1128  654]
 [1126  654]
 [1124  654]
 [1122  653]
 [1121  654]
 [1120  655]
 [1116  655]
 [1114  655]
 [1111  656]
 [1109  658]
 [1108  659]
 [1107  660]
 [1106  662]]
Fuhrman 3, [[936 642]
 [935 644]
 [934 646]
 [935 648]
 [935 650]
 [936 651]
 [936 652]
 [936 653]
 [937 654]
 [938 655]
 [938 656]
 [939 656]
 [938 657]
 [938 659]
 [939 661]
 [940 663]
 [941 665]
 [942 666]
 [944 666]
 [947 666]
 [950 666]
 [952 666]
 [954 665]
 [956 664]
 [957 662]
 [958 660]
 [959 658]
 [959 656]
 [959 653]
 [959 651]
 [959 650]
 [959 648]
 [958 646]
 [957 645]
 [957 644]
 [957 644]
 [956 643]
 [955 643]
 [954 643]
 [953 643]
 [953 642]
 [952 641]
 [951 640]
 [950 640]
 [949 640]
 [947 640]
 [946 640]
 [945 640]
 [945 639]
 [945 638]
 [943 638]
 [942 638]
 [940 639]
 [938 640]
 [937 641]
 [936 642]]
Fuhrman 3, [[1036  736]
 [1034  734]
 [1032  733]
 [1031  732]
 [1030  731]
 [1027  731]
 [1026  732]
 [1023  732]
 [1022  733]
 [1021  735]
 [1021  736]
 [1017  736]
 [1014  736]
 [1010  737]
 [1007  738]
 [1005  740]
 [1003  741]
 [1001  741]
 [1000  743]
 [ 999  745]
 [ 998  748]
 [ 998  750]
 [ 998  752]
 [ 998  755]
 [ 999  757]
 [ 999  759]
 [1001  760]
 [1003  761]
 [1005  762]
 [1007  763]
 [1010  764]
 [1014  764]
 [1018  765]
 [1022  764]
 [1026  764]
 [1029  765]
 [1031  765]
 [1032  764]
 [1034  762]
 [1035  760]
 [1038  758]
 [1040  755]
 [1041  755]
 [1042  754]
 [1042  752]
 [1043  751]
 [1044  749]
 [1045  747]
 [1045  745]
 [1045  744]
 [1044  741]
 [1043  740]
 [1042  738]
 [1041  737]
 [1040  736]
 [1039  736]
 [1037  736]
 [1036  736]
 [1036  736]]
Fuhrman 3, [[1670  677]
 [1668  676]
 [1666  674]
 [1664  674]
 [1663  672]
 [1660  671]
 [1658  671]
 [1652  671]
 [1650  671]
 [1648  672]
 [1647  673]
 [1645  675]
 [1644  676]
 [1644  678]
 [1644  680]
 [1644  683]
 [1644  685]
 [1645  688]
 [1646  690]
 [1648  692]
 [1651  695]
 [1653  696]
 [1655  697]
 [1657  698]
 [1660  699]
 [1662  701]
 [1664  702]
 [1667  703]
 [1669  704]
 [1672  704]
 [1675  705]
 [1678  705]
 [1680  705]
 [1683  706]
 [1685  705]
 [1687  705]
 [1689  704]
 [1690  703]
 [1690  702]
 [1689  699]
 [1689  697]
 [1689  695]
 [1689  694]
 [1687  692]
 [1686  691]
 [1686  691]
 [1686  689]
 [1685  688]
 [1684  686]
 [1682  684]
 [1680  682]
 [1678  681]
 [1676  679]
 [1674  678]
 [1673  677]
 [1671  677]
 [1670  676]]
Fuhrman 3, [[1830  704]
 [1830  708]
 [1830  711]
 [1830  715]
 [1831  718]
 [1832  719]
 [1833  719]
 [1833  719]
 [1834  720]
 [1834  721]
 [1835  723]
 [1836  724]
 [1838  725]
 [1841  726]
 [1842  727]
 [1845  728]
 [1848  728]
 [1851  728]
 [1854  728]
 [1857  728]
 [1859  727]
 [1861  726]
 [1862  725]
 [1864  723]
 [1865  721]
 [1865  717]
 [1865  714]
 [1865  711]
 [1865  709]
 [1864  707]
 [1863  704]
 [1862  702]
 [1860  700]
 [1858  698]
 [1857  698]
 [1857  697]
 [1856  696]
 [1855  695]
 [1852  694]
 [1848  693]
 [1845  693]
 [1843  693]
 [1839  693]
 [1837  695]
 [1835  695]
 [1833  697]
 [1832  699]
 [1832  700]
 [1831  701]
 [1831  703]
 [1831  703]
 [1830  704]]
Fuhrman 3, [[1522  595]
 [1525  595]
 [1527  594]
 [1530  593]
 [1532  592]
 [1533  590]
 [1534  589]
 [1534  586]
 [1534  584]
 [1533  581]
 [1533  579]
 [1532  577]
 [1531  576]
 [1529  574]
 [1525  570]
 [1522  569]
 [1519  568]
 [1516  568]
 [1509  568]
 [1506  568]
 [1503  568]
 [1500  568]
 [1497  569]
 [1496  569]
 [1495  570]
 [1495  572]
 [1495  573]
 [1495  575]
 [1496  577]
 [1498  579]
 [1499  581]
 [1500  582]
 [1501  583]
 [1502  583]
 [1503  584]
 [1504  584]
 [1504  585]
 [1504  587]
 [1505  589]
 [1507  590]
 [1509  592]
 [1511  593]
 [1513  594]
 [1516  595]
 [1518  595]
 [1520  595]
 [1522  595]]
Fuhrman 3, [[1724  908]
 [1723  908]
 [1720  909]
 [1720  911]
 [1719  912]
 [1718  913]
 [1717  915]
 [1716  916]
 [1715  918]
 [1715  920]
 [1716  921]
 [1716  923]
 [1717  925]
 [1718  927]
 [1719  928]
 [1721  929]
 [1723  931]
 [1725  932]
 [1727  933]
 [1728  935]
 [1729  935]
 [1731  935]
 [1732  936]
 [1735  937]
 [1737  937]
 [1739  937]
 [1742  937]
 [1744  937]
 [1746  935]
 [1748  933]
 [1748  932]
 [1749  930]
 [1750  927]
 [1751  924]
 [1751  921]
 [1752  920]
 [1753  919]
 [1754  917]
 [1755  916]
 [1755  914]
 [1755  912]
 [1754  911]
 [1754  910]
 [1753  909]
 [1752  908]
 [1752  907]
 [1751  906]
 [1750  906]
 [1749  906]
 [1749  905]
 [1748  904]
 [1747  902]
 [1746  902]
 [1744  901]
 [1741  900]
 [1738  900]
 [1737  901]
 [1735  902]
 [1734  903]
 [1732  903]
 [1730  902]
 [1728  903]
 [1727  904]
 [1726  905]
 [1726  906]
 [1725  907]
 [1724  908]]
Fuhrman 3, [[1583  889]
 [1582  890]
 [1580  891]
 [1579  893]
 [1579  894]
 [1579  897]
 [1578  899]
 [1579  902]
 [1579  904]
 [1581  906]
 [1582  908]
 [1584  909]
 [1587  910]
 [1589  911]
 [1592  911]
 [1595  911]
 [1600  911]
 [1605  910]
 [1607  908]
 [1609  906]
 [1611  904]
 [1612  901]
 [1612  898]
 [1612  897]
 [1611  894]
 [1610  892]
 [1608  891]
 [1606  889]
 [1603  887]
 [1601  887]
 [1599  886]
 [1596  886]
 [1593  886]
 [1590  886]
 [1588  887]
 [1586  888]
 [1585  888]
 [1583  889]]
Fuhrman 3, [[1522  985]
 [1520  985]
 [1519  984]
 [1518  982]
 [1516  981]
 [1515  980]
 [1513  980]
 [1511  980]
 [1509  981]
 [1508  982]
 [1507  984]
 [1506  986]
 [1506  990]
 [1506  993]
 [1506  995]
 [1506 1000]
 [1506 1002]
 [1505 1002]
 [1505 1004]
 [1505 1005]
 [1506 1006]
 [1507 1007]
 [1507 1008]
 [1507 1009]
 [1507 1010]
 [1507 1012]
 [1509 1015]
 [1511 1016]
 [1512 1018]
 [1514 1019]
 [1515 1019]
 [1517 1019]
 [1519 1018]
 [1522 1017]
 [1523 1016]
 [1525 1015]
 [1526 1013]
 [1527 1011]
 [1529 1010]
 [1529 1008]
 [1529 1005]
 [1529 1002]
 [1529  999]
 [1529  997]
 [1529  995]
 [1529  993]
 [1528  991]
 [1527  989]
 [1526  988]
 [1525  987]
 [1524  986]
 [1524  986]
 [1522  985]
 [1522  985]]
Fuhrman 3, [[ 48 635]
 [ 47 637]
 [ 46 639]
 [ 45 640]
 [ 44 642]
 [ 44 646]
 [ 45 647]
 [ 46 649]
 [ 48 650]
 [ 49 652]
 [ 50 652]
 [ 52 653]
 [ 53 654]
 [ 54 655]
 [ 56 655]
 [ 58 655]
 [ 59 655]
 [ 61 656]
 [ 62 657]
 [ 64 657]
 [ 66 657]
 [ 68 657]
 [ 70 657]
 [ 73 657]
 [ 75 657]
 [ 77 657]
 [ 80 656]
 [ 82 655]
 [ 83 653]
 [ 84 652]
 [ 85 651]
 [ 85 649]
 [ 85 647]
 [ 84 645]
 [ 84 644]
 [ 83 643]
 [ 82 641]
 [ 81 641]
 [ 81 639]
 [ 81 638]
 [ 80 637]
 [ 79 636]
 [ 78 635]
 [ 76 635]
 [ 74 635]
 [ 72 636]
 [ 69 635]
 [ 67 635]
 [ 65 635]
 [ 64 635]
 [ 63 634]
 [ 60 633]
 [ 59 632]
 [ 57 632]
 [ 55 632]
 [ 53 632]
 [ 52 633]
 [ 50 634]
 [ 49 635]
 [ 48 635]]
Fuhrman 3, [[ 38 584]
 [ 37 586]
 [ 35 586]
 [ 33 588]
 [ 32 589]
 [ 31 592]
 [ 30 594]
 [ 30 597]
 [ 30 600]
 [ 31 600]
 [ 32 601]
 [ 33 600]
 [ 34 600]
 [ 36 600]
 [ 38 600]
 [ 40 601]
 [ 40 601]
 [ 42 601]
 [ 43 601]
 [ 45 601]
 [ 46 602]
 [ 47 603]
 [ 48 605]
 [ 49 605]
 [ 51 605]
 [ 52 605]
 [ 54 603]
 [ 56 601]
 [ 57 601]
 [ 59 600]
 [ 61 599]
 [ 62 597]
 [ 63 595]
 [ 63 592]
 [ 64 591]
 [ 65 590]
 [ 66 588]
 [ 66 586]
 [ 65 584]
 [ 64 583]
 [ 62 581]
 [ 60 580]
 [ 58 580]
 [ 57 579]
 [ 56 578]
 [ 53 577]
 [ 50 577]
 [ 47 578]
 [ 44 579]
 [ 42 580]
 [ 40 582]
 [ 38 584]]
Fuhrman 3, [[1139  541]
 [1137  540]
 [1136  540]
 [1135  541]
 [1134  542]
 [1132  541]
 [1130  542]
 [1128  542]
 [1128  543]
 [1127  546]
 [1126  548]
 [1126  551]
 [1125  553]
 [1125  556]
 [1126  558]
 [1127  560]
 [1128  562]
 [1130  562]
 [1132  563]
 [1135  563]
 [1136  563]
 [1137  563]
 [1137  564]
 [1136  565]
 [1136  567]
 [1137  568]
 [1138  569]
 [1140  570]
 [1143  570]
 [1145  569]
 [1145  569]
 [1146  569]
 [1148  569]
 [1149  569]
 [1150  569]
 [1152  568]
 [1153  566]
 [1154  564]
 [1155  561]
 [1155  559]
 [1154  556]
 [1153  554]
 [1151  551]
 [1149  549]
 [1147  547]
 [1145  545]
 [1145  545]
 [1144  543]
 [1143  542]
 [1142  542]
 [1141  541]
 [1140  541]
 [1139  541]]
