Fuhrman 3, [[262  61]
 [261  62]
 [261  65]
 [261  68]
 [262  71]
 [263  75]
 [266  79]
 [268  81]
 [272  85]
 [275  86]
 [277  87]
 [280  88]
 [283  88]
 [288  89]
 [289  90]
 [294  91]
 [297  91]
 [301  91]
 [302  90]
 [305  89]
 [308  87]
 [310  84]
 [311  81]
 [313  78]
 [313  73]
 [314  72]
 [314  70]
 [312  67]
 [310  64]
 [309  62]
 [306  60]
 [303  58]
 [301  57]
 [300  56]
 [297  55]
 [294  54]
 [291  53]
 [285  53]
 [282  53]
 [279  53]
 [275  54]
 [273  55]
 [270  56]
 [268  56]
 [266  58]
 [264  59]
 [262  61]]
Fuhrman 3, [[515  30]
 [514  28]
 [512  27]
 [511  26]
 [509  26]
 [507  27]
 [505  27]
 [503  28]
 [501  29]
 [500  31]
 [498  33]
 [497  36]
 [497  39]
 [497  42]
 [497  45]
 [498  47]
 [499  50]
 [500  53]
 [502  55]
 [503  56]
 [504  58]
 [505  60]
 [507  62]
 [508  64]
 [510  65]
 [512  67]
 [514  67]
 [517  68]
 [520  67]
 [522  67]
 [524  66]
 [525  65]
 [526  63]
 [527  60]
 [527  57]
 [526  54]
 [524  49]
 [524  47]
 [523  45]
 [522  43]
 [521  41]
 [520  39]
 [519  37]
 [518  35]
 [517  33]
 [516  31]
 [515  30]]
Fuhrman 3, [[668  73]
 [666  70]
 [665  68]
 [664  66]
 [662  65]
 [658  65]
 [657  66]
 [655  66]
 [654  66]
 [651  67]
 [649  68]
 [648  69]
 [646  71]
 [645  73]
 [645  76]
 [645  78]
 [645  82]
 [645  84]
 [646  86]
 [646  87]
 [648  87]
 [650  88]
 [652  89]
 [654  90]
 [657  92]
 [659  93]
 [660  95]
 [662  96]
 [663  97]
 [665  98]
 [665 101]
 [666 103]
 [668 105]
 [669 106]
 [671 107]
 [673 108]
 [675 108]
 [677 107]
 [679 106]
 [681 106]
 [683 105]
 [685 104]
 [686 104]
 [688 102]
 [689 100]
 [690  98]
 [691  95]
 [692  93]
 [691  90]
 [691  87]
 [690  85]
 [689  83]
 [686  81]
 [685  79]
 [683  78]
 [681  77]
 [679  76]
 [677  75]
 [675  75]
 [672  74]
 [670  73]
 [669  73]
 [668  73]
 [668  73]]
Fuhrman 3, [[503 145]
 [502 147]
 [502 149]
 [502 151]
 [503 152]
 [503 155]
 [502 157]
 [502 160]
 [501 162]
 [500 165]
 [500 167]
 [501 170]
 [502 171]
 [503 174]
 [504 177]
 [505 180]
 [506 182]
 [507 184]
 [509 186]
 [512 188]
 [515 189]
 [517 189]
 [520 189]
 [521 188]
 [521 187]
 [522 186]
 [523 185]
 [525 184]
 [526 182]
 [526 180]
 [526 176]
 [526 172]
 [526 168]
 [526 165]
 [526 163]
 [525 160]
 [524 159]
 [524 157]
 [523 154]
 [522 151]
 [521 148]
 [520 146]
 [518 144]
 [516 142]
 [513 141]
 [511 141]
 [508 141]
 [506 142]
 [505 143]
 [503 145]]
Fuhrman 3, [[485 280]
 [489 278]
 [492 276]
 [494 273]
 [495 268]
 [495 264]
 [495 261]
 [494 258]
 [492 255]
 [489 253]
 [487 250]
 [484 249]
 [482 249]
 [481 249]
 [480 248]
 [477 248]
 [475 248]
 [473 250]
 [472 252]
 [470 253]
 [469 255]
 [468 256]
 [467 258]
 [466 260]
 [465 262]
 [464 265]
 [463 268]
 [462 272]
 [462 272]
 [460 273]
 [460 274]
 [459 277]
 [460 279]
 [461 280]
 [462 281]
 [464 282]
 [466 284]
 [468 285]
 [470 286]
 [472 286]
 [474 285]
 [476 285]
 [478 284]
 [480 283]
 [482 282]
 [484 282]
 [485 282]
 [485 281]
 [486 280]]
Fuhrman 3, [[491 307]
 [490 305]
 [488 303]
 [486 301]
 [484 299]
 [482 299]
 [480 299]
 [478 299]
 [476 300]
 [474 301]
 [473 303]
 [473 305]
 [472 307]
 [473 310]
 [474 312]
 [474 313]
 [475 313]
 [475 314]
 [476 316]
 [476 318]
 [476 319]
 [477 320]
 [477 321]
 [478 321]
 [479 321]
 [480 322]
 [480 323]
 [480 324]
 [480 326]
 [481 327]
 [482 328]
 [483 328]
 [486 328]
 [488 328]
 [491 328]
 [493 328]
 [494 328]
 [495 328]
 [497 328]
 [498 327]
 [499 325]
 [499 323]
 [499 322]
 [500 320]
 [500 318]
 [499 316]
 [499 315]
 [498 313]
 [497 313]
 [496 312]
 [495 312]
 [495 312]
 [494 311]
 [494 309]
 [493 308]
 [492 307]
 [491 307]]
Fuhrman 3, [[494 609]
 [492 611]
 [489 611]
 [486 613]
 [484 616]
 [482 619]
 [481 623]
 [481 627]
 [482 630]
 [483 631]
 [485 631]
 [486 633]
 [486 635]
 [486 637]
 [485 639]
 [484 641]
 [484 644]
 [485 646]
 [487 649]
 [490 652]
 [494 654]
 [497 656]
 [499 656]
 [502 656]
 [505 655]
 [508 653]
 [510 651]
 [512 649]
 [514 648]
 [516 645]
 [516 644]
 [517 641]
 [518 638]
 [520 637]
 [520 635]
 [520 632]
 [521 630]
 [523 629]
 [524 626]
 [524 624]
 [523 622]
 [523 620]
 [523 617]
 [522 615]
 [521 613]
 [520 612]
 [518 611]
 [518 609]
 [517 607]
 [515 605]
 [513 604]
 [509 604]
 [506 604]
 [502 604]
 [499 605]
 [496 607]
 [494 609]]
Fuhrman 3, [[733 878]
 [735 880]
 [738 882]
 [741 882]
 [745 882]
 [749 881]
 [753 880]
 [755 880]
 [756 878]
 [756 877]
 [756 876]
 [756 876]
 [754 875]
 [754 874]
 [755 874]
 [758 873]
 [760 872]
 [763 869]
 [765 867]
 [766 864]
 [767 861]
 [767 858]
 [767 856]
 [767 853]
 [767 851]
 [765 849]
 [763 845]
 [760 843]
 [758 840]
 [755 840]
 [753 839]
 [753 838]
 [751 836]
 [749 835]
 [746 833]
 [744 832]
 [743 832]
 [742 831]
 [739 831]
 [737 831]
 [736 832]
 [734 832]
 [732 833]
 [730 834]
 [729 835]
 [728 836]
 [725 837]
 [724 838]
 [723 841]
 [722 844]
 [722 847]
 [722 852]
 [722 854]
 [723 857]
 [723 859]
 [724 862]
 [725 865]
 [726 867]
 [727 869]
 [728 870]
 [729 871]
 [730 873]
 [730 875]
 [731 876]
 [733 877]]
Fuhrman 3, [[880 778]
 [878 780]
 [876 781]
 [875 784]
 [875 787]
 [875 790]
 [876 792]
 [878 794]
 [881 796]
 [884 796]
 [888 796]
 [891 796]
 [894 795]
 [896 793]
 [898 790]
 [900 786]
 [900 783]
 [900 780]
 [899 777]
 [898 775]
 [895 774]
 [892 774]
 [889 774]
 [885 776]
 [883 777]
 [880 779]]
Fuhrman 3, [[1365  902]
 [1363  904]
 [1363  907]
 [1362  911]
 [1361  912]
 [1360  912]
 [1359  915]
 [1360  919]
 [1360  924]
 [1361  926]
 [1363  929]
 [1364  930]
 [1366  932]
 [1369  933]
 [1372  933]
 [1375  932]
 [1378  931]
 [1380  930]
 [1382  930]
 [1385  929]
 [1386  928]
 [1388  925]
 [1391  923]
 [1393  922]
 [1395  920]
 [1395  916]
 [1395  913]
 [1393  909]
 [1391  905]
 [1387  901]
 [1385  899]
 [1384  897]
 [1381  896]
 [1379  895]
 [1376  895]
 [1373  895]
 [1370  897]
 [1367  898]
 [1366  901]
 [1365  902]]
Fuhrman 3, [[1483  958]
 [1481  960]
 [1479  961]
 [1478  963]
 [1477  965]
 [1476  967]
 [1475  969]
 [1474  971]
 [1474  975]
 [1474  979]
 [1474  980]
 [1472  982]
 [1471  984]
 [1471  986]
 [1471  990]
 [1471  992]
 [1473  994]
 [1474  995]
 [1476  997]
 [1478  998]
 [1480  998]
 [1484  998]
 [1487  998]
 [1490  996]
 [1494  994]
 [1497  992]
 [1501  991]
 [1504  989]
 [1506  988]
 [1510  985]
 [1511  983]
 [1513  981]
 [1515  978]
 [1517  976]
 [1518  973]
 [1518  969]
 [1518  966]
 [1516  960]
 [1513  958]
 [1511  956]
 [1506  954]
 [1501  953]
 [1494  954]
 [1491  954]
 [1488  955]
 [1485  957]
 [1483  958]]
Fuhrman 3, [[ 859  981]
 [ 856  982]
 [ 853  982]
 [ 850  982]
 [ 848  981]
 [ 844  981]
 [ 840  981]
 [ 838  982]
 [ 837  983]
 [ 835  985]
 [ 833  988]
 [ 832  991]
 [ 831  995]
 [ 831  998]
 [ 833 1000]
 [ 835 1005]
 [ 837 1008]
 [ 840 1010]
 [ 843 1013]
 [ 845 1015]
 [ 847 1016]
 [ 850 1017]
 [ 855 1019]
 [ 858 1021]
 [ 862 1022]
 [ 864 1022]
 [ 868 1022]
 [ 872 1021]
 [ 876 1020]
 [ 879 1018]
 [ 883 1015]
 [ 885 1013]
 [ 887 1011]
 [ 887 1008]
 [ 887 1004]
 [ 886 1001]
 [ 885  997]
 [ 883  994]
 [ 882  993]
 [ 881  992]
 [ 880  991]
 [ 878  991]
 [ 877  991]
 [ 875  989]
 [ 874  986]
 [ 873  985]
 [ 871  985]
 [ 868  984]
 [ 867  984]
 [ 865  983]
 [ 864  982]
 [ 862  981]
 [ 860  981]
 [ 859  981]]
Fuhrman 3, [[ 695 1015]
 [ 693 1017]
 [ 691 1017]
 [ 690 1018]
 [ 689 1020]
 [ 689 1023]
 [ 688 1024]
 [ 687 1026]
 [ 687 1029]
 [ 687 1032]
 [ 689 1034]
 [ 691 1035]
 [ 694 1036]
 [ 696 1037]
 [ 699 1036]
 [ 702 1035]
 [ 706 1033]
 [ 709 1032]
 [ 713 1030]
 [ 716 1027]
 [ 720 1025]
 [ 722 1023]
 [ 725 1019]
 [ 727 1018]
 [ 727 1016]
 [ 728 1014]
 [ 729 1013]
 [ 729 1010]
 [ 729 1008]
 [ 728 1006]
 [ 726 1003]
 [ 724 1002]
 [ 723 1001]
 [ 721 1000]
 [ 719  999]
 [ 716  999]
 [ 714  999]
 [ 711 1000]
 [ 708 1000]
 [ 706 1002]
 [ 704 1003]
 [ 703 1005]
 [ 701 1007]
 [ 699 1010]
 [ 697 1011]
 [ 697 1012]
 [ 696 1014]
 [ 695 1015]
 [ 695 1015]]
Fuhrman 3, [[1783  162]
 [1778  164]
 [1774  165]
 [1772  166]
 [1770  168]
 [1769  169]
 [1768  170]
 [1767  173]
 [1766  176]
 [1767  178]
 [1767  180]
 [1769  182]
 [1773  185]
 [1775  186]
 [1778  187]
 [1782  188]
 [1787  189]
 [1790  190]
 [1795  189]
 [1798  188]
 [1801  187]
 [1803  188]
 [1807  187]
 [1811  186]
 [1812  185]
 [1814  183]
 [1817  182]
 [1820  180]
 [1822  178]
 [1823  176]
 [1824  174]
 [1825  171]
 [1825  168]
 [1824  165]
 [1822  162]
 [1819  160]
 [1815  159]
 [1809  158]
 [1805  157]
 [1801  157]
 [1794  158]
 [1792  159]
 [1790  160]
 [1788  160]
 [1786  161]
 [1784  162]
 [1783  162]]
Fuhrman 3, [[1496  221]
 [1494  222]
 [1493  223]
 [1492  225]
 [1492  226]
 [1492  228]
 [1492  229]
 [1492  230]
 [1491  231]
 [1491  233]
 [1491  235]
 [1494  239]
 [1495  240]
 [1498  242]
 [1500  243]
 [1503  243]
 [1508  243]
 [1511  243]
 [1512  242]
 [1514  241]
 [1518  241]
 [1519  240]
 [1520  238]
 [1522  236]
 [1524  234]
 [1526  231]
 [1527  229]
 [1527  228]
 [1527  225]
 [1526  224]
 [1526  223]
 [1524  222]
 [1522  221]
 [1520  220]
 [1517  220]
 [1515  219]
 [1512  219]
 [1510  219]
 [1509  218]
 [1507  217]
 [1505  217]
 [1502  218]
 [1500  219]
 [1498  220]
 [1496  221]]
Fuhrman 3, [[ 955  189]
 [ 953  191]
 [ 951  192]
 [ 949  193]
 [ 948  194]
 [ 947  197]
 [ 947  200]
 [ 948  203]
 [ 947  204]
 [ 946  207]
 [ 947  209]
 [ 948  212]
 [ 950  215]
 [ 952  217]
 [ 954  218]
 [ 955  219]
 [ 958  221]
 [ 959  222]
 [ 960  223]
 [ 962  224]
 [ 963  225]
 [ 965  225]
 [ 967  224]
 [ 968  224]
 [ 968  224]
 [ 971  224]
 [ 973  224]
 [ 975  224]
 [ 976  224]
 [ 977  223]
 [ 978  222]
 [ 981  221]
 [ 982  220]
 [ 985  219]
 [ 988  218]
 [ 990  218]
 [ 993  216]
 [ 995  214]
 [ 997  213]
 [ 999  212]
 [1000  211]
 [1000  209]
 [1000  208]
 [ 999  207]
 [ 998  205]
 [ 998  203]
 [ 999  202]
 [1000  201]
 [1001  199]
 [1001  196]
 [1000  194]
 [ 999  191]
 [ 997  189]
 [ 994  189]
 [ 990  188]
 [ 985  188]
 [ 982  188]
 [ 977  187]
 [ 974  187]
 [ 970  187]
 [ 965  186]
 [ 964  187]
 [ 963  187]
 [ 961  186]
 [ 959  186]
 [ 958  187]
 [ 957  188]
 [ 956  189]
 [ 955  189]]
Fuhrman 3, [[1076  249]
 [1073  250]
 [1071  251]
 [1069  252]
 [1067  254]
 [1065  255]
 [1064  256]
 [1064  256]
 [1063  257]
 [1063  259]
 [1063  260]
 [1064  262]
 [1065  263]
 [1066  264]
 [1067  267]
 [1069  268]
 [1070  270]
 [1072  272]
 [1074  274]
 [1076  275]
 [1078  275]
 [1081  275]
 [1083  274]
 [1085  274]
 [1087  274]
 [1088  274]
 [1090  276]
 [1091  277]
 [1092  277]
 [1095  277]
 [1099  276]
 [1102  275]
 [1104  273]
 [1105  272]
 [1106  270]
 [1107  269]
 [1108  267]
 [1108  265]
 [1107  263]
 [1106  260]
 [1104  257]
 [1101  254]
 [1099  252]
 [1096  250]
 [1092  250]
 [1090  250]
 [1089  250]
 [1087  248]
 [1084  248]
 [1082  248]
 [1080  248]
 [1078  248]
 [1076  249]]
Fuhrman 3, [[1017  304]
 [1014  305]
 [1012  306]
 [1010  308]
 [1009  310]
 [1008  312]
 [1008  314]
 [1009  317]
 [1010  321]
 [1011  323]
 [1014  325]
 [1015  327]
 [1017  328]
 [1018  329]
 [1019  331]
 [1020  332]
 [1021  333]
 [1022  335]
 [1023  336]
 [1024  337]
 [1026  338]
 [1028  338]
 [1030  339]
 [1033  339]
 [1035  338]
 [1037  338]
 [1039  337]
 [1039  335]
 [1040  334]
 [1041  331]
 [1041  330]
 [1042  330]
 [1042  328]
 [1042  327]
 [1041  325]
 [1041  323]
 [1041  321]
 [1041  320]
 [1041  318]
 [1040  316]
 [1038  315]
 [1037  315]
 [1036  313]
 [1035  312]
 [1034  310]
 [1033  309]
 [1031  307]
 [1029  306]
 [1027  305]
 [1024  304]
 [1021  304]
 [1019  304]
 [1017  304]]
Fuhrman 3, [[1883  426]
 [1880  424]
 [1876  420]
 [1873  418]
 [1870  415]
 [1869  414]
 [1869  411]
 [1868  409]
 [1866  408]
 [1864  406]
 [1860  404]
 [1858  404]
 [1856  404]
 [1854  404]
 [1852  405]
 [1851  406]
 [1850  409]
 [1850  411]
 [1850  413]
 [1850  415]
 [1850  417]
 [1851  420]
 [1852  422]
 [1852  424]
 [1853  426]
 [1854  428]
 [1855  430]
 [1857  430]
 [1857  432]
 [1857  434]
 [1858  436]
 [1859  438]
 [1861  440]
 [1862  442]
 [1864  444]
 [1866  446]
 [1868  447]
 [1871  448]
 [1873  449]
 [1876  449]
 [1879  449]
 [1882  449]
 [1885  448]
 [1887  447]
 [1889  445]
 [1890  443]
 [1891  441]
 [1891  439]
 [1891  437]
 [1890  435]
 [1890  433]
 [1888  431]
 [1887  430]
 [1886  428]
 [1884  427]
 [1883  426]]
Fuhrman 3, [[1808  780]
 [1805  782]
 [1803  784]
 [1802  787]
 [1802  791]
 [1803  795]
 [1805  798]
 [1806  801]
 [1807  804]
 [1809  806]
 [1811  808]
 [1814  809]
 [1815  809]
 [1817  809]
 [1818  810]
 [1819  812]
 [1821  813]
 [1823  814]
 [1826  814]
 [1828  814]
 [1830  813]
 [1832  812]
 [1833  809]
 [1835  807]
 [1835  804]
 [1836  802]
 [1835  799]
 [1835  796]
 [1835  793]
 [1835  791]
 [1835  790]
 [1833  788]
 [1832  787]
 [1830  785]
 [1829  783]
 [1828  782]
 [1826  780]
 [1824  778]
 [1823  777]
 [1820  776]
 [1817  777]
 [1815  777]
 [1812  778]
 [1810  779]
 [1809  780]
 [1808  781]]
