Fuhrman 3, [[30 41]
 [30 41]
 [29 42]
 [28 43]
 [27 43]
 [26 44]
 [25 45]
 [24 46]
 [23 47]
 [23 48]
 [22 49]
 [22 51]
 [21 53]
 [21 55]
 [22 57]
 [23 61]
 [23 63]
 [23 64]
 [23 64]
 [24 65]
 [24 65]
 [25 66]
 [26 67]
 [27 68]
 [29 69]
 [31 71]
 [32 72]
 [34 72]
 [36 73]
 [37 73]
 [40 72]
 [42 72]
 [44 72]
 [45 71]
 [46 71]
 [47 69]
 [48 68]
 [49 68]
 [49 67]
 [50 66]
 [51 64]
 [52 63]
 [53 60]
 [54 59]
 [54 58]
 [54 55]
 [54 53]
 [54 51]
 [54 50]
 [54 49]
 [53 48]
 [52 47]
 [51 45]
 [51 44]
 [50 44]
 [49 44]
 [49 43]
 [48 43]
 [48 42]
 [47 42]
 [47 41]
 [46 41]
 [45 41]
 [44 40]
 [41 39]
 [40 38]
 [38 38]
 [36 38]
 [35 39]
 [33 39]
 [32 40]
 [31 40]
 [31 41]
 [30 41]]
Fuhrman 3, [[147  81]
 [145  82]
 [144  84]
 [143  85]
 [143  87]
 [142  90]
 [142  92]
 [142  95]
 [143  98]
 [143 100]
 [144 103]
 [145 104]
 [147 105]
 [149 107]
 [152 108]
 [153 108]
 [156 109]
 [159 109]
 [161 109]
 [163 108]
 [165 108]
 [167 107]
 [168 106]
 [169 104]
 [170 103]
 [171 101]
 [172  98]
 [172  96]
 [172  92]
 [172  90]
 [171  88]
 [171  86]
 [170  85]
 [169  83]
 [168  82]
 [168  81]
 [167  80]
 [166  79]
 [165  79]
 [162  78]
 [161  78]
 [159  77]
 [157  77]
 [155  78]
 [153  78]
 [152  79]
 [152  80]
 [149  80]
 [148  81]
 [147  81]
 [147  82]]
Fuhrman 3, [[147 201]
 [144 201]
 [141 203]
 [138 204]
 [136 206]
 [134 208]
 [132 210]
 [130 213]
 [129 214]
 [128 217]
 [128 219]
 [128 222]
 [128 225]
 [129 227]
 [130 229]
 [132 229]
 [134 230]
 [137 230]
 [140 230]
 [141 230]
 [142 231]
 [144 232]
 [146 232]
 [148 232]
 [151 232]
 [153 231]
 [155 230]
 [157 228]
 [158 227]
 [160 226]
 [161 225]
 [161 224]
 [162 223]
 [163 221]
 [163 220]
 [162 218]
 [162 216]
 [163 214]
 [163 211]
 [163 208]
 [162 206]
 [162 204]
 [161 202]
 [160 201]
 [158 200]
 [156 200]
 [154 200]
 [153 200]
 [150 200]
 [149 200]
 [147 201]]
Fuhrman 3, [[189 705]
 [187 704]
 [185 704]
 [182 704]
 [182 704]
 [180 705]
 [179 706]
 [177 706]
 [173 707]
 [171 707]
 [168 708]
 [166 709]
 [165 711]
 [164 713]
 [162 715]
 [162 718]
 [162 720]
 [162 723]
 [163 725]
 [165 727]
 [167 729]
 [169 731]
 [170 732]
 [172 733]
 [174 734]
 [176 734]
 [179 734]
 [183 734]
 [187 734]
 [191 734]
 [192 734]
 [193 733]
 [194 733]
 [196 732]
 [197 731]
 [198 731]
 [200 730]
 [201 729]
 [202 727]
 [204 725]
 [204 723]
 [204 720]
 [204 717]
 [205 717]
 [205 716]
 [204 715]
 [204 714]
 [203 713]
 [203 712]
 [203 711]
 [203 710]
 [202 709]
 [200 708]
 [199 707]
 [196 707]
 [194 706]
 [191 706]
 [190 706]
 [189 705]]
Fuhrman 3, [[259 654]
 [257 656]
 [255 657]
 [253 658]
 [252 659]
 [251 661]
 [250 664]
 [249 665]
 [248 668]
 [248 671]
 [247 675]
 [247 678]
 [248 681]
 [249 683]
 [251 685]
 [252 687]
 [253 688]
 [255 689]
 [257 690]
 [260 691]
 [262 692]
 [263 692]
 [265 693]
 [267 693]
 [270 693]
 [272 692]
 [274 691]
 [276 690]
 [277 688]
 [278 686]
 [279 684]
 [280 683]
 [280 682]
 [281 680]
 [280 679]
 [279 677]
 [278 676]
 [277 676]
 [277 675]
 [277 673]
 [276 670]
 [275 668]
 [275 665]
 [275 663]
 [274 661]
 [274 659]
 [273 657]
 [272 655]
 [271 654]
 [270 653]
 [268 653]
 [266 653]
 [265 652]
 [263 653]
 [262 653]
 [260 653]
 [259 654]]
Fuhrman 3, [[302 695]
 [301 697]
 [300 699]
 [299 703]
 [300 707]
 [300 710]
 [301 712]
 [303 713]
 [305 715]
 [306 716]
 [308 717]
 [309 717]
 [312 717]
 [314 717]
 [316 716]
 [318 715]
 [319 715]
 [320 715]
 [321 714]
 [322 714]
 [323 714]
 [325 714]
 [326 714]
 [328 714]
 [329 713]
 [331 712]
 [333 711]
 [334 709]
 [334 708]
 [335 706]
 [335 703]
 [335 701]
 [334 699]
 [334 698]
 [333 696]
 [332 695]
 [330 694]
 [328 692]
 [326 691]
 [325 690]
 [323 690]
 [321 689]
 [319 689]
 [315 689]
 [313 689]
 [311 689]
 [308 690]
 [307 691]
 [305 692]
 [303 693]
 [303 694]
 [302 695]]
Fuhrman 3, [[571 798]
 [569 799]
 [568 800]
 [568 801]
 [567 803]
 [567 806]
 [567 809]
 [567 812]
 [568 815]
 [570 817]
 [572 819]
 [574 821]
 [576 822]
 [578 823]
 [580 824]
 [582 824]
 [584 824]
 [586 824]
 [587 824]
 [589 824]
 [591 823]
 [593 822]
 [595 821]
 [596 820]
 [598 818]
 [600 817]
 [601 815]
 [602 812]
 [603 810]
 [603 807]
 [603 805]
 [602 803]
 [601 800]
 [599 798]
 [598 797]
 [596 796]
 [594 794]
 [592 793]
 [592 793]
 [591 792]
 [589 791]
 [588 791]
 [585 791]
 [583 791]
 [582 792]
 [580 793]
 [579 793]
 [578 794]
 [576 794]
 [574 795]
 [573 796]
 [572 797]
 [571 798]]
Fuhrman 3, [[1031  875]
 [1028  876]
 [1027  877]
 [1025  879]
 [1025  880]
 [1023  883]
 [1023  886]
 [1023  888]
 [1023  891]
 [1023  894]
 [1023  897]
 [1024  899]
 [1027  902]
 [1029  903]
 [1031  905]
 [1035  906]
 [1038  906]
 [1040  907]
 [1042  906]
 [1044  905]
 [1045  904]
 [1047  902]
 [1048  899]
 [1049  897]
 [1050  895]
 [1050  894]
 [1050  892]
 [1051  891]
 [1051  889]
 [1051  888]
 [1051  885]
 [1052  884]
 [1051  883]
 [1051  882]
 [1050  881]
 [1049  881]
 [1049  880]
 [1049  879]
 [1048  877]
 [1047  875]
 [1047  874]
 [1046  873]
 [1044  872]
 [1042  872]
 [1040  872]
 [1037  872]
 [1034  873]
 [1032  874]
 [1031  875]]
Fuhrman 3, [[830 901]
 [827 902]
 [826 902]
 [824 903]
 [822 904]
 [819 905]
 [818 907]
 [817 908]
 [816 910]
 [815 911]
 [815 914]
 [815 917]
 [816 920]
 [818 921]
 [819 923]
 [821 925]
 [823 925]
 [825 926]
 [825 927]
 [826 927]
 [827 927]
 [829 927]
 [830 926]
 [832 926]
 [833 927]
 [835 927]
 [837 928]
 [839 928]
 [841 927]
 [843 927]
 [845 927]
 [846 925]
 [848 924]
 [849 922]
 [850 921]
 [850 921]
 [851 920]
 [851 918]
 [852 916]
 [852 914]
 [851 912]
 [851 910]
 [850 909]
 [849 908]
 [848 907]
 [847 905]
 [845 904]
 [843 903]
 [842 902]
 [840 902]
 [839 902]
 [838 901]
 [836 901]
 [835 901]
 [833 901]
 [833 901]
 [831 901]
 [830 901]]
Fuhrman 3, [[1025  163]
 [1021  164]
 [1019  165]
 [1016  166]
 [1014  168]
 [1013  170]
 [1011  172]
 [1010  174]
 [1010  177]
 [1010  180]
 [1011  182]
 [1013  184]
 [1016  186]
 [1019  188]
 [1022  189]
 [1025  190]
 [1027  191]
 [1030  191]
 [1032  192]
 [1035  192]
 [1037  191]
 [1040  189]
 [1043  188]
 [1044  188]
 [1046  186]
 [1047  185]
 [1048  183]
 [1049  183]
 [1051  182]
 [1053  181]
 [1054  180]
 [1055  178]
 [1055  176]
 [1055  173]
 [1055  171]
 [1054  170]
 [1053  168]
 [1052  166]
 [1049  165]
 [1047  163]
 [1045  162]
 [1042  162]
 [1041  161]
 [1038  160]
 [1036  160]
 [1035  160]
 [1034  161]
 [1032  162]
 [1031  162]
 [1028  163]
 [1026  163]
 [1025  163]]
Fuhrman 3, [[924 167]
 [922 169]
 [921 171]
 [920 172]
 [919 175]
 [918 177]
 [918 181]
 [918 184]
 [920 189]
 [921 191]
 [923 193]
 [925 193]
 [929 194]
 [933 194]
 [937 194]
 [940 194]
 [942 194]
 [945 194]
 [947 193]
 [949 192]
 [951 189]
 [953 187]
 [954 185]
 [955 183]
 [956 181]
 [956 179]
 [955 178]
 [955 176]
 [954 174]
 [952 173]
 [949 171]
 [947 170]
 [945 170]
 [943 169]
 [941 169]
 [939 168]
 [938 167]
 [937 166]
 [935 166]
 [932 166]
 [930 166]
 [927 166]
 [926 167]
 [924 167]]
Fuhrman 3, [[669  76]
 [668  78]
 [667  79]
 [666  80]
 [666  82]
 [666  84]
 [667  86]
 [667  88]
 [668  89]
 [670  89]
 [672  90]
 [674  89]
 [675  89]
 [676  90]
 [676  91]
 [677  91]
 [678  92]
 [680  92]
 [682  92]
 [685  91]
 [687  91]
 [688  90]
 [690  90]
 [691  89]
 [692  88]
 [694  87]
 [695  85]
 [696  83]
 [697  82]
 [697  81]
 [697  78]
 [697  76]
 [696  74]
 [696  73]
 [695  70]
 [694  69]
 [693  68]
 [692  67]
 [692  66]
 [690  65]
 [689  65]
 [687  64]
 [685  64]
 [683  64]
 [682  65]
 [679  66]
 [677  67]
 [676  68]
 [674  70]
 [673  70]
 [672  72]
 [671  73]
 [670  73]
 [670  74]
 [669  75]
 [669  76]]
Fuhrman 3, [[1517  281]
 [1516  282]
 [1515  282]
 [1514  283]
 [1513  284]
 [1513  284]
 [1512  285]
 [1510  285]
 [1508  285]
 [1505  286]
 [1501  286]
 [1498  288]
 [1496  290]
 [1495  292]
 [1494  294]
 [1493  297]
 [1494  300]
 [1494  303]
 [1495  305]
 [1497  307]
 [1498  308]
 [1500  308]
 [1502  309]
 [1504  309]
 [1506  309]
 [1508  308]
 [1509  308]
 [1510  307]
 [1512  307]
 [1513  307]
 [1515  308]
 [1516  308]
 [1518  307]
 [1520  306]
 [1521  305]
 [1522  304]
 [1523  303]
 [1524  302]
 [1526  302]
 [1528  301]
 [1530  300]
 [1532  299]
 [1533  297]
 [1534  296]
 [1535  294]
 [1536  293]
 [1536  291]
 [1536  290]
 [1536  288]
 [1535  287]
 [1534  286]
 [1533  285]
 [1532  284]
 [1531  284]
 [1530  283]
 [1528  283]
 [1527  282]
 [1526  281]
 [1524  281]
 [1521  281]
 [1519  281]
 [1517  282]]
Fuhrman 3, [[1497  383]
 [1497  380]
 [1496  378]
 [1495  376]
 [1494  375]
 [1492  373]
 [1492  372]
 [1492  371]
 [1492  370]
 [1491  369]
 [1490  369]
 [1489  369]
 [1488  368]
 [1486  367]
 [1484  367]
 [1482  366]
 [1480  366]
 [1478  366]
 [1476  366]
 [1474  366]
 [1472  367]
 [1469  369]
 [1467  370]
 [1466  372]
 [1464  373]
 [1463  375]
 [1461  377]
 [1461  378]
 [1460  380]
 [1459  383]
 [1459  386]
 [1460  389]
 [1461  391]
 [1462  393]
 [1463  395]
 [1464  396]
 [1465  397]
 [1466  398]
 [1467  399]
 [1469  400]
 [1470  401]
 [1472  403]
 [1474  403]
 [1476  403]
 [1480  403]
 [1484  403]
 [1487  403]
 [1489  402]
 [1492  400]
 [1494  397]
 [1496  395]
 [1497  391]
 [1498  389]
 [1498  387]
 [1497  386]
 [1497  385]
 [1497  383]]
Fuhrman 3, [[1531  446]
 [1527  448]
 [1525  451]
 [1524  454]
 [1523  459]
 [1522  464]
 [1522  471]
 [1522  476]
 [1522  481]
 [1522  484]
 [1522  486]
 [1523  488]
 [1525  489]
 [1526  491]
 [1527  492]
 [1528  494]
 [1529  494]
 [1532  495]
 [1534  495]
 [1536  495]
 [1539  494]
 [1541  493]
 [1542  491]
 [1544  489]
 [1545  487]
 [1545  484]
 [1545  482]
 [1546  479]
 [1548  475]
 [1549  472]
 [1550  470]
 [1552  468]
 [1553  466]
 [1554  463]
 [1554  460]
 [1554  456]
 [1553  453]
 [1552  451]
 [1550  447]
 [1548  445]
 [1545  444]
 [1543  444]
 [1541  443]
 [1538  443]
 [1535  444]
 [1532  445]
 [1531  446]]
Fuhrman 3, [[1733  430]
 [1730  430]
 [1727  430]
 [1726  430]
 [1725  429]
 [1724  428]
 [1723  428]
 [1721  428]
 [1720  429]
 [1716  430]
 [1714  431]
 [1711  432]
 [1709  434]
 [1708  435]
 [1707  437]
 [1706  439]
 [1706  443]
 [1707  445]
 [1708  448]
 [1709  450]
 [1711  453]
 [1713  455]
 [1715  457]
 [1716  459]
 [1718  460]
 [1721  461]
 [1723  462]
 [1726  463]
 [1729  463]
 [1732  462]
 [1735  461]
 [1738  460]
 [1740  458]
 [1743  456]
 [1744  454]
 [1745  451]
 [1745  450]
 [1745  449]
 [1745  447]
 [1744  446]
 [1744  444]
 [1744  443]
 [1744  441]
 [1744  440]
 [1743  438]
 [1741  436]
 [1739  435]
 [1737  432]
 [1735  432]
 [1734  431]
 [1733  430]]
Fuhrman 3, [[1502  974]
 [1498  975]
 [1496  976]
 [1494  978]
 [1492  979]
 [1490  981]
 [1487  985]
 [1486  985]
 [1485  986]
 [1484  988]
 [1484  989]
 [1483  991]
 [1483  993]
 [1482  994]
 [1481  996]
 [1481  998]
 [1481 1001]
 [1482 1004]
 [1485 1007]
 [1487 1008]
 [1489 1008]
 [1491 1009]
 [1492 1009]
 [1493 1011]
 [1493 1013]
 [1495 1014]
 [1497 1015]
 [1499 1016]
 [1500 1017]
 [1502 1018]
 [1503 1018]
 [1506 1018]
 [1508 1018]
 [1510 1018]
 [1511 1019]
 [1512 1021]
 [1513 1021]
 [1515 1022]
 [1516 1023]
 [1518 1023]
 [1519 1022]
 [1521 1021]
 [1521 1021]
 [1523 1020]
 [1524 1019]
 [1525 1018]
 [1526 1017]
 [1529 1015]
 [1531 1012]
 [1532 1011]
 [1532 1010]
 [1533 1009]
 [1534 1008]
 [1535 1008]
 [1536 1006]
 [1536 1004]
 [1537 1002]
 [1537  999]
 [1538  996]
 [1537  993]
 [1536  990]
 [1534  987]
 [1531  985]
 [1528  982]
 [1525  980]
 [1521  978]
 [1518  977]
 [1515  976]
 [1513  975]
 [1511  974]
 [1508  974]
 [1504  974]
 [1502  974]]
Fuhrman 3, [[938 333]
 [936 333]
 [934 333]
 [933 334]
 [933 336]
 [933 337]
 [933 338]
 [933 340]
 [932 342]
 [932 344]
 [932 346]
 [932 348]
 [933 348]
 [933 348]
 [934 349]
 [934 350]
 [934 351]
 [934 352]
 [935 353]
 [936 354]
 [937 356]
 [938 357]
 [938 357]
 [939 358]
 [941 359]
 [942 360]
 [943 360]
 [944 360]
 [945 361]
 [946 362]
 [948 362]
 [950 362]
 [953 362]
 [955 362]
 [956 362]
 [957 361]
 [958 361]
 [960 361]
 [961 360]
 [963 358]
 [964 357]
 [965 355]
 [966 354]
 [968 353]
 [968 352]
 [969 350]
 [969 348]
 [969 346]
 [968 344]
 [968 342]
 [967 340]
 [965 338]
 [964 336]
 [962 334]
 [959 332]
 [956 332]
 [954 331]
 [953 331]
 [952 330]
 [950 330]
 [949 331]
 [948 332]
 [947 332]
 [945 332]
 [944 332]
 [942 332]
 [941 332]
 [940 333]
 [939 333]
 [938 333]]
Fuhrman 3, [[1001  705]
 [ 999  705]
 [ 998  705]
 [ 997  707]
 [ 997  709]
 [ 997  711]
 [ 996  712]
 [ 995  712]
 [ 994  712]
 [ 993  712]
 [ 991  711]
 [ 990  711]
 [ 989  712]
 [ 988  713]
 [ 987  713]
 [ 986  714]
 [ 985  716]
 [ 985  718]
 [ 985  719]
 [ 985  721]
 [ 987  723]
 [ 988  725]
 [ 989  727]
 [ 989  729]
 [ 990  731]
 [ 992  733]
 [ 993  734]
 [ 995  735]
 [ 996  736]
 [ 999  736]
 [1002  736]
 [1005  736]
 [1008  735]
 [1010  735]
 [1013  734]
 [1014  733]
 [1016  731]
 [1017  729]
 [1018  727]
 [1019  723]
 [1019  720]
 [1019  717]
 [1019  714]
 [1018  712]
 [1017  710]
 [1015  708]
 [1013  706]
 [1010  705]
 [1008  704]
 [1006  704]
 [1003  705]
 [1002  705]
 [1001  705]]
Fuhrman 3, [[937 483]
 [936 484]
 [934 485]
 [933 486]
 [931 488]
 [931 490]
 [930 492]
 [929 493]
 [928 495]
 [928 496]
 [928 498]
 [928 501]
 [928 503]
 [929 504]
 [931 506]
 [932 507]
 [934 508]
 [935 508]
 [937 509]
 [939 509]
 [941 509]
 [943 508]
 [945 508]
 [947 507]
 [948 506]
 [949 505]
 [951 504]
 [954 503]
 [956 502]
 [958 500]
 [959 499]
 [960 499]
 [960 498]
 [961 498]
 [961 496]
 [962 494]
 [962 492]
 [963 488]
 [962 486]
 [962 485]
 [961 483]
 [960 482]
 [959 481]
 [959 479]
 [957 478]
 [955 477]
 [953 477]
 [950 477]
 [948 477]
 [945 478]
 [943 479]
 [940 481]
 [938 482]
 [937 483]]
