Fuhrman 3, [[265  53]
 [264  53]
 [263  54]
 [262  57]
 [261  60]
 [261  63]
 [260  65]
 [260  67]
 [260  69]
 [261  72]
 [262  72]
 [263  73]
 [264  75]
 [265  77]
 [267  78]
 [268  79]
 [270  79]
 [271  80]
 [272  80]
 [272  82]
 [273  83]
 [274  83]
 [275  84]
 [277  84]
 [278  85]
 [279  85]
 [280  86]
 [280  87]
 [280  88]
 [280  88]
 [281  89]
 [283  89]
 [284  89]
 [285  89]
 [286  89]
 [286  91]
 [287  92]
 [288  93]
 [290  93]
 [292  94]
 [294  94]
 [296  94]
 [299  93]
 [300  92]
 [301  90]
 [302  88]
 [302  86]
 [302  83]
 [301  77]
 [300  76]
 [301  75]
 [300  74]
 [300  73]
 [298  72]
 [297  72]
 [296  72]
 [295  71]
 [296  70]
 [297  68]
 [296  65]
 [295  63]
 [293  61]
 [290  57]
 [287  55]
 [285  54]
 [279  53]
 [276  52]
 [274  52]
 [270  52]
 [269  52]
 [267  52]
 [265  53]]
Fuhrman 3, [[ 79 423]
 [ 76 419]
 [ 72 417]
 [ 70 417]
 [ 68 416]
 [ 66 414]
 [ 65 412]
 [ 63 409]
 [ 62 407]
 [ 61 407]
 [ 60 407]
 [ 58 408]
 [ 57 410]
 [ 56 413]
 [ 55 414]
 [ 53 416]
 [ 50 419]
 [ 49 423]
 [ 48 428]
 [ 48 433]
 [ 47 440]
 [ 48 444]
 [ 48 448]
 [ 49 451]
 [ 51 454]
 [ 54 458]
 [ 57 460]
 [ 61 463]
 [ 64 465]
 [ 68 466]
 [ 72 467]
 [ 75 468]
 [ 79 468]
 [ 82 467]
 [ 85 466]
 [ 88 466]
 [ 91 465]
 [ 93 464]
 [ 94 462]
 [ 96 460]
 [ 97 458]
 [ 98 455]
 [ 97 452]
 [ 96 449]
 [ 95 446]
 [ 93 443]
 [ 90 439]
 [ 89 437]
 [ 88 433]
 [ 86 431]
 [ 84 429]
 [ 83 427]
 [ 81 425]
 [ 79 423]]
Fuhrman 3, [[339 489]
 [336 490]
 [333 490]
 [331 491]
 [328 492]
 [325 492]
 [324 494]
 [324 496]
 [323 500]
 [323 503]
 [324 505]
 [325 507]
 [325 507]
 [326 508]
 [328 509]
 [329 511]
 [331 513]
 [332 514]
 [333 516]
 [334 518]
 [335 520]
 [336 522]
 [338 523]
 [338 524]
 [338 526]
 [339 528]
 [340 531]
 [342 532]
 [344 533]
 [345 533]
 [346 534]
 [348 534]
 [350 534]
 [352 534]
 [354 533]
 [356 534]
 [359 533]
 [361 533]
 [363 532]
 [365 531]
 [367 529]
 [367 528]
 [367 527]
 [368 525]
 [369 523]
 [369 521]
 [368 519]
 [367 517]
 [366 516]
 [365 514]
 [365 512]
 [364 511]
 [363 509]
 [362 509]
 [361 507]
 [361 505]
 [361 504]
 [359 501]
 [357 499]
 [356 497]
 [353 495]
 [350 493]
 [348 492]
 [347 492]
 [345 491]
 [343 490]
 [341 490]
 [339 489]]
Fuhrman 3, [[395 940]
 [395 943]
 [395 945]
 [395 947]
 [396 949]
 [396 949]
 [396 950]
 [396 951]
 [395 953]
 [395 956]
 [395 960]
 [395 964]
 [396 967]
 [397 969]
 [398 971]
 [399 972]
 [401 972]
 [402 972]
 [404 973]
 [405 973]
 [407 973]
 [409 973]
 [411 973]
 [413 972]
 [414 970]
 [416 969]
 [418 967]
 [419 966]
 [420 964]
 [420 962]
 [421 961]
 [423 960]
 [424 958]
 [424 957]
 [425 954]
 [425 951]
 [424 947]
 [423 943]
 [421 940]
 [420 938]
 [418 936]
 [415 934]
 [412 932]
 [409 932]
 [406 931]
 [404 932]
 [401 933]
 [399 935]
 [397 937]
 [396 938]
 [396 939]
 [395 940]]
Fuhrman 3, [[588 832]
 [586 833]
 [585 834]
 [583 835]
 [582 837]
 [581 839]
 [580 841]
 [580 843]
 [580 845]
 [581 847]
 [582 848]
 [583 848]
 [584 849]
 [583 850]
 [583 853]
 [584 856]
 [584 858]
 [585 861]
 [587 862]
 [588 863]
 [590 863]
 [592 863]
 [594 863]
 [597 863]
 [600 862]
 [601 861]
 [603 859]
 [604 857]
 [606 856]
 [608 856]
 [610 855]
 [611 855]
 [614 855]
 [616 854]
 [618 853]
 [620 852]
 [620 850]
 [621 849]
 [622 848]
 [622 845]
 [622 843]
 [620 840]
 [618 838]
 [615 836]
 [613 834]
 [610 833]
 [609 833]
 [607 832]
 [605 832]
 [603 832]
 [602 832]
 [600 830]
 [598 830]
 [596 829]
 [594 830]
 [592 830]
 [590 831]
 [588 832]
 [588 832]]
Fuhrman 3, [[830 751]
 [830 749]
 [829 745]
 [830 744]
 [830 744]
 [830 743]
 [829 743]
 [827 743]
 [827 742]
 [827 741]
 [826 740]
 [826 740]
 [824 739]
 [823 740]
 [822 741]
 [820 741]
 [819 741]
 [818 741]
 [816 741]
 [815 740]
 [814 740]
 [813 740]
 [812 741]
 [811 743]
 [812 745]
 [812 746]
 [811 747]
 [810 749]
 [809 751]
 [808 753]
 [807 753]
 [806 754]
 [805 756]
 [805 758]
 [804 761]
 [804 763]
 [804 766]
 [803 771]
 [803 774]
 [803 779]
 [803 781]
 [803 784]
 [803 786]
 [804 788]
 [805 789]
 [806 790]
 [808 791]
 [809 791]
 [811 791]
 [814 791]
 [816 791]
 [819 791]
 [820 790]
 [821 789]
 [823 787]
 [824 786]
 [825 784]
 [825 783]
 [825 781]
 [826 779]
 [828 777]
 [828 776]
 [828 773]
 [829 770]
 [830 768]
 [830 764]
 [830 761]
 [830 758]
 [830 757]
 [830 754]
 [830 751]]
Fuhrman 3, [[926 829]
 [924 830]
 [922 830]
 [921 831]
 [921 832]
 [920 834]
 [921 835]
 [922 836]
 [922 837]
 [922 839]
 [922 841]
 [923 842]
 [924 844]
 [925 845]
 [924 846]
 [924 847]
 [923 848]
 [922 848]
 [921 849]
 [920 851]
 [921 853]
 [921 855]
 [922 858]
 [921 860]
 [921 862]
 [921 863]
 [922 864]
 [923 864]
 [925 864]
 [928 865]
 [929 865]
 [931 865]
 [932 865]
 [934 866]
 [935 866]
 [935 867]
 [935 868]
 [936 869]
 [937 869]
 [938 870]
 [939 870]
 [940 871]
 [943 872]
 [945 872]
 [947 872]
 [949 871]
 [952 870]
 [954 868]
 [956 866]
 [956 865]
 [957 865]
 [959 864]
 [960 864]
 [962 862]
 [963 860]
 [963 857]
 [963 854]
 [963 851]
 [962 848]
 [961 845]
 [961 843]
 [958 840]
 [956 839]
 [953 837]
 [949 836]
 [948 836]
 [945 835]
 [944 834]
 [943 833]
 [941 832]
 [938 832]
 [937 831]
 [934 830]
 [932 830]
 [929 829]
 [927 829]
 [926 829]]
Fuhrman 3, [[ 983  733]
 [ 980  735]
 [ 978  736]
 [ 977  737]
 [ 975  737]
 [ 975  739]
 [ 974  740]
 [ 973  742]
 [ 973  744]
 [ 974  746]
 [ 974  750]
 [ 976  753]
 [ 977  756]
 [ 980  759]
 [ 982  763]
 [ 983  765]
 [ 984  766]
 [ 986  767]
 [ 987  768]
 [ 988  769]
 [ 990  771]
 [ 992  772]
 [ 995  772]
 [ 997  773]
 [ 999  773]
 [1000  774]
 [1001  775]
 [1003  776]
 [1005  776]
 [1007  774]
 [1009  773]
 [1011  772]
 [1013  769]
 [1014  767]
 [1016  765]
 [1019  762]
 [1021  760]
 [1022  758]
 [1023  757]
 [1023  755]
 [1023  753]
 [1022  751]
 [1022  748]
 [1022  746]
 [1021  745]
 [1019  743]
 [1018  742]
 [1016  740]
 [1015  738]
 [1014  736]
 [1013  734]
 [1011  732]
 [1009  731]
 [1007  730]
 [1004  729]
 [1001  728]
 [ 998  728]
 [ 993  729]
 [ 992  729]
 [ 992  728]
 [ 990  728]
 [ 989  729]
 [ 989  730]
 [ 987  730]
 [ 985  731]
 [ 983  732]
 [ 983  733]]
Fuhrman 3, [[1147  644]
 [1144  646]
 [1142  648]
 [1142  649]
 [1141  650]
 [1139  652]
 [1138  653]
 [1136  656]
 [1136  659]
 [1135  661]
 [1135  664]
 [1136  667]
 [1137  668]
 [1138  670]
 [1141  670]
 [1143  671]
 [1146  670]
 [1148  670]
 [1150  669]
 [1153  668]
 [1157  666]
 [1159  664]
 [1161  663]
 [1163  662]
 [1166  660]
 [1168  658]
 [1169  657]
 [1170  655]
 [1170  653]
 [1171  650]
 [1171  645]
 [1170  642]
 [1169  640]
 [1168  638]
 [1166  638]
 [1165  637]
 [1162  636]
 [1161  636]
 [1158  638]
 [1157  639]
 [1155  639]
 [1152  641]
 [1150  642]
 [1148  643]
 [1147  644]
 [1147  644]]
Fuhrman 3, [[1336  551]
 [1334  551]
 [1333  551]
 [1331  550]
 [1329  549]
 [1327  550]
 [1324  550]
 [1321  551]
 [1320  553]
 [1319  553]
 [1317  553]
 [1315  554]
 [1313  555]
 [1312  557]
 [1312  560]
 [1311  562]
 [1311  565]
 [1312  567]
 [1312  570]
 [1313  572]
 [1314  574]
 [1315  575]
 [1318  576]
 [1320  577]
 [1324  577]
 [1328  577]
 [1331  577]
 [1334  577]
 [1337  577]
 [1340  577]
 [1342  577]
 [1346  577]
 [1348  577]
 [1352  577]
 [1355  576]
 [1357  576]
 [1359  575]
 [1361  574]
 [1363  572]
 [1365  571]
 [1366  569]
 [1366  568]
 [1366  566]
 [1366  564]
 [1365  561]
 [1363  559]
 [1360  557]
 [1357  556]
 [1354  554]
 [1353  553]
 [1350  553]
 [1349  553]
 [1347  552]
 [1344  552]
 [1341  551]
 [1339  551]
 [1337  551]
 [1336  551]]
Fuhrman 3, [[1435  556]
 [1433  556]
 [1431  556]
 [1430  557]
 [1429  558]
 [1428  559]
 [1427  559]
 [1423  559]
 [1421  559]
 [1418  560]
 [1416  561]
 [1415  563]
 [1414  565]
 [1413  567]
 [1413  569]
 [1412  570]
 [1412  573]
 [1413  575]
 [1413  577]
 [1414  579]
 [1415  581]
 [1416  582]
 [1418  582]
 [1419  583]
 [1421  584]
 [1423  585]
 [1425  585]
 [1427  585]
 [1428  585]
 [1428  586]
 [1428  587]
 [1429  588]
 [1430  589]
 [1431  589]
 [1433  588]
 [1435  588]
 [1436  588]
 [1438  588]
 [1439  589]
 [1441  590]
 [1443  590]
 [1445  590]
 [1447  591]
 [1448  591]
 [1449  590]
 [1450  590]
 [1452  588]
 [1454  586]
 [1455  585]
 [1456  584]
 [1456  583]
 [1457  581]
 [1457  578]
 [1457  575]
 [1457  573]
 [1456  570]
 [1455  568]
 [1454  566]
 [1452  564]
 [1450  563]
 [1449  562]
 [1448  561]
 [1447  560]
 [1445  558]
 [1444  557]
 [1442  556]
 [1439  556]
 [1437  556]
 [1436  556]
 [1434  556]]
Fuhrman 3, [[1525  975]
 [1527  976]
 [1528  976]
 [1530  976]
 [1532  976]
 [1534  976]
 [1536  976]
 [1537  976]
 [1539  975]
 [1540  974]
 [1541  971]
 [1541  968]
 [1542  964]
 [1543  961]
 [1544  961]
 [1545  961]
 [1547  961]
 [1549  960]
 [1551  959]
 [1552  957]
 [1552  955]
 [1552  952]
 [1552  951]
 [1552  948]
 [1550  946]
 [1549  945]
 [1547  944]
 [1545  945]
 [1542  944]
 [1539  943]
 [1536  941]
 [1533  940]
 [1530  938]
 [1528  937]
 [1525  937]
 [1522  936]
 [1519  937]
 [1516  940]
 [1515  940]
 [1513  940]
 [1513  941]
 [1512  942]
 [1513  944]
 [1513  945]
 [1512  946]
 [1510  948]
 [1509  951]
 [1508  955]
 [1509  959]
 [1509  962]
 [1510  965]
 [1512  968]
 [1514  970]
 [1517  972]
 [1518  972]
 [1520  973]
 [1522  974]
 [1523  975]
 [1524  975]
 [1525  975]]
Fuhrman 3, [[1557  995]
 [1556  996]
 [1554  996]
 [1553  997]
 [1552  999]
 [1551 1001]
 [1550 1002]
 [1550 1005]
 [1549 1007]
 [1549 1009]
 [1547 1011]
 [1546 1012]
 [1546 1015]
 [1546 1016]
 [1547 1018]
 [1548 1019]
 [1549 1020]
 [1551 1021]
 [1552 1023]
 [1554 1024]
 [1556 1025]
 [1558 1027]
 [1560 1027]
 [1561 1028]
 [1563 1028]
 [1565 1028]
 [1569 1028]
 [1572 1028]
 [1575 1027]
 [1576 1026]
 [1577 1025]
 [1578 1025]
 [1579 1025]
 [1580 1024]
 [1582 1023]
 [1583 1022]
 [1584 1020]
 [1585 1017]
 [1585 1015]
 [1585 1013]
 [1585 1010]
 [1585 1008]
 [1585 1005]
 [1584 1003]
 [1583 1001]
 [1581  999]
 [1580  998]
 [1577  997]
 [1576  996]
 [1574  996]
 [1573  996]
 [1573  995]
 [1571  995]
 [1569  995]
 [1566  994]
 [1564  994]
 [1562  994]
 [1561  994]
 [1559  994]
 [1558  994]
 [1557  995]]
Fuhrman 3, [[1906  890]
 [1904  890]
 [1902  891]
 [1899  891]
 [1897  892]
 [1895  893]
 [1891  896]
 [1891  897]
 [1891  899]
 [1891  900]
 [1890  900]
 [1889  900]
 [1887  901]
 [1885  901]
 [1884  903]
 [1882  905]
 [1882  908]
 [1882  910]
 [1883  913]
 [1883  915]
 [1885  916]
 [1886  919]
 [1888  920]
 [1889  921]
 [1891  922]
 [1893  922]
 [1895  923]
 [1897  924]
 [1900  924]
 [1903  924]
 [1904  923]
 [1905  922]
 [1906  922]
 [1908  921]
 [1910  920]
 [1911  919]
 [1913  918]
 [1914  916]
 [1915  916]
 [1916  917]
 [1918  915]
 [1919  914]
 [1919  913]
 [1919  911]
 [1919  909]
 [1918  908]
 [1919  907]
 [1920  906]
 [1920  903]
 [1920  901]
 [1920  900]
 [1919  897]
 [1918  895]
 [1918  895]
 [1917  894]
 [1917  893]
 [1916  891]
 [1914  890]
 [1911  889]
 [1909  889]
 [1907  890]
 [1906  890]]
Fuhrman 3, [[1883  160]
 [1881  161]
 [1879  162]
 [1877  163]
 [1876  164]
 [1874  165]
 [1872  167]
 [1871  170]
 [1870  172]
 [1869  174]
 [1867  176]
 [1867  179]
 [1866  181]
 [1865  184]
 [1865  186]
 [1864  187]
 [1863  187]
 [1863  188]
 [1863  189]
 [1863  190]
 [1863  191]
 [1863  193]
 [1862  194]
 [1861  196]
 [1861  198]
 [1860  201]
 [1861  203]
 [1862  204]
 [1863  205]
 [1865  207]
 [1867  208]
 [1869  208]
 [1872  208]
 [1874  208]
 [1876  208]
 [1878  207]
 [1880  205]
 [1881  204]
 [1884  203]
 [1885  201]
 [1887  200]
 [1888  199]
 [1888  198]
 [1889  197]
 [1890  196]
 [1892  194]
 [1894  191]
 [1895  189]
 [1896  187]
 [1897  185]
 [1898  184]
 [1899  182]
 [1899  180]
 [1899  177]
 [1899  174]
 [1898  170]
 [1897  168]
 [1896  166]
 [1896  164]
 [1895  163]
 [1893  162]
 [1891  162]
 [1888  161]
 [1887  160]
 [1886  160]
 [1884  160]
 [1883  160]]
Fuhrman 3, [[1291  267]
 [1289  268]
 [1287  269]
 [1284  271]
 [1283  273]
 [1282  274]
 [1281  275]
 [1280  276]
 [1279  278]
 [1279  280]
 [1278  281]
 [1277  282]
 [1275  283]
 [1274  285]
 [1273  287]
 [1273  289]
 [1273  292]
 [1273  295]
 [1273  296]
 [1275  299]
 [1276  301]
 [1279  303]
 [1280  304]
 [1282  304]
 [1283  305]
 [1284  305]
 [1285  305]
 [1287  305]
 [1290  305]
 [1293  305]
 [1295  305]
 [1297  304]
 [1299  304]
 [1301  303]
 [1302  301]
 [1303  299]
 [1304  297]
 [1305  294]
 [1305  291]
 [1305  289]
 [1304  287]
 [1304  284]
 [1303  282]
 [1302  280]
 [1302  278]
 [1302  277]
 [1301  276]
 [1300  275]
 [1299  273]
 [1298  271]
 [1297  270]
 [1295  268]
 [1294  268]
 [1293  267]
 [1292  267]
 [1291  267]]
Fuhrman 3, [[1294  395]
 [1293  395]
 [1292  396]
 [1291  398]
 [1291  400]
 [1291  400]
 [1289  401]
 [1289  402]
 [1288  403]
 [1288  405]
 [1288  408]
 [1288  411]
 [1288  413]
 [1289  415]
 [1290  417]
 [1291  418]
 [1292  419]
 [1293  420]
 [1294  421]
 [1295  421]
 [1297  421]
 [1298  421]
 [1299  420]
 [1300  420]
 [1301  420]
 [1302  420]
 [1303  420]
 [1304  421]
 [1304  422]
 [1304  422]
 [1304  424]
 [1305  425]
 [1305  425]
 [1306  426]
 [1307  427]
 [1307  429]
 [1308  430]
 [1309  430]
 [1310  430]
 [1312  431]
 [1313  431]
 [1315  430]
 [1316  430]
 [1317  429]
 [1318  428]
 [1319  427]
 [1320  427]
 [1321  426]
 [1322  425]
 [1323  423]
 [1324  422]
 [1324  419]
 [1324  416]
 [1323  413]
 [1322  409]
 [1322  408]
 [1322  407]
 [1322  407]
 [1321  406]
 [1321  405]
 [1320  403]
 [1319  403]
 [1319  401]
 [1318  399]
 [1317  397]
 [1316  397]
 [1315  396]
 [1313  396]
 [1312  395]
 [1311  395]
 [1311  394]
 [1311  393]
 [1309  392]
 [1306  392]
 [1304  392]
 [1301  392]
 [1299  392]
 [1297  393]
 [1295  394]
 [1294  395]]
Fuhrman 3, [[823 611]
 [823 608]
 [823 604]
 [823 601]
 [822 597]
 [819 594]
 [817 592]
 [814 590]
 [811 589]
 [807 589]
 [805 589]
 [803 590]
 [801 592]
 [800 592]
 [799 593]
 [798 595]
 [797 597]
 [797 599]
 [797 602]
 [796 604]
 [796 606]
 [795 609]
 [795 611]
 [795 614]
 [796 617]
 [796 618]
 [796 620]
 [796 623]
 [796 625]
 [797 627]
 [797 629]
 [797 631]
 [798 634]
 [799 637]
 [801 639]
 [803 641]
 [805 643]
 [808 643]
 [810 644]
 [814 643]
 [817 642]
 [820 640]
 [822 639]
 [824 637]
 [825 634]
 [825 632]
 [825 629]
 [825 626]
 [825 624]
 [825 620]
 [824 617]
 [824 615]
 [823 613]
 [823 611]]
Fuhrman 3, [[920 661]
 [918 660]
 [916 660]
 [914 660]
 [913 661]
 [911 661]
 [909 662]
 [908 664]
 [907 665]
 [905 668]
 [903 671]
 [901 673]
 [899 675]
 [898 677]
 [897 679]
 [896 680]
 [895 682]
 [895 684]
 [896 685]
 [896 686]
 [896 687]
 [896 689]
 [897 691]
 [897 693]
 [898 695]
 [898 697]
 [899 699]
 [900 700]
 [901 701]
 [902 701]
 [904 701]
 [906 701]
 [908 702]
 [910 702]
 [912 701]
 [914 701]
 [915 700]
 [917 700]
 [919 700]
 [920 699]
 [922 698]
 [923 697]
 [925 695]
 [926 695]
 [927 693]
 [927 691]
 [927 689]
 [927 689]
 [929 689]
 [930 688]
 [931 687]
 [931 685]
 [932 683]
 [932 681]
 [932 678]
 [932 676]
 [931 673]
 [929 670]
 [928 667]
 [927 665]
 [926 664]
 [925 663]
 [924 662]
 [923 662]
 [922 662]
 [921 661]
 [921 661]
 [920 661]]
Fuhrman 3, [[1153  107]
 [1152  109]
 [1152  110]
 [1152  111]
 [1151  111]
 [1149  111]
 [1148  112]
 [1147  112]
 [1146  114]
 [1145  116]
 [1145  119]
 [1145  122]
 [1145  124]
 [1145  126]
 [1146  127]
 [1146  128]
 [1147  129]
 [1147  131]
 [1147  132]
 [1147  135]
 [1148  137]
 [1149  139]
 [1150  141]
 [1151  142]
 [1153  144]
 [1154  145]
 [1156  146]
 [1157  146]
 [1159  147]
 [1161  147]
 [1163  147]
 [1166  147]
 [1168  146]
 [1170  145]
 [1170  144]
 [1172  144]
 [1172  143]
 [1173  142]
 [1174  140]
 [1175  138]
 [1175  137]
 [1176  136]
 [1176  135]
 [1176  133]
 [1177  130]
 [1177  129]
 [1176  127]
 [1176  126]
 [1177  122]
 [1176  120]
 [1176  119]
 [1176  116]
 [1176  114]
 [1175  113]
 [1175  112]
 [1174  112]
 [1173  111]
 [1173  110]
 [1172  108]
 [1171  107]
 [1170  105]
 [1168  104]
 [1165  103]
 [1164  103]
 [1162  103]
 [1160  104]
 [1158  104]
 [1157  104]
 [1156  105]
 [1155  106]
 [1154  106]
 [1153  107]]
