Fuhrman 3, [[ 97  43]
 [ 95  45]
 [ 94  46]
 [ 93  48]
 [ 92  50]
 [ 92  51]
 [ 91  53]
 [ 90  54]
 [ 89  57]
 [ 89  58]
 [ 89  60]
 [ 90  62]
 [ 91  64]
 [ 92  65]
 [ 94  66]
 [ 95  67]
 [ 96  68]
 [ 96  68]
 [ 98  69]
 [100  70]
 [103  70]
 [104  70]
 [107  71]
 [110  71]
 [116  70]
 [119  69]
 [121  68]
 [123  67]
 [125  65]
 [126  64]
 [129  60]
 [129  59]
 [131  58]
 [131  56]
 [132  54]
 [133  51]
 [133  49]
 [132  47]
 [132  44]
 [132  42]
 [131  41]
 [130  39]
 [129  38]
 [127  37]
 [124  36]
 [122  36]
 [118  35]
 [114  36]
 [111  36]
 [108  36]
 [106  37]
 [103  38]
 [101  39]
 [ 99  41]
 [ 98  42]
 [ 97  43]]
Fuhrman 3, [[159 256]
 [161 254]
 [162 252]
 [163 250]
 [164 248]
 [164 247]
 [164 244]
 [163 243]
 [163 241]
 [161 239]
 [159 238]
 [157 237]
 [154 236]
 [153 235]
 [150 234]
 [149 232]
 [147 231]
 [144 231]
 [142 231]
 [141 232]
 [139 233]
 [137 234]
 [135 234]
 [134 235]
 [132 236]
 [132 238]
 [131 240]
 [131 242]
 [132 244]
 [132 246]
 [133 249]
 [134 251]
 [135 254]
 [137 256]
 [139 259]
 [140 261]
 [143 262]
 [145 262]
 [148 263]
 [151 262]
 [153 262]
 [155 260]
 [157 258]
 [158 257]
 [159 256]]
Fuhrman 3, [[107 234]
 [104 236]
 [103 238]
 [102 240]
 [101 241]
 [101 244]
 [102 246]
 [102 249]
 [103 251]
 [104 253]
 [105 255]
 [106 256]
 [107 258]
 [109 259]
 [111 260]
 [113 261]
 [114 262]
 [116 263]
 [119 264]
 [121 264]
 [124 263]
 [128 262]
 [131 261]
 [132 260]
 [133 259]
 [134 257]
 [135 254]
 [135 253]
 [134 252]
 [134 251]
 [133 250]
 [133 248]
 [133 247]
 [132 246]
 [132 244]
 [132 243]
 [131 242]
 [131 241]
 [131 239]
 [131 238]
 [129 238]
 [129 239]
 [128 238]
 [127 237]
 [127 236]
 [126 234]
 [125 233]
 [123 232]
 [120 232]
 [118 232]
 [116 232]
 [113 232]
 [111 232]
 [109 233]
 [108 233]
 [107 234]]
Fuhrman 3, [[277 277]
 [274 279]
 [272 280]
 [270 282]
 [268 284]
 [267 285]
 [267 288]
 [267 291]
 [267 293]
 [269 296]
 [272 298]
 [275 300]
 [279 302]
 [283 304]
 [285 304]
 [288 305]
 [290 305]
 [292 305]
 [296 305]
 [301 306]
 [306 305]
 [308 305]
 [312 305]
 [315 304]
 [318 303]
 [322 302]
 [324 301]
 [326 299]
 [328 298]
 [329 296]
 [329 294]
 [328 292]
 [327 290]
 [326 288]
 [325 286]
 [322 284]
 [320 282]
 [317 281]
 [314 281]
 [311 280]
 [309 279]
 [308 278]
 [306 277]
 [304 277]
 [303 277]
 [301 277]
 [297 277]
 [289 276]
 [286 276]
 [283 276]
 [281 277]
 [278 277]
 [277 277]]
Fuhrman 3, [[860 895]
 [858 897]
 [855 898]
 [853 900]
 [851 902]
 [850 903]
 [849 905]
 [848 906]
 [847 909]
 [846 912]
 [846 914]
 [847 917]
 [847 919]
 [849 920]
 [850 922]
 [851 923]
 [853 924]
 [854 925]
 [856 927]
 [858 927]
 [861 928]
 [863 928]
 [865 927]
 [866 927]
 [868 926]
 [871 925]
 [873 924]
 [874 923]
 [876 922]
 [877 920]
 [878 919]
 [879 917]
 [880 916]
 [881 914]
 [881 912]
 [882 910]
 [882 907]
 [883 904]
 [883 901]
 [882 899]
 [882 897]
 [881 896]
 [879 894]
 [878 892]
 [877 891]
 [875 890]
 [873 890]
 [871 890]
 [870 890]
 [868 890]
 [866 891]
 [864 892]
 [863 893]
 [862 893]
 [861 893]
 [861 894]
 [860 895]]
Fuhrman 3, [[891 913]
 [890 913]
 [888 914]
 [886 915]
 [885 916]
 [884 918]
 [883 919]
 [882 920]
 [880 922]
 [879 924]
 [879 926]
 [878 928]
 [878 931]
 [878 933]
 [879 935]
 [880 937]
 [882 939]
 [884 941]
 [887 942]
 [890 942]
 [892 941]
 [895 941]
 [897 940]
 [898 939]
 [900 938]
 [901 937]
 [902 936]
 [903 934]
 [904 933]
 [905 931]
 [906 930]
 [906 928]
 [907 927]
 [907 925]
 [908 924]
 [908 922]
 [908 920]
 [908 918]
 [907 917]
 [906 915]
 [905 914]
 [904 913]
 [903 913]
 [901 912]
 [900 911]
 [899 910]
 [897 910]
 [896 910]
 [895 910]
 [894 911]
 [894 912]
 [893 912]
 [891 913]]
Fuhrman 3, [[723 674]
 [722 673]
 [720 673]
 [718 673]
 [717 674]
 [715 674]
 [713 674]
 [711 674]
 [709 674]
 [707 675]
 [705 674]
 [703 675]
 [701 676]
 [699 677]
 [697 679]
 [696 681]
 [695 682]
 [693 683]
 [692 687]
 [691 690]
 [691 692]
 [691 694]
 [692 696]
 [693 696]
 [695 697]
 [695 697]
 [697 698]
 [698 698]
 [699 697]
 [700 696]
 [701 696]
 [703 696]
 [704 698]
 [705 699]
 [707 700]
 [709 701]
 [711 702]
 [713 701]
 [715 701]
 [717 700]
 [720 699]
 [721 698]
 [722 697]
 [723 695]
 [725 694]
 [726 691]
 [727 690]
 [727 687]
 [728 685]
 [729 684]
 [729 682]
 [729 680]
 [728 678]
 [728 677]
 [727 676]
 [726 675]
 [725 674]
 [723 674]]
Fuhrman 3, [[888 534]
 [886 536]
 [885 537]
 [883 538]
 [882 539]
 [881 541]
 [880 542]
 [878 544]
 [877 548]
 [876 551]
 [876 554]
 [875 556]
 [875 558]
 [875 561]
 [876 565]
 [877 568]
 [879 570]
 [882 572]
 [884 574]
 [887 575]
 [890 575]
 [892 575]
 [894 574]
 [897 573]
 [899 572]
 [903 571]
 [905 570]
 [908 568]
 [909 566]
 [910 565]
 [912 564]
 [913 563]
 [914 560]
 [915 557]
 [915 554]
 [914 551]
 [914 548]
 [914 545]
 [912 543]
 [911 540]
 [910 538]
 [909 537]
 [906 535]
 [904 534]
 [903 533]
 [901 532]
 [899 531]
 [896 532]
 [895 532]
 [892 533]
 [890 534]
 [888 534]]
Fuhrman 3, [[1084  458]
 [1085  456]
 [1085  454]
 [1086  451]
 [1086  449]
 [1086  447]
 [1085  444]
 [1085  442]
 [1084  440]
 [1082  439]
 [1080  438]
 [1077  437]
 [1075  437]
 [1071  437]
 [1070  438]
 [1070  438]
 [1068  438]
 [1067  438]
 [1065  440]
 [1063  442]
 [1062  444]
 [1061  447]
 [1061  449]
 [1061  450]
 [1062  453]
 [1061  456]
 [1061  457]
 [1060  457]
 [1059  459]
 [1059  461]
 [1059  463]
 [1059  465]
 [1060  466]
 [1061  466]
 [1062  467]
 [1062  468]
 [1063  470]
 [1064  471]
 [1066  472]
 [1068  472]
 [1070  472]
 [1072  472]
 [1074  471]
 [1077  469]
 [1078  468]
 [1080  466]
 [1081  465]
 [1081  463]
 [1082  462]
 [1083  460]
 [1084  459]
 [1084  458]]
Fuhrman 3, [[1195  327]
 [1192  329]
 [1190  330]
 [1189  330]
 [1188  332]
 [1186  333]
 [1186  335]
 [1186  337]
 [1185  339]
 [1185  342]
 [1186  345]
 [1187  347]
 [1187  349]
 [1189  351]
 [1191  353]
 [1193  354]
 [1195  355]
 [1198  355]
 [1201  355]
 [1205  355]
 [1207  355]
 [1209  355]
 [1210  354]
 [1211  353]
 [1212  353]
 [1214  352]
 [1216  351]
 [1217  350]
 [1217  349]
 [1218  347]
 [1218  345]
 [1218  344]
 [1218  343]
 [1217  341]
 [1217  340]
 [1217  338]
 [1217  336]
 [1217  334]
 [1217  333]
 [1216  331]
 [1216  330]
 [1215  329]
 [1214  328]
 [1213  328]
 [1211  327]
 [1210  326]
 [1208  325]
 [1206  325]
 [1204  325]
 [1202  325]
 [1201  325]
 [1199  324]
 [1198  325]
 [1197  326]
 [1196  326]
 [1195  327]
 [1194  328]]
Fuhrman 3, [[1489  794]
 [1487  795]
 [1485  794]
 [1484  794]
 [1482  793]
 [1481  793]
 [1480  793]
 [1479  793]
 [1477  793]
 [1476  793]
 [1474  794]
 [1473  795]
 [1472  796]
 [1471  797]
 [1470  799]
 [1469  800]
 [1469  802]
 [1469  804]
 [1470  805]
 [1470  807]
 [1471  809]
 [1472  810]
 [1472  812]
 [1472  813]
 [1474  816]
 [1475  817]
 [1477  818]
 [1479  819]
 [1480  819]
 [1482  819]
 [1485  819]
 [1488  819]
 [1490  819]
 [1491  818]
 [1493  817]
 [1494  816]
 [1495  815]
 [1495  813]
 [1496  812]
 [1497  810]
 [1498  809]
 [1499  808]
 [1499  806]
 [1500  805]
 [1501  803]
 [1501  802]
 [1500  799]
 [1500  798]
 [1499  797]
 [1499  795]
 [1498  795]
 [1497  794]
 [1496  794]
 [1495  793]
 [1494  794]
 [1493  794]
 [1491  794]
 [1490  794]
 [1489  794]]
Fuhrman 3, [[1245  739]
 [1242  740]
 [1238  742]
 [1236  745]
 [1234  747]
 [1232  750]
 [1231  753]
 [1231  758]
 [1231  761]
 [1232  764]
 [1233  767]
 [1235  770]
 [1237  772]
 [1239  773]
 [1241  774]
 [1243  774]
 [1245  774]
 [1246  775]
 [1247  775]
 [1249  776]
 [1251  776]
 [1254  776]
 [1255  775]
 [1257  775]
 [1259  774]
 [1263  772]
 [1266  769]
 [1268  768]
 [1270  767]
 [1271  765]
 [1272  763]
 [1273  762]
 [1274  760]
 [1274  757]
 [1275  755]
 [1274  753]
 [1274  752]
 [1273  751]
 [1273  750]
 [1272  749]
 [1271  748]
 [1270  746]
 [1268  745]
 [1267  744]
 [1266  744]
 [1265  744]
 [1264  743]
 [1263  742]
 [1261  741]
 [1260  740]
 [1258  740]
 [1254  739]
 [1253  739]
 [1251  739]
 [1248  739]
 [1247  739]
 [1245  739]]
Fuhrman 3, [[ 811 1013]
 [ 809 1014]
 [ 807 1016]
 [ 806 1017]
 [ 804 1018]
 [ 803 1021]
 [ 802 1025]
 [ 803 1027]
 [ 804 1030]
 [ 806 1034]
 [ 807 1035]
 [ 809 1038]
 [ 811 1039]
 [ 813 1041]
 [ 816 1043]
 [ 818 1045]
 [ 821 1046]
 [ 823 1047]
 [ 826 1048]
 [ 828 1048]
 [ 832 1048]
 [ 834 1047]
 [ 836 1046]
 [ 838 1045]
 [ 840 1044]
 [ 841 1042]
 [ 842 1040]
 [ 843 1038]
 [ 843 1036]
 [ 843 1035]
 [ 843 1033]
 [ 842 1032]
 [ 841 1032]
 [ 841 1031]
 [ 840 1029]
 [ 839 1027]
 [ 838 1026]
 [ 837 1024]
 [ 835 1022]
 [ 833 1021]
 [ 832 1020]
 [ 832 1019]
 [ 831 1018]
 [ 830 1018]
 [ 829 1017]
 [ 827 1016]
 [ 825 1015]
 [ 822 1014]
 [ 820 1013]
 [ 818 1013]
 [ 815 1013]
 [ 813 1013]
 [ 812 1013]
 [ 811 1013]]
Fuhrman 3, [[1238  996]
 [1237  996]
 [1235  997]
 [1234  997]
 [1233  998]
 [1232  999]
 [1232 1000]
 [1230 1001]
 [1229 1002]
 [1227 1002]
 [1226 1004]
 [1225 1005]
 [1224 1006]
 [1223 1007]
 [1222 1009]
 [1222 1011]
 [1221 1013]
 [1221 1015]
 [1222 1018]
 [1223 1020]
 [1224 1021]
 [1225 1022]
 [1226 1023]
 [1227 1024]
 [1228 1024]
 [1230 1025]
 [1232 1026]
 [1234 1026]
 [1236 1026]
 [1238 1026]
 [1241 1026]
 [1244 1025]
 [1246 1024]
 [1248 1023]
 [1250 1022]
 [1251 1021]
 [1252 1019]
 [1252 1018]
 [1253 1017]
 [1254 1016]
 [1256 1016]
 [1256 1014]
 [1257 1011]
 [1257 1010]
 [1257 1008]
 [1257 1006]
 [1257 1004]
 [1256 1003]
 [1255 1001]
 [1254 1000]
 [1253  999]
 [1252  999]
 [1251  998]
 [1250  998]
 [1249  998]
 [1248  997]
 [1246  996]
 [1243  996]
 [1241  996]
 [1240  996]
 [1238  996]]
Fuhrman 3, [[1851  834]
 [1849  835]
 [1848  835]
 [1846  837]
 [1843  838]
 [1841  840]
 [1840  841]
 [1839  842]
 [1838  844]
 [1838  845]
 [1838  847]
 [1838  849]
 [1838  850]
 [1839  851]
 [1840  853]
 [1840  854]
 [1841  855]
 [1842  856]
 [1843  857]
 [1844  857]
 [1846  857]
 [1848  858]
 [1850  858]
 [1852  858]
 [1855  858]
 [1856  858]
 [1857  857]
 [1858  856]
 [1859  856]
 [1860  856]
 [1862  855]
 [1863  855]
 [1865  854]
 [1866  852]
 [1866  851]
 [1867  850]
 [1867  849]
 [1868  848]
 [1868  847]
 [1868  845]
 [1868  843]
 [1868  842]
 [1867  841]
 [1866  840]
 [1866  838]
 [1865  837]
 [1863  836]
 [1862  835]
 [1860  835]
 [1857  834]
 [1855  834]
 [1853  834]
 [1851  834]]
Fuhrman 3, [[1589  931]
 [1587  931]
 [1585  931]
 [1583  931]
 [1581  932]
 [1580  933]
 [1578  933]
 [1574  933]
 [1572  935]
 [1570  937]
 [1568  939]
 [1567  941]
 [1566  943]
 [1565  946]
 [1566  949]
 [1567  952]
 [1568  954]
 [1570  956]
 [1572  957]
 [1573  958]
 [1574  959]
 [1576  959]
 [1577  960]
 [1579  961]
 [1581  961]
 [1585  960]
 [1589  960]
 [1592  958]
 [1594  957]
 [1596  956]
 [1598  954]
 [1599  953]
 [1600  950]
 [1601  948]
 [1602  945]
 [1602  943]
 [1602  942]
 [1601  939]
 [1600  937]
 [1598  936]
 [1597  935]
 [1596  933]
 [1595  932]
 [1593  931]
 [1592  931]
 [1590  931]
 [1589  931]]
Fuhrman 3, [[1014   40]
 [1012   40]
 [1010   40]
 [1008   40]
 [1006   41]
 [1005   42]
 [1004   43]
 [1002   44]
 [1001   44]
 [1000   46]
 [1000   48]
 [1000   50]
 [1000   53]
 [1000   56]
 [1001   58]
 [1002   60]
 [1003   62]
 [1005   64]
 [1006   65]
 [1008   67]
 [1010   68]
 [1012   69]
 [1014   69]
 [1016   69]
 [1019   69]
 [1022   68]
 [1025   67]
 [1027   65]
 [1030   63]
 [1032   60]
 [1033   58]
 [1035   56]
 [1036   54]
 [1036   53]
 [1036   50]
 [1035   48]
 [1034   46]
 [1033   44]
 [1031   43]
 [1029   42]
 [1028   41]
 [1027   40]
 [1026   40]
 [1025   40]
 [1023   40]
 [1021   39]
 [1019   39]
 [1017   39]
 [1015   39]
 [1014   40]]
Fuhrman 3, [[318  11]
 [317  12]
 [315  14]
 [314  15]
 [312  16]
 [311  18]
 [310  20]
 [310  21]
 [310  22]
 [308  23]
 [308  24]
 [307  26]
 [307  30]
 [307  33]
 [308  36]
 [308  38]
 [310  41]
 [312  43]
 [314  45]
 [317  46]
 [318  46]
 [321  46]
 [322  46]
 [324  45]
 [326  44]
 [328  43]
 [329  41]
 [331  40]
 [332  38]
 [334  36]
 [335  35]
 [335  32]
 [336  29]
 [336  26]
 [337  23]
 [337  22]
 [337  20]
 [337  18]
 [337  16]
 [336  14]
 [335  12]
 [334  11]
 [333  10]
 [332   9]
 [330   9]
 [329   8]
 [328   8]
 [326   8]
 [323   8]
 [322   9]
 [321   9]
 [320  10]
 [318  11]]
Fuhrman 3, [[1617  409]
 [1615  409]
 [1613  410]
 [1611  411]
 [1607  412]
 [1605  413]
 [1603  414]
 [1601  415]
 [1599  417]
 [1598  419]
 [1597  422]
 [1597  424]
 [1598  427]
 [1599  430]
 [1600  432]
 [1602  434]
 [1604  436]
 [1605  438]
 [1607  440]
 [1609  441]
 [1612  441]
 [1615  441]
 [1617  440]
 [1620  440]
 [1621  439]
 [1623  438]
 [1625  438]
 [1627  437]
 [1628  435]
 [1630  435]
 [1631  434]
 [1633  432]
 [1634  430]
 [1635  428]
 [1635  426]
 [1635  423]
 [1635  421]
 [1634  419]
 [1633  417]
 [1632  416]
 [1631  414]
 [1628  412]
 [1627  411]
 [1626  411]
 [1625  410]
 [1624  410]
 [1622  409]
 [1620  409]
 [1618  409]
 [1617  409]]
Fuhrman 3, [[1364  473]
 [1362  473]
 [1360  474]
 [1358  475]
 [1357  476]
 [1355  477]
 [1354  479]
 [1353  480]
 [1352  481]
 [1352  484]
 [1352  486]
 [1353  488]
 [1354  489]
 [1354  492]
 [1355  494]
 [1356  495]
 [1357  496]
 [1358  497]
 [1359  497]
 [1359  497]
 [1360  498]
 [1360  500]
 [1362  502]
 [1364  503]
 [1365  504]
 [1367  505]
 [1370  505]
 [1372  505]
 [1375  505]
 [1377  505]
 [1379  504]
 [1380  504]
 [1381  503]
 [1383  502]
 [1384  501]
 [1384  500]
 [1385  499]
 [1386  498]
 [1386  497]
 [1386  496]
 [1387  494]
 [1387  493]
 [1386  491]
 [1386  489]
 [1385  487]
 [1384  486]
 [1383  485]
 [1382  483]
 [1381  482]
 [1380  481]
 [1380  480]
 [1379  480]
 [1378  479]
 [1377  478]
 [1375  477]
 [1374  476]
 [1372  475]
 [1368  474]
 [1367  473]
 [1365  473]
 [1364  473]]
