Fuhrman 3, [[216 265]
 [213 267]
 [211 267]
 [208 269]
 [205 273]
 [204 277]
 [203 279]
 [203 282]
 [203 284]
 [204 286]
 [205 288]
 [206 288]
 [208 290]
 [208 291]
 [208 292]
 [209 293]
 [210 294]
 [211 294]
 [213 294]
 [215 294]
 [218 294]
 [220 294]
 [222 294]
 [224 293]
 [225 293]
 [228 292]
 [229 292]
 [231 291]
 [232 291]
 [233 290]
 [233 289]
 [234 289]
 [235 287]
 [236 286]
 [237 284]
 [237 282]
 [238 280]
 [238 278]
 [238 277]
 [237 275]
 [237 274]
 [236 272]
 [235 270]
 [234 269]
 [232 267]
 [230 266]
 [228 265]
 [225 265]
 [223 264]
 [220 265]
 [219 265]
 [216 265]]
Fuhrman 3, [[ 41 685]
 [ 38 686]
 [ 36 687]
 [ 33 689]
 [ 32 692]
 [ 31 695]
 [ 30 699]
 [ 29 703]
 [ 29 705]
 [ 29 708]
 [ 29 711]
 [ 31 716]
 [ 33 719]
 [ 34 720]
 [ 36 721]
 [ 37 722]
 [ 40 723]
 [ 42 723]
 [ 43 723]
 [ 45 723]
 [ 47 722]
 [ 49 721]
 [ 51 719]
 [ 53 718]
 [ 55 718]
 [ 56 717]
 [ 56 714]
 [ 56 711]
 [ 56 707]
 [ 57 704]
 [ 57 700]
 [ 56 696]
 [ 56 693]
 [ 55 691]
 [ 55 689]
 [ 53 687]
 [ 51 685]
 [ 49 684]
 [ 47 684]
 [ 44 684]
 [ 42 685]
 [ 41 685]]
Fuhrman 3, [[ 70 747]
 [ 68 748]
 [ 65 750]
 [ 63 751]
 [ 62 752]
 [ 60 753]
 [ 59 755]
 [ 58 757]
 [ 57 758]
 [ 55 760]
 [ 54 762]
 [ 53 764]
 [ 53 767]
 [ 52 770]
 [ 52 773]
 [ 52 776]
 [ 52 778]
 [ 53 780]
 [ 54 782]
 [ 56 782]
 [ 56 783]
 [ 57 783]
 [ 58 784]
 [ 62 784]
 [ 64 784]
 [ 66 784]
 [ 69 783]
 [ 71 782]
 [ 73 782]
 [ 75 781]
 [ 76 781]
 [ 78 780]
 [ 79 779]
 [ 80 777]
 [ 81 776]
 [ 82 775]
 [ 83 774]
 [ 84 773]
 [ 85 772]
 [ 86 771]
 [ 86 770]
 [ 86 769]
 [ 87 768]
 [ 88 766]
 [ 90 763]
 [ 91 761]
 [ 91 759]
 [ 90 757]
 [ 90 754]
 [ 89 754]
 [ 89 753]
 [ 89 752]
 [ 87 750]
 [ 86 749]
 [ 84 748]
 [ 81 747]
 [ 78 746]
 [ 75 746]
 [ 73 746]
 [ 71 747]
 [ 70 747]]
Fuhrman 3, [[ 240  993]
 [ 237  994]
 [ 233  995]
 [ 228  998]
 [ 226  999]
 [ 225 1000]
 [ 223 1002]
 [ 222 1004]
 [ 222 1007]
 [ 222 1012]
 [ 222 1015]
 [ 223 1017]
 [ 224 1018]
 [ 224 1019]
 [ 226 1020]
 [ 228 1021]
 [ 231 1021]
 [ 235 1021]
 [ 241 1022]
 [ 245 1022]
 [ 248 1022]
 [ 251 1021]
 [ 253 1019]
 [ 256 1016]
 [ 258 1015]
 [ 260 1012]
 [ 261 1009]
 [ 262 1008]
 [ 262 1005]
 [ 262 1002]
 [ 262 1000]
 [ 262  998]
 [ 261  996]
 [ 260  994]
 [ 258  993]
 [ 256  992]
 [ 253  991]
 [ 249  990]
 [ 247  991]
 [ 243  991]
 [ 241  992]
 [ 240  993]]
Fuhrman 3, [[ 322 1017]
 [ 323 1015]
 [ 325 1013]
 [ 325 1010]
 [ 325 1008]
 [ 324 1004]
 [ 323 1002]
 [ 322  998]
 [ 317  994]
 [ 315  993]
 [ 314  992]
 [ 312  992]
 [ 310  992]
 [ 308  993]
 [ 307  993]
 [ 305  995]
 [ 304  995]
 [ 302  996]
 [ 299  996]
 [ 297  996]
 [ 295  997]
 [ 294  998]
 [ 292 1000]
 [ 291 1001]
 [ 290 1003]
 [ 290 1004]
 [ 289 1005]
 [ 288 1007]
 [ 288 1009]
 [ 288 1012]
 [ 288 1014]
 [ 289 1016]
 [ 290 1018]
 [ 292 1020]
 [ 293 1021]
 [ 295 1022]
 [ 297 1023]
 [ 299 1023]
 [ 301 1024]
 [ 303 1024]
 [ 306 1024]
 [ 308 1024]
 [ 311 1024]
 [ 313 1023]
 [ 316 1022]
 [ 317 1021]
 [ 319 1020]
 [ 319 1019]
 [ 321 1018]
 [ 322 1017]]
Fuhrman 3, [[503 317]
 [499 319]
 [497 320]
 [495 321]
 [493 323]
 [491 324]
 [490 326]
 [489 329]
 [489 331]
 [489 333]
 [489 335]
 [489 338]
 [490 343]
 [490 345]
 [491 347]
 [492 348]
 [494 348]
 [495 349]
 [496 351]
 [497 352]
 [500 353]
 [503 353]
 [505 353]
 [507 352]
 [509 352]
 [510 352]
 [512 352]
 [514 351]
 [515 349]
 [516 347]
 [516 345]
 [518 345]
 [519 344]
 [519 342]
 [519 340]
 [520 338]
 [520 335]
 [520 331]
 [520 329]
 [520 327]
 [519 325]
 [518 323]
 [517 322]
 [515 321]
 [513 320]
 [512 320]
 [511 319]
 [509 318]
 [506 317]
 [504 317]
 [502 317]]
Fuhrman 3, [[723 293]
 [719 296]
 [718 298]
 [716 301]
 [715 304]
 [715 307]
 [715 311]
 [715 314]
 [716 319]
 [717 325]
 [719 327]
 [721 330]
 [724 332]
 [726 333]
 [728 333]
 [731 333]
 [734 333]
 [736 332]
 [739 330]
 [741 327]
 [743 325]
 [745 321]
 [745 317]
 [745 315]
 [746 312]
 [746 310]
 [745 307]
 [745 305]
 [745 303]
 [745 301]
 [744 298]
 [742 295]
 [740 294]
 [738 292]
 [736 291]
 [734 291]
 [731 291]
 [729 291]
 [727 292]
 [725 292]
 [722 294]]
Fuhrman 3, [[891 206]
 [888 208]
 [886 209]
 [884 211]
 [883 213]
 [882 216]
 [881 218]
 [879 220]
 [879 221]
 [878 223]
 [878 226]
 [879 229]
 [881 233]
 [882 234]
 [883 236]
 [885 238]
 [886 239]
 [889 239]
 [892 239]
 [894 239]
 [896 238]
 [899 237]
 [901 236]
 [902 234]
 [904 232]
 [906 230]
 [907 229]
 [908 227]
 [909 226]
 [910 224]
 [910 222]
 [910 219]
 [910 217]
 [910 215]
 [910 213]
 [909 211]
 [909 210]
 [908 209]
 [906 208]
 [905 207]
 [903 207]
 [901 206]
 [899 206]
 [897 205]
 [895 205]
 [893 205]
 [891 206]]
Fuhrman 3, [[ 641 1027]
 [ 640 1026]
 [ 639 1025]
 [ 639 1024]
 [ 638 1023]
 [ 637 1023]
 [ 635 1023]
 [ 633 1024]
 [ 632 1025]
 [ 631 1026]
 [ 629 1027]
 [ 628 1027]
 [ 625 1029]
 [ 624 1029]
 [ 622 1029]
 [ 620 1029]
 [ 618 1030]
 [ 616 1031]
 [ 615 1033]
 [ 613 1034]
 [ 612 1035]
 [ 611 1037]
 [ 610 1039]
 [ 610 1041]
 [ 609 1042]
 [ 608 1045]
 [ 608 1048]
 [ 608 1050]
 [ 609 1051]
 [ 610 1053]
 [ 610 1055]
 [ 611 1056]
 [ 612 1058]
 [ 614 1059]
 [ 616 1060]
 [ 617 1061]
 [ 619 1062]
 [ 622 1061]
 [ 625 1061]
 [ 629 1060]
 [ 630 1059]
 [ 632 1058]
 [ 634 1058]
 [ 636 1056]
 [ 637 1055]
 [ 639 1054]
 [ 639 1053]
 [ 639 1051]
 [ 640 1049]
 [ 641 1047]
 [ 642 1045]
 [ 643 1044]
 [ 643 1042]
 [ 644 1039]
 [ 644 1037]
 [ 644 1035]
 [ 644 1033]
 [ 643 1031]
 [ 643 1030]
 [ 642 1028]
 [ 641 1027]]
Fuhrman 3, [[1031  817]
 [1027  819]
 [1025  821]
 [1024  824]
 [1023  826]
 [1021  828]
 [1020  830]
 [1019  833]
 [1019  836]
 [1019  838]
 [1020  839]
 [1021  840]
 [1022  840]
 [1023  841]
 [1024  842]
 [1024  844]
 [1026  845]
 [1028  845]
 [1030  845]
 [1033  845]
 [1035  845]
 [1039  846]
 [1041  845]
 [1044  844]
 [1045  842]
 [1047  841]
 [1049  840]
 [1051  838]
 [1052  836]
 [1052  834]
 [1053  832]
 [1054  831]
 [1055  828]
 [1054  824]
 [1054  822]
 [1053  820]
 [1051  818]
 [1050  817]
 [1048  816]
 [1047  816]
 [1044  815]
 [1041  815]
 [1038  815]
 [1035  815]
 [1034  815]
 [1033  816]
 [1031  817]
 [1030  817]]
Fuhrman 3, [[1167  585]
 [1165  586]
 [1164  588]
 [1163  590]
 [1163  593]
 [1163  595]
 [1163  598]
 [1164  600]
 [1165  601]
 [1166  602]
 [1166  603]
 [1167  603]
 [1168  603]
 [1168  604]
 [1168  605]
 [1170  606]
 [1171  608]
 [1173  611]
 [1175  611]
 [1175  612]
 [1175  613]
 [1175  615]
 [1176  617]
 [1176  618]
 [1178  619]
 [1179  620]
 [1181  619]
 [1182  620]
 [1184  620]
 [1185  621]
 [1187  621]
 [1190  621]
 [1193  621]
 [1195  620]
 [1196  619]
 [1198  618]
 [1200  616]
 [1201  615]
 [1203  614]
 [1204  613]
 [1204  611]
 [1204  609]
 [1204  609]
 [1204  608]
 [1204  606]
 [1203  605]
 [1202  603]
 [1201  602]
 [1200  601]
 [1199  599]
 [1197  598]
 [1196  597]
 [1196  596]
 [1196  594]
 [1196  593]
 [1194  590]
 [1194  589]
 [1193  588]
 [1192  588]
 [1191  588]
 [1190  588]
 [1190  587]
 [1189  586]
 [1188  585]
 [1186  584]
 [1184  583]
 [1182  582]
 [1181  582]
 [1180  581]
 [1179  581]
 [1177  580]
 [1175  580]
 [1173  581]
 [1171  582]
 [1170  583]
 [1169  583]
 [1168  584]
 [1167  585]]
Fuhrman 3, [[1190  514]
 [1187  517]
 [1185  518]
 [1184  519]
 [1182  520]
 [1182  523]
 [1181  525]
 [1181  529]
 [1182  532]
 [1182  535]
 [1183  537]
 [1185  538]
 [1189  541]
 [1191  542]
 [1193  542]
 [1196  542]
 [1199  542]
 [1204  540]
 [1206  539]
 [1208  537]
 [1210  537]
 [1211  536]
 [1213  535]
 [1215  534]
 [1216  533]
 [1216  531]
 [1217  530]
 [1217  528]
 [1217  525]
 [1217  523]
 [1217  521]
 [1216  519]
 [1215  517]
 [1214  514]
 [1213  513]
 [1211  512]
 [1210  512]
 [1209  511]
 [1207  510]
 [1205  509]
 [1202  509]
 [1199  510]
 [1196  511]
 [1194  512]
 [1192  513]
 [1190  514]]
Fuhrman 3, [[1404  433]
 [1402  435]
 [1400  437]
 [1398  440]
 [1395  444]
 [1394  446]
 [1393  449]
 [1392  452]
 [1392  456]
 [1392  460]
 [1392  463]
 [1393  466]
 [1394  469]
 [1396  471]
 [1398  474]
 [1399  475]
 [1401  477]
 [1402  478]
 [1404  479]
 [1406  479]
 [1408  479]
 [1410  478]
 [1412  477]
 [1414  475]
 [1415  473]
 [1416  471]
 [1417  469]
 [1417  467]
 [1418  464]
 [1418  462]
 [1419  460]
 [1420  458]
 [1421  455]
 [1421  452]
 [1421  447]
 [1420  444]
 [1420  441]
 [1420  439]
 [1419  437]
 [1418  437]
 [1417  436]
 [1417  436]
 [1416  434]
 [1415  433]
 [1414  432]
 [1413  431]
 [1411  430]
 [1409  431]
 [1407  431]
 [1406  432]
 [1404  433]]
Fuhrman 3, [[1738  438]
 [1735  439]
 [1733  439]
 [1732  440]
 [1731  441]
 [1729  444]
 [1728  446]
 [1728  449]
 [1728  453]
 [1728  456]
 [1730  459]
 [1732  463]
 [1734  465]
 [1736  467]
 [1739  469]
 [1741  470]
 [1744  471]
 [1747  472]
 [1750  472]
 [1753  472]
 [1755  471]
 [1757  470]
 [1759  469]
 [1761  468]
 [1762  467]
 [1763  466]
 [1764  464]
 [1764  463]
 [1765  461]
 [1765  459]
 [1765  457]
 [1764  456]
 [1763  454]
 [1762  452]
 [1761  451]
 [1761  450]
 [1760  449]
 [1760  448]
 [1759  448]
 [1758  447]
 [1757  445]
 [1755  444]
 [1753  442]
 [1752  441]
 [1750  440]
 [1748  439]
 [1747  439]
 [1744  437]
 [1742  437]
 [1740  437]
 [1738  437]
 [1738  438]]
Fuhrman 3, [[1857  593]
 [1855  595]
 [1853  596]
 [1852  598]
 [1851  600]
 [1850  603]
 [1850  606]
 [1851  609]
 [1852  613]
 [1853  615]
 [1855  617]
 [1857  618]
 [1860  620]
 [1862  620]
 [1864  621]
 [1866  622]
 [1869  623]
 [1871  624]
 [1873  624]
 [1876  624]
 [1878  625]
 [1882  625]
 [1885  625]
 [1888  624]
 [1891  623]
 [1894  621]
 [1896  620]
 [1897  618]
 [1898  616]
 [1898  614]
 [1898  613]
 [1898  610]
 [1898  608]
 [1897  607]
 [1897  605]
 [1896  604]
 [1895  603]
 [1894  602]
 [1892  602]
 [1890  601]
 [1889  601]
 [1888  600]
 [1887  599]
 [1885  598]
 [1881  597]
 [1879  596]
 [1877  596]
 [1874  595]
 [1873  595]
 [1872  594]
 [1869  593]
 [1866  592]
 [1862  592]
 [1861  592]
 [1859  593]
 [1857  593]]
Fuhrman 3, [[1627 1019]
 [1624 1021]
 [1622 1023]
 [1621 1026]
 [1620 1028]
 [1618 1032]
 [1618 1037]
 [1619 1040]
 [1620 1042]
 [1623 1046]
 [1625 1049]
 [1628 1052]
 [1631 1055]
 [1634 1057]
 [1638 1058]
 [1641 1058]
 [1644 1058]
 [1647 1058]
 [1649 1058]
 [1651 1056]
 [1653 1055]
 [1655 1053]
 [1656 1051]
 [1657 1049]
 [1658 1048]
 [1658 1045]
 [1658 1042]
 [1657 1039]
 [1656 1037]
 [1655 1034]
 [1654 1031]
 [1653 1028]
 [1651 1024]
 [1648 1022]
 [1645 1021]
 [1643 1019]
 [1640 1018]
 [1638 1018]
 [1635 1018]
 [1633 1018]
 [1631 1018]
 [1629 1018]
 [1627 1019]]
Fuhrman 3, [[1740 1019]
 [1737 1019]
 [1735 1018]
 [1732 1018]
 [1729 1019]
 [1727 1021]
 [1726 1022]
 [1725 1024]
 [1723 1026]
 [1721 1028]
 [1720 1030]
 [1720 1032]
 [1718 1034]
 [1717 1038]
 [1717 1042]
 [1718 1045]
 [1719 1048]
 [1720 1051]
 [1722 1054]
 [1724 1055]
 [1726 1055]
 [1727 1055]
 [1728 1054]
 [1729 1053]
 [1731 1052]
 [1733 1052]
 [1735 1053]
 [1737 1054]
 [1740 1054]
 [1742 1054]
 [1744 1053]
 [1746 1051]
 [1748 1051]
 [1750 1049]
 [1752 1048]
 [1753 1045]
 [1755 1042]
 [1755 1039]
 [1756 1036]
 [1756 1032]
 [1755 1030]
 [1754 1028]
 [1753 1025]
 [1751 1023]
 [1749 1021]
 [1748 1019]
 [1746 1019]
 [1744 1018]
 [1743 1018]
 [1741 1019]
 [1740 1019]]
Fuhrman 3, [[715 482]
 [712 483]
 [709 484]
 [707 484]
 [705 486]
 [702 488]
 [701 491]
 [699 495]
 [699 498]
 [699 503]
 [700 505]
 [702 508]
 [704 511]
 [707 513]
 [709 514]
 [711 515]
 [713 516]
 [716 516]
 [718 515]
 [720 515]
 [723 514]
 [724 513]
 [726 512]
 [727 510]
 [728 508]
 [729 507]
 [730 505]
 [730 504]
 [731 501]
 [731 498]
 [731 496]
 [731 494]
 [730 492]
 [730 490]
 [729 488]
 [728 486]
 [727 485]
 [726 484]
 [724 483]
 [723 482]
 [721 482]
 [719 481]
 [717 481]
 [715 482]]
Fuhrman 3, [[1378  552]
 [1376  552]
 [1375  553]
 [1373  554]
 [1372  555]
 [1370  557]
 [1369  558]
 [1368  560]
 [1368  563]
 [1368  567]
 [1368  570]
 [1368  574]
 [1368  576]
 [1369  578]
 [1370  581]
 [1373  585]
 [1375  588]
 [1376  589]
 [1378  589]
 [1380  589]
 [1382  589]
 [1386  587]
 [1388  586]
 [1390  584]
 [1391  583]
 [1393  581]
 [1394  579]
 [1394  577]
 [1395  575]
 [1395  572]
 [1395  569]
 [1395  567]
 [1395  565]
 [1394  563]
 [1393  561]
 [1393  559]
 [1392  558]
 [1391  556]
 [1390  554]
 [1388  553]
 [1386  553]
 [1384  552]
 [1381  552]
 [1380  552]
 [1378  552]]
Fuhrman 3, [[486 485]
 [482 487]
 [480 490]
 [478 492]
 [478 495]
 [478 497]
 [478 500]
 [479 504]
 [480 507]
 [482 509]
 [483 510]
 [486 512]
 [489 514]
 [491 515]
 [495 515]
 [496 515]
 [500 514]
 [502 513]
 [504 512]
 [506 512]
 [506 511]
 [507 510]
 [508 508]
 [508 506]
 [509 505]
 [510 504]
 [511 503]
 [511 501]
 [511 499]
 [511 498]
 [511 496]
 [511 494]
 [511 493]
 [510 492]
 [509 491]
 [509 490]
 [508 489]
 [507 488]
 [506 488]
 [505 487]
 [503 486]
 [501 485]
 [500 484]
 [498 483]
 [496 483]
 [494 483]
 [492 483]
 [490 483]
 [488 484]
 [486 485]
 [486 485]]
