Fuhrman 3, [[385 257]
 [382 261]
 [380 263]
 [378 265]
 [377 267]
 [375 270]
 [374 272]
 [374 274]
 [373 276]
 [373 278]
 [373 278]
 [372 279]
 [371 279]
 [370 280]
 [369 282]
 [369 284]
 [369 286]
 [370 287]
 [371 288]
 [372 289]
 [374 291]
 [375 291]
 [377 292]
 [378 292]
 [380 292]
 [382 292]
 [385 292]
 [387 291]
 [389 290]
 [390 289]
 [392 289]
 [394 287]
 [396 286]
 [398 284]
 [399 283]
 [401 281]
 [402 281]
 [402 280]
 [403 278]
 [406 274]
 [407 273]
 [408 271]
 [409 269]
 [410 267]
 [411 264]
 [413 260]
 [413 256]
 [413 253]
 [412 250]
 [411 247]
 [409 244]
 [407 244]
 [405 244]
 [403 244]
 [400 245]
 [397 246]
 [395 248]
 [394 249]
 [392 251]
 [391 251]
 [389 253]
 [388 254]
 [387 255]
 [385 257]
 [385 258]]
Fuhrman 3, [[ 30 493]
 [ 29 495]
 [ 28 497]
 [ 28 500]
 [ 27 503]
 [ 28 506]
 [ 29 510]
 [ 29 512]
 [ 30 512]
 [ 31 513]
 [ 32 514]
 [ 32 516]
 [ 33 518]
 [ 36 521]
 [ 37 521]
 [ 39 522]
 [ 42 523]
 [ 44 523]
 [ 47 522]
 [ 48 522]
 [ 50 522]
 [ 51 521]
 [ 52 521]
 [ 53 520]
 [ 54 518]
 [ 56 518]
 [ 57 517]
 [ 58 516]
 [ 60 514]
 [ 60 513]
 [ 60 510]
 [ 60 509]
 [ 61 508]
 [ 62 508]
 [ 62 506]
 [ 62 504]
 [ 62 502]
 [ 62 499]
 [ 61 498]
 [ 61 497]
 [ 61 496]
 [ 59 495]
 [ 58 492]
 [ 57 491]
 [ 55 489]
 [ 53 488]
 [ 50 487]
 [ 47 486]
 [ 46 486]
 [ 44 486]
 [ 40 486]
 [ 37 487]
 [ 34 488]
 [ 32 490]
 [ 31 492]
 [ 30 493]
 [ 30 493]]
Fuhrman 3, [[188 537]
 [185 540]
 [182 542]
 [179 545]
 [179 548]
 [179 552]
 [179 556]
 [181 559]
 [184 562]
 [187 565]
 [191 567]
 [194 569]
 [198 569]
 [201 569]
 [205 569]
 [208 570]
 [214 569]
 [219 568]
 [221 567]
 [223 566]
 [225 565]
 [226 563]
 [227 561]
 [227 559]
 [228 555]
 [228 553]
 [227 550]
 [227 549]
 [226 548]
 [226 546]
 [225 544]
 [223 543]
 [221 541]
 [219 540]
 [217 538]
 [216 537]
 [214 537]
 [213 536]
 [211 535]
 [208 535]
 [203 534]
 [200 534]
 [198 534]
 [195 535]
 [192 535]
 [190 536]
 [189 537]
 [188 537]]
Fuhrman 3, [[477 528]
 [475 528]
 [473 529]
 [471 530]
 [469 533]
 [468 536]
 [467 541]
 [466 544]
 [465 548]
 [465 551]
 [464 554]
 [464 558]
 [464 561]
 [465 564]
 [467 566]
 [469 567]
 [471 568]
 [473 569]
 [476 570]
 [479 570]
 [481 568]
 [484 567]
 [486 566]
 [488 564]
 [489 562]
 [491 560]
 [493 558]
 [494 556]
 [494 555]
 [495 552]
 [496 550]
 [497 547]
 [499 546]
 [500 543]
 [501 542]
 [502 541]
 [502 540]
 [502 538]
 [501 537]
 [501 536]
 [500 534]
 [500 533]
 [498 532]
 [497 531]
 [496 530]
 [495 529]
 [494 529]
 [492 529]
 [490 529]
 [489 528]
 [488 527]
 [485 527]
 [483 527]
 [482 527]
 [480 528]
 [479 529]
 [478 529]
 [477 528]]
Fuhrman 3, [[790 451]
 [790 449]
 [789 449]
 [788 448]
 [787 448]
 [787 447]
 [787 445]
 [787 444]
 [788 442]
 [788 439]
 [788 437]
 [787 434]
 [786 434]
 [786 432]
 [784 432]
 [782 430]
 [781 429]
 [779 428]
 [776 427]
 [774 426]
 [773 426]
 [771 425]
 [770 426]
 [768 426]
 [766 426]
 [765 427]
 [764 428]
 [763 429]
 [762 430]
 [760 431]
 [758 433]
 [757 437]
 [755 439]
 [754 442]
 [753 444]
 [753 446]
 [753 449]
 [753 451]
 [753 453]
 [752 455]
 [752 457]
 [752 459]
 [751 460]
 [750 461]
 [749 463]
 [749 464]
 [750 466]
 [751 467]
 [752 469]
 [752 471]
 [754 473]
 [756 474]
 [758 476]
 [760 477]
 [762 478]
 [764 479]
 [767 479]
 [770 479]
 [772 479]
 [774 479]
 [776 478]
 [777 478]
 [779 476]
 [780 476]
 [782 475]
 [784 474]
 [786 473]
 [788 471]
 [789 470]
 [790 467]
 [791 466]
 [792 464]
 [792 462]
 [792 460]
 [792 458]
 [792 455]
 [792 453]
 [792 452]
 [791 452]
 [790 451]]
Fuhrman 3, [[909  46]
 [907  45]
 [905  45]
 [903  45]
 [901  45]
 [899  45]
 [898  44]
 [896  44]
 [895  44]
 [893  45]
 [891  45]
 [889  46]
 [886  47]
 [884  49]
 [882  51]
 [881  53]
 [881  56]
 [881  59]
 [881  60]
 [882  62]
 [883  62]
 [883  63]
 [883  65]
 [884  68]
 [886  71]
 [887  73]
 [888  74]
 [888  76]
 [888  79]
 [889  81]
 [890  83]
 [891  84]
 [893  85]
 [894  86]
 [895  86]
 [897  86]
 [899  87]
 [902  86]
 [904  85]
 [905  84]
 [906  83]
 [907  82]
 [908  81]
 [910  80]
 [912  80]
 [913  80]
 [914  78]
 [915  77]
 [916  75]
 [917  74]
 [918  73]
 [918  71]
 [918  69]
 [918  67]
 [919  64]
 [919  62]
 [919  60]
 [919  58]
 [918  57]
 [918  56]
 [917  55]
 [916  54]
 [916  53]
 [916  52]
 [916  50]
 [915  49]
 [914  48]
 [913  47]
 [912  47]
 [911  46]
 [910  46]
 [909  46]
 [909  46]]
Fuhrman 3, [[731 277]
 [730 277]
 [729 278]
 [728 279]
 [728 279]
 [727 279]
 [726 278]
 [724 275]
 [722 274]
 [720 274]
 [718 274]
 [717 274]
 [716 273]
 [715 274]
 [713 274]
 [712 275]
 [710 276]
 [708 277]
 [706 279]
 [705 281]
 [704 282]
 [703 282]
 [703 283]
 [702 284]
 [702 285]
 [702 286]
 [701 288]
 [700 290]
 [700 292]
 [699 294]
 [699 297]
 [700 299]
 [701 301]
 [702 302]
 [703 304]
 [704 305]
 [706 306]
 [708 306]
 [709 307]
 [711 307]
 [713 308]
 [714 309]
 [716 309]
 [718 310]
 [719 310]
 [721 311]
 [722 311]
 [723 311]
 [725 312]
 [727 312]
 [730 312]
 [732 312]
 [734 312]
 [736 311]
 [738 311]
 [740 310]
 [741 310]
 [743 309]
 [745 308]
 [746 307]
 [748 305]
 [748 304]
 [749 304]
 [750 304]
 [751 303]
 [752 302]
 [752 301]
 [753 299]
 [753 299]
 [752 298]
 [751 297]
 [751 296]
 [751 294]
 [751 292]
 [751 290]
 [750 288]
 [749 286]
 [748 284]
 [747 283]
 [746 281]
 [744 280]
 [743 279]
 [742 278]
 [741 277]
 [740 277]
 [739 277]
 [739 276]
 [738 275]
 [737 275]
 [736 275]
 [735 276]
 [735 277]
 [734 277]
 [733 277]
 [732 277]
 [731 277]]
Fuhrman 3, [[1057  240]
 [1055  241]
 [1053  242]
 [1052  244]
 [1051  247]
 [1051  249]
 [1051  250]
 [1051  252]
 [1050  254]
 [1049  260]
 [1049  264]
 [1050  269]
 [1050  272]
 [1052  275]
 [1053  277]
 [1054  277]
 [1055  277]
 [1056  278]
 [1057  279]
 [1059  281]
 [1062  281]
 [1066  282]
 [1068  282]
 [1070  282]
 [1072  282]
 [1074  281]
 [1076  280]
 [1077  279]
 [1078  277]
 [1079  277]
 [1080  277]
 [1081  276]
 [1081  273]
 [1081  272]
 [1081  271]
 [1081  269]
 [1082  267]
 [1082  265]
 [1082  263]
 [1081  261]
 [1081  258]
 [1081  257]
 [1080  257]
 [1080  257]
 [1079  256]
 [1079  253]
 [1078  251]
 [1077  249]
 [1075  247]
 [1074  246]
 [1073  245]
 [1072  244]
 [1072  243]
 [1071  242]
 [1070  241]
 [1069  240]
 [1068  240]
 [1067  239]
 [1066  239]
 [1065  238]
 [1063  238]
 [1062  238]
 [1060  239]
 [1059  239]
 [1058  239]
 [1057  239]]
Fuhrman 3, [[1059  288]
 [1055  285]
 [1052  284]
 [1050  283]
 [1048  282]
 [1046  281]
 [1043  280]
 [1040  280]
 [1037  281]
 [1035  283]
 [1034  284]
 [1033  285]
 [1033  286]
 [1032  287]
 [1030  288]
 [1029  290]
 [1028  292]
 [1028  294]
 [1027  297]
 [1027  300]
 [1028  303]
 [1029  306]
 [1029  307]
 [1031  308]
 [1031  309]
 [1032  311]
 [1032  312]
 [1033  313]
 [1035  313]
 [1036  315]
 [1037  317]
 [1039  318]
 [1041  319]
 [1042  319]
 [1044  320]
 [1045  320]
 [1047  321]
 [1049  321]
 [1050  321]
 [1052  322]
 [1053  322]
 [1056  323]
 [1058  323]
 [1063  323]
 [1066  323]
 [1068  323]
 [1073  321]
 [1075  320]
 [1080  317]
 [1082  316]
 [1082  315]
 [1083  312]
 [1083  309]
 [1083  307]
 [1082  305]
 [1081  303]
 [1080  300]
 [1079  299]
 [1079  297]
 [1077  297]
 [1077  296]
 [1076  295]
 [1075  293]
 [1073  291]
 [1072  290]
 [1070  289]
 [1068  288]
 [1067  288]
 [1065  288]
 [1063  288]
 [1061  288]
 [1060  288]
 [1059  288]
 [1059  288]]
Fuhrman 3, [[943 468]
 [940 469]
 [938 471]
 [936 473]
 [934 475]
 [933 477]
 [933 479]
 [932 480]
 [931 481]
 [930 482]
 [929 484]
 [928 487]
 [928 489]
 [928 491]
 [930 493]
 [931 495]
 [933 495]
 [935 496]
 [938 497]
 [941 497]
 [944 496]
 [945 496]
 [946 495]
 [948 494]
 [949 494]
 [952 495]
 [955 495]
 [957 494]
 [959 494]
 [962 493]
 [965 491]
 [966 489]
 [968 488]
 [970 486]
 [971 483]
 [972 480]
 [972 477]
 [972 473]
 [972 471]
 [971 470]
 [970 468]
 [968 467]
 [966 466]
 [964 465]
 [962 465]
 [959 464]
 [956 464]
 [953 465]
 [950 465]
 [947 466]
 [945 467]
 [943 468]]
Fuhrman 3, [[872 601]
 [870 601]
 [869 601]
 [867 602]
 [866 603]
 [864 605]
 [864 606]
 [863 608]
 [863 609]
 [862 611]
 [861 612]
 [862 614]
 [863 615]
 [864 616]
 [864 617]
 [864 619]
 [864 621]
 [865 622]
 [865 625]
 [864 627]
 [864 629]
 [864 632]
 [864 633]
 [864 636]
 [865 637]
 [864 640]
 [865 641]
 [866 643]
 [866 644]
 [867 646]
 [867 647]
 [868 648]
 [870 649]
 [871 650]
 [873 651]
 [874 651]
 [876 651]
 [877 651]
 [879 651]
 [881 650]
 [882 649]
 [883 649]
 [884 648]
 [885 646]
 [886 646]
 [887 645]
 [887 644]
 [888 642]
 [889 641]
 [889 640]
 [889 638]
 [891 638]
 [891 636]
 [892 634]
 [892 631]
 [892 629]
 [893 627]
 [894 625]
 [894 623]
 [894 620]
 [894 618]
 [894 616]
 [893 614]
 [893 611]
 [892 610]
 [892 609]
 [891 608]
 [890 606]
 [888 606]
 [888 605]
 [887 605]
 [885 604]
 [884 604]
 [883 603]
 [882 602]
 [881 601]
 [879 600]
 [877 600]
 [876 600]
 [875 601]
 [875 601]
 [874 601]
 [873 601]
 [872 601]]
Fuhrman 3, [[715 757]
 [712 757]
 [710 757]
 [708 757]
 [706 758]
 [704 759]
 [703 760]
 [702 761]
 [701 763]
 [700 765]
 [699 766]
 [699 768]
 [698 771]
 [698 773]
 [698 776]
 [699 778]
 [700 780]
 [701 782]
 [702 783]
 [703 785]
 [704 787]
 [705 789]
 [706 789]
 [707 789]
 [707 791]
 [708 792]
 [711 794]
 [712 795]
 [714 795]
 [715 795]
 [716 796]
 [717 797]
 [719 797]
 [721 797]
 [723 796]
 [724 795]
 [726 794]
 [726 793]
 [727 793]
 [728 793]
 [729 792]
 [730 792]
 [731 790]
 [731 788]
 [732 786]
 [732 783]
 [732 782]
 [732 780]
 [732 778]
 [731 776]
 [730 774]
 [730 773]
 [729 771]
 [728 770]
 [728 770]
 [727 768]
 [726 767]
 [725 765]
 [723 763]
 [722 761]
 [722 761]
 [721 760]
 [720 760]
 [719 759]
 [718 758]
 [716 758]
 [715 758]
 [715 757]]
Fuhrman 3, [[857 789]
 [856 788]
 [855 788]
 [853 788]
 [852 788]
 [851 788]
 [850 789]
 [849 790]
 [848 790]
 [847 791]
 [846 791]
 [846 791]
 [845 790]
 [844 790]
 [843 791]
 [842 792]
 [842 793]
 [841 794]
 [840 795]
 [839 796]
 [837 797]
 [837 797]
 [836 799]
 [836 800]
 [835 800]
 [834 801]
 [834 803]
 [833 804]
 [833 805]
 [833 807]
 [833 809]
 [833 811]
 [834 813]
 [834 815]
 [834 816]
 [835 818]
 [836 820]
 [838 821]
 [839 822]
 [841 823]
 [843 823]
 [845 823]
 [847 823]
 [849 823]
 [852 822]
 [854 822]
 [858 822]
 [862 822]
 [864 821]
 [866 821]
 [869 821]
 [871 821]
 [874 820]
 [876 820]
 [878 818]
 [879 817]
 [881 815]
 [882 814]
 [883 812]
 [884 811]
 [885 808]
 [885 806]
 [885 804]
 [885 801]
 [885 800]
 [884 798]
 [883 796]
 [882 795]
 [880 793]
 [878 791]
 [876 790]
 [874 790]
 [872 789]
 [870 789]
 [869 788]
 [867 787]
 [865 787]
 [863 787]
 [861 788]
 [861 788]
 [860 789]
 [858 789]
 [858 789]
 [857 789]
 [857 789]]
Fuhrman 3, [[651 834]
 [648 835]
 [646 835]
 [645 835]
 [643 836]
 [641 836]
 [640 837]
 [639 838]
 [637 838]
 [635 840]
 [634 841]
 [632 843]
 [631 846]
 [631 849]
 [630 853]
 [630 855]
 [629 856]
 [628 857]
 [628 859]
 [628 862]
 [629 864]
 [630 866]
 [632 867]
 [633 869]
 [634 871]
 [635 872]
 [636 872]
 [637 873]
 [638 873]
 [639 873]
 [640 874]
 [641 876]
 [643 877]
 [645 878]
 [648 879]
 [650 879]
 [653 878]
 [654 878]
 [657 877]
 [659 877]
 [662 877]
 [665 876]
 [668 876]
 [671 875]
 [674 874]
 [678 873]
 [680 873]
 [683 872]
 [686 870]
 [687 870]
 [689 868]
 [692 866]
 [694 865]
 [697 864]
 [700 862]
 [702 860]
 [702 857]
 [702 854]
 [702 851]
 [701 848]
 [699 846]
 [697 844]
 [695 843]
 [692 842]
 [689 841]
 [688 841]
 [686 840]
 [683 840]
 [681 840]
 [679 840]
 [678 840]
 [677 840]
 [675 839]
 [673 838]
 [672 837]
 [671 837]
 [669 836]
 [667 836]
 [666 835]
 [665 834]
 [663 834]
 [662 833]
 [660 833]
 [658 833]
 [656 833]
 [655 834]
 [653 834]
 [651 834]
 [650 834]]
Fuhrman 3, [[ 819  963]
 [ 817  962]
 [ 815  962]
 [ 815  961]
 [ 813  960]
 [ 811  961]
 [ 809  961]
 [ 808  961]
 [ 807  961]
 [ 805  960]
 [ 803  961]
 [ 801  961]
 [ 799  963]
 [ 797  965]
 [ 795  967]
 [ 793  968]
 [ 791  970]
 [ 790  973]
 [ 788  975]
 [ 788  976]
 [ 787  977]
 [ 786  978]
 [ 787  979]
 [ 788  980]
 [ 788  981]
 [ 789  982]
 [ 789  984]
 [ 789  985]
 [ 790  986]
 [ 791  986]
 [ 792  988]
 [ 793  989]
 [ 793  990]
 [ 793  992]
 [ 793  993]
 [ 794  994]
 [ 796  995]
 [ 797  996]
 [ 799  997]
 [ 800  998]
 [ 802  998]
 [ 804  999]
 [ 806  999]
 [ 808 1000]
 [ 808 1000]
 [ 810 1001]
 [ 811 1001]
 [ 812 1001]
 [ 813 1001]
 [ 814 1002]
 [ 814 1003]
 [ 815 1004]
 [ 817 1004]
 [ 818 1003]
 [ 820 1002]
 [ 822 1001]
 [ 823  999]
 [ 825  996]
 [ 825  995]
 [ 825  993]
 [ 826  993]
 [ 827  991]
 [ 829  989]
 [ 829  987]
 [ 830  986]
 [ 830  985]
 [ 830  983]
 [ 829  982]
 [ 830  981]
 [ 830  979]
 [ 831  977]
 [ 831  974]
 [ 831  973]
 [ 831  971]
 [ 831  969]
 [ 830  966]
 [ 829  965]
 [ 828  964]
 [ 827  963]
 [ 825  963]
 [ 824  962]
 [ 823  962]
 [ 822  962]
 [ 821  962]
 [ 820  963]
 [ 820  963]
 [ 819  963]]
Fuhrman 3, [[1091  894]
 [1090  897]
 [1090  898]
 [1089  901]
 [1089  904]
 [1088  904]
 [1087  906]
 [1087  909]
 [1087  912]
 [1087  915]
 [1088  917]
 [1088  920]
 [1089  922]
 [1090  923]
 [1091  924]
 [1092  924]
 [1094  924]
 [1095  924]
 [1097  923]
 [1098  924]
 [1098  925]
 [1099  927]
 [1100  929]
 [1102  930]
 [1104  930]
 [1107  930]
 [1111  930]
 [1113  929]
 [1116  928]
 [1118  926]
 [1120  924]
 [1121  922]
 [1123  922]
 [1124  922]
 [1124  920]
 [1124  918]
 [1124  916]
 [1124  914]
 [1123  912]
 [1122  912]
 [1121  911]
 [1121  909]
 [1121  907]
 [1121  905]
 [1120  904]
 [1118  904]
 [1117  905]
 [1116  904]
 [1114  903]
 [1113  901]
 [1112  899]
 [1112  897]
 [1111  896]
 [1109  894]
 [1108  893]
 [1106  892]
 [1104  892]
 [1103  891]
 [1100  890]
 [1098  890]
 [1096  890]
 [1095  891]
 [1094  891]
 [1093  892]
 [1092  893]
 [1091  894]]
Fuhrman 3, [[1272  720]
 [1269  721]
 [1266  723]
 [1265  724]
 [1265  724]
 [1263  724]
 [1261  725]
 [1260  725]
 [1259  726]
 [1258  726]
 [1257  728]
 [1256  730]
 [1256  732]
 [1255  734]
 [1256  737]
 [1256  740]
 [1256  743]
 [1257  744]
 [1259  745]
 [1262  746]
 [1265  747]
 [1267  747]
 [1269  747]
 [1270  748]
 [1272  749]
 [1273  749]
 [1275  749]
 [1277  748]
 [1280  748]
 [1283  748]
 [1285  747]
 [1286  746]
 [1287  744]
 [1288  742]
 [1289  739]
 [1289  737]
 [1288  734]
 [1287  733]
 [1286  732]
 [1286  730]
 [1286  729]
 [1285  727]
 [1284  725]
 [1283  724]
 [1282  722]
 [1280  721]
 [1279  720]
 [1277  720]
 [1276  719]
 [1274  719]
 [1273  719]
 [1272  720]]
Fuhrman 3, [[1455  677]
 [1452  679]
 [1450  680]
 [1448  682]
 [1448  683]
 [1446  683]
 [1445  684]
 [1444  686]
 [1443  688]
 [1443  690]
 [1443  692]
 [1442  694]
 [1442  696]
 [1442  698]
 [1441  701]
 [1442  703]
 [1442  705]
 [1444  707]
 [1445  708]
 [1448  708]
 [1450  709]
 [1452  709]
 [1453  710]
 [1454  711]
 [1455  711]
 [1457  711]
 [1459  711]
 [1461  711]
 [1463  712]
 [1466  712]
 [1468  711]
 [1471  710]
 [1473  709]
 [1475  708]
 [1476  707]
 [1478  705]
 [1478  704]
 [1478  703]
 [1478  702]
 [1479  700]
 [1480  699]
 [1480  697]
 [1480  695]
 [1479  693]
 [1478  690]
 [1478  688]
 [1476  686]
 [1475  684]
 [1474  682]
 [1472  680]
 [1470  678]
 [1468  677]
 [1466  677]
 [1464  676]
 [1461  676]
 [1460  676]
 [1457  677]
 [1456  677]
 [1455  677]]
Fuhrman 3, [[1869  800]
 [1867  799]
 [1866  798]
 [1864  797]
 [1862  796]
 [1860  795]
 [1859  794]
 [1857  795]
 [1855  795]
 [1851  795]
 [1849  795]
 [1847  795]
 [1846  796]
 [1844  797]
 [1843  797]
 [1841  798]
 [1840  800]
 [1840  802]
 [1839  804]
 [1839  807]
 [1840  809]
 [1839  811]
 [1839  813]
 [1839  815]
 [1839  818]
 [1841  820]
 [1842  822]
 [1844  823]
 [1845  823]
 [1847  824]
 [1848  824]
 [1848  825]
 [1848  827]
 [1848  829]
 [1847  832]
 [1848  834]
 [1848  835]
 [1850  837]
 [1852  838]
 [1854  838]
 [1857  838]
 [1861  837]
 [1864  836]
 [1867  834]
 [1870  832]
 [1872  831]
 [1873  829]
 [1875  827]
 [1876  824]
 [1877  822]
 [1878  819]
 [1878  816]
 [1879  813]
 [1879  811]
 [1879  809]
 [1878  807]
 [1877  805]
 [1876  804]
 [1874  803]
 [1873  802]
 [1872  801]
 [1871  800]
 [1869  800]]
Fuhrman 3, [[1533   38]
 [1531   39]
 [1529   41]
 [1526   43]
 [1525   45]
 [1523   47]
 [1523   50]
 [1522   52]
 [1523   55]
 [1524   59]
 [1526   61]
 [1529   63]
 [1530   64]
 [1533   65]
 [1537   65]
 [1539   65]
 [1543   65]
 [1546   65]
 [1551   64]
 [1554   64]
 [1556   64]
 [1558   63]
 [1559   62]
 [1560   60]
 [1561   57]
 [1562   55]
 [1563   54]
 [1565   52]
 [1567   50]
 [1568   49]
 [1568   47]
 [1568   45]
 [1568   44]
 [1567   43]
 [1566   42]
 [1565   41]
 [1563   41]
 [1562   40]
 [1561   39]
 [1560   38]
 [1558   36]
 [1557   35]
 [1555   34]
 [1554   34]
 [1551   34]
 [1548   34]
 [1546   34]
 [1545   34]
 [1543   34]
 [1541   34]
 [1540   34]
 [1538   34]
 [1537   35]
 [1536   36]
 [1535   37]
 [1534   37]
 [1533   38]]
