Fuhrman 3, [[ 44  97]
 [ 43 100]
 [ 44 103]
 [ 45 106]
 [ 47 109]
 [ 50 111]
 [ 52 112]
 [ 55 113]
 [ 58 112]
 [ 61 112]
 [ 62 112]
 [ 64 112]
 [ 64 111]
 [ 69 109]
 [ 72 108]
 [ 73 106]
 [ 75 105]
 [ 78 104]
 [ 80 101]
 [ 81  98]
 [ 81  96]
 [ 81  93]
 [ 79  90]
 [ 77  88]
 [ 75  87]
 [ 75  85]
 [ 72  83]
 [ 70  82]
 [ 67  83]
 [ 62  84]
 [ 58  86]
 [ 55  87]
 [ 52  88]
 [ 50  89]
 [ 48  91]
 [ 46  93]
 [ 45  95]
 [ 44  97]]
Fuhrman 3, [[127 183]
 [126 186]
 [125 189]
 [126 193]
 [127 196]
 [129 199]
 [131 201]
 [134 203]
 [136 204]
 [138 205]
 [140 206]
 [144 207]
 [146 207]
 [148 206]
 [148 205]
 [149 204]
 [151 204]
 [153 204]
 [156 204]
 [156 202]
 [157 201]
 [159 200]
 [159 198]
 [160 197]
 [161 194]
 [161 192]
 [161 189]
 [160 186]
 [157 183]
 [153 181]
 [147 179]
 [143 179]
 [138 179]
 [135 179]
 [131 180]
 [129 181]
 [128 182]
 [127 183]]
Fuhrman 3, [[ 47 432]
 [ 44 436]
 [ 43 439]
 [ 42 441]
 [ 41 446]
 [ 42 448]
 [ 43 452]
 [ 47 454]
 [ 51 456]
 [ 55 457]
 [ 61 457]
 [ 68 456]
 [ 72 454]
 [ 78 451]
 [ 81 447]
 [ 83 443]
 [ 84 439]
 [ 84 436]
 [ 83 433]
 [ 81 430]
 [ 78 427]
 [ 73 424]
 [ 69 424]
 [ 65 424]
 [ 61 424]
 [ 56 425]
 [ 52 428]
 [ 48 430]
 [ 46 433]]
Fuhrman 3, [[664 433]
 [661 436]
 [659 438]
 [657 442]
 [656 445]
 [656 448]
 [656 451]
 [656 454]
 [658 457]
 [660 460]
 [663 462]
 [665 463]
 [669 464]
 [672 464]
 [676 463]
 [681 461]
 [685 459]
 [688 455]
 [691 451]
 [692 448]
 [693 445]
 [692 441]
 [692 438]
 [691 435]
 [688 432]
 [686 430]
 [683 428]
 [679 427]
 [675 427]
 [670 429]
 [667 431]
 [665 432]
 [664 433]]
Fuhrman 3, [[622 487]
 [623 490]
 [624 492]
 [626 495]
 [629 496]
 [630 497]
 [632 499]
 [635 501]
 [638 502]
 [641 503]
 [643 504]
 [647 504]
 [649 504]
 [650 503]
 [651 503]
 [653 503]
 [654 503]
 [657 503]
 [658 501]
 [660 500]
 [661 497]
 [661 495]
 [661 492]
 [660 490]
 [659 488]
 [657 486]
 [655 484]
 [651 481]
 [648 480]
 [643 479]
 [639 478]
 [635 478]
 [633 478]
 [629 479]
 [627 481]
 [625 482]
 [624 483]
 [623 485]
 [622 487]]
Fuhrman 3, [[668 543]
 [666 545]
 [665 547]
 [665 550]
 [665 553]
 [666 555]
 [668 558]
 [669 559]
 [671 561]
 [674 562]
 [677 563]
 [679 564]
 [682 564]
 [684 563]
 [686 562]
 [689 561]
 [691 559]
 [694 557]
 [696 554]
 [696 552]
 [696 549]
 [696 547]
 [695 544]
 [693 541]
 [691 538]
 [689 537]
 [686 535]
 [682 535]
 [678 535]
 [675 537]
 [673 539]
 [672 540]
 [670 542]
 [668 543]]
Fuhrman 3, [[1017  601]
 [1016  604]
 [1015  605]
 [1012  606]
 [1009  607]
 [1007  607]
 [1006  609]
 [1006  612]
 [1006  615]
 [1006  618]
 [1007  622]
 [1008  625]
 [1009  627]
 [1011  629]
 [1013  630]
 [1015  631]
 [1016  632]
 [1019  633]
 [1022  633]
 [1024  633]
 [1028  632]
 [1031  630]
 [1034  627]
 [1037  624]
 [1040  620]
 [1041  617]
 [1042  614]
 [1044  611]
 [1045  609]
 [1045  606]
 [1044  604]
 [1042  602]
 [1041  600]
 [1039  599]
 [1037  597]
 [1035  595]
 [1032  594]
 [1028  594]
 [1025  594]
 [1022  594]
 [1021  594]
 [1020  595]
 [1019  597]
 [1019  598]
 [1018  600]
 [1017  601]]
Fuhrman 3, [[951 492]
 [949 494]
 [948 496]
 [947 499]
 [947 501]
 [948 504]
 [949 507]
 [951 509]
 [952 511]
 [954 513]
 [956 514]
 [958 514]
 [960 514]
 [960 516]
 [961 518]
 [963 520]
 [966 520]
 [969 520]
 [972 521]
 [975 521]
 [978 520]
 [980 518]
 [982 515]
 [983 513]
 [984 512]
 [985 508]
 [986 505]
 [986 502]
 [987 499]
 [987 496]
 [987 494]
 [985 491]
 [984 490]
 [982 488]
 [981 488]
 [979 489]
 [979 487]
 [978 485]
 [975 484]
 [972 483]
 [968 483]
 [965 483]
 [961 484]
 [959 485]
 [956 486]
 [954 489]
 [952 490]
 [951 492]]
Fuhrman 3, [[1152   82]
 [1154   80]
 [1157   79]
 [1160   79]
 [1162   77]
 [1164   76]
 [1166   73]
 [1167   70]
 [1167   67]
 [1167   63]
 [1165   60]
 [1163   58]
 [1160   56]
 [1157   53]
 [1153   51]
 [1149   52]
 [1146   52]
 [1143   53]
 [1139   55]
 [1137   56]
 [1133   60]
 [1131   63]
 [1130   65]
 [1129   68]
 [1129   71]
 [1130   75]
 [1131   78]
 [1133   80]
 [1135   82]
 [1138   84]
 [1139   85]
 [1140   86]
 [1141   87]
 [1143   88]
 [1146   87]
 [1147   86]
 [1149   85]
 [1150   83]
 [1152   82]]
Fuhrman 3, [[1417   85]
 [1416   87]
 [1416   90]
 [1416   93]
 [1417   96]
 [1419   98]
 [1421  101]
 [1423  103]
 [1425  105]
 [1428  106]
 [1431  107]
 [1433  106]
 [1437  105]
 [1439  104]
 [1442  101]
 [1445   97]
 [1445   96]
 [1446   93]
 [1445   89]
 [1444   85]
 [1442   81]
 [1439   78]
 [1436   76]
 [1432   75]
 [1428   75]
 [1424   75]
 [1422   77]
 [1420   79]
 [1418   80]
 [1417   82]
 [1417   85]]
Fuhrman 3, [[1369  178]
 [1367  180]
 [1366  183]
 [1366  185]
 [1366  188]
 [1367  192]
 [1369  195]
 [1371  199]
 [1372  201]
 [1374  201]
 [1375  202]
 [1376  203]
 [1377  204]
 [1377  205]
 [1379  206]
 [1382  206]
 [1388  206]
 [1391  206]
 [1393  206]
 [1397  206]
 [1399  205]
 [1401  203]
 [1402  200]
 [1402  196]
 [1402  193]
 [1401  191]
 [1401  188]
 [1400  186]
 [1398  184]
 [1396  181]
 [1394  178]
 [1392  176]
 [1390  174]
 [1387  174]
 [1382  174]
 [1379  174]
 [1375  175]
 [1372  176]
 [1370  177]
 [1369  178]]
Fuhrman 3, [[1088  521]
 [1086  524]
 [1085  526]
 [1085  529]
 [1086  532]
 [1086  536]
 [1088  537]
 [1089  539]
 [1092  541]
 [1094  542]
 [1096  544]
 [1099  545]
 [1102  545]
 [1105  545]
 [1108  545]
 [1111  545]
 [1114  545]
 [1117  543]
 [1120  542]
 [1122  540]
 [1124  536]
 [1124  533]
 [1124  530]
 [1123  527]
 [1121  524]
 [1119  522]
 [1116  519]
 [1112  517]
 [1109  515]
 [1105  515]
 [1101  514]
 [1097  515]
 [1094  516]
 [1091  518]
 [1089  519]
 [1087  521]]
Fuhrman 3, [[1420  893]
 [1419  895]
 [1418  897]
 [1417  899]
 [1417  902]
 [1418  905]
 [1419  908]
 [1419  911]
 [1421  913]
 [1422  916]
 [1425  919]
 [1426  921]
 [1428  923]
 [1431  926]
 [1434  928]
 [1435  929]
 [1438  929]
 [1441  930]
 [1445  929]
 [1448  927]
 [1450  925]
 [1451  923]
 [1453  922]
 [1454  920]
 [1455  918]
 [1455  915]
 [1455  912]
 [1454  908]
 [1453  904]
 [1452  901]
 [1451  899]
 [1449  895]
 [1446  892]
 [1442  890]
 [1440  888]
 [1436  887]
 [1432  887]
 [1429  888]
 [1426  889]
 [1423  891]
 [1421  892]
 [1420  893]]
Fuhrman 3, [[1444 1073]
 [1445 1071]
 [1445 1067]
 [1444 1063]
 [1442 1060]
 [1441 1057]
 [1439 1055]
 [1434 1052]
 [1430 1052]
 [1426 1051]
 [1422 1051]
 [1418 1052]
 [1415 1053]
 [1413 1054]
 [1411 1056]
 [1411 1058]
 [1411 1061]
 [1411 1064]
 [1411 1066]
 [1412 1069]
 [1413 1071]
 [1414 1073]
 [1416 1075]
 [1418 1076]
 [1420 1078]
 [1423 1079]
 [1426 1080]
 [1428 1080]
 [1431 1080]
 [1434 1080]
 [1437 1080]
 [1439 1079]
 [1441 1077]
 [1443 1075]
 [1444 1074]
 [1444 1073]]
Fuhrman 3, [[1353  550]
 [1350  549]
 [1347  548]
 [1344  549]
 [1341  551]
 [1339  552]
 [1337  554]
 [1336  556]
 [1335  559]
 [1335  563]
 [1335  565]
 [1336  567]
 [1338  569]
 [1341  571]
 [1343  572]
 [1345  573]
 [1347  574]
 [1349  575]
 [1352  575]
 [1354  575]
 [1357  575]
 [1360  575]
 [1362  574]
 [1366  573]
 [1369  571]
 [1370  568]
 [1370  565]
 [1370  563]
 [1370  560]
 [1368  558]
 [1365  556]
 [1361  553]
 [1359  552]
 [1356  551]
 [1355  550]
 [1352  550]]
Fuhrman 3, [[1815  439]
 [1817  438]
 [1820  437]
 [1821  435]
 [1823  432]
 [1824  430]
 [1824  428]
 [1824  425]
 [1823  422]
 [1823  419]
 [1822  416]
 [1821  413]
 [1818  411]
 [1815  410]
 [1812  409]
 [1809  408]
 [1806  409]
 [1803  411]
 [1800  413]
 [1798  415]
 [1797  416]
 [1797  419]
 [1798  420]
 [1798  423]
 [1799  425]
 [1800  427]
 [1800  430]
 [1800  432]
 [1801  434]
 [1801  436]
 [1803  437]
 [1805  438]
 [1808  439]
 [1810  439]
 [1812  439]
 [1814  439]
 [1815  439]]
Fuhrman 3, [[1845  490]
 [1847  489]
 [1848  487]
 [1849  485]
 [1850  483]
 [1850  481]
 [1848  477]
 [1846  475]
 [1845  473]
 [1844  471]
 [1841  469]
 [1839  467]
 [1836  466]
 [1831  466]
 [1829  466]
 [1825  466]
 [1823  467]
 [1820  468]
 [1818  470]
 [1818  472]
 [1817  474]
 [1818  479]
 [1819  481]
 [1821  483]
 [1823  485]
 [1825  486]
 [1828  488]
 [1831  489]
 [1834  490]
 [1837  490]
 [1840  490]
 [1842  490]
 [1844  490]
 [1845  490]]
Fuhrman 3, [[1825  508]
 [1822  510]
 [1820  512]
 [1819  515]
 [1819  517]
 [1819  520]
 [1821  523]
 [1824  526]
 [1827  527]
 [1831  528]
 [1835  528]
 [1841  527]
 [1844  527]
 [1848  526]
 [1850  523]
 [1852  520]
 [1853  517]
 [1855  515]
 [1857  514]
 [1859  513]
 [1860  512]
 [1861  510]
 [1861  508]
 [1860  507]
 [1858  506]
 [1856  506]
 [1854  505]
 [1852  505]
 [1850  506]
 [1848  506]
 [1845  505]
 [1842  504]
 [1839  504]
 [1835  504]
 [1832  504]
 [1829  505]
 [1827  506]
 [1825  508]]
Fuhrman 3, [[1440  677]
 [1438  679]
 [1437  682]
 [1437  684]
 [1437  687]
 [1438  689]
 [1439  693]
 [1441  696]
 [1443  698]
 [1446  699]
 [1449  700]
 [1454  700]
 [1458  700]
 [1462  698]
 [1464  696]
 [1465  693]
 [1466  691]
 [1467  690]
 [1467  688]
 [1468  687]
 [1468  685]
 [1470  683]
 [1471  681]
 [1470  679]
 [1469  676]
 [1467  674]
 [1464  671]
 [1460  670]
 [1456  669]
 [1451  670]
 [1447  671]
 [1444  674]
 [1442  676]
 [1440  677]]
Fuhrman 3, [[1769 1038]
 [1769 1036]
 [1768 1034]
 [1767 1032]
 [1764 1030]
 [1762 1029]
 [1757 1030]
 [1753 1031]
 [1750 1034]
 [1746 1037]
 [1743 1039]
 [1741 1042]
 [1739 1045]
 [1737 1046]
 [1736 1048]
 [1736 1049]
 [1736 1051]
 [1736 1053]
 [1736 1055]
 [1737 1057]
 [1739 1059]
 [1740 1060]
 [1742 1061]
 [1745 1063]
 [1748 1064]
 [1751 1065]
 [1754 1065]
 [1756 1065]
 [1758 1064]
 [1760 1062]
 [1762 1062]
 [1764 1062]
 [1767 1062]
 [1769 1061]
 [1771 1061]
 [1773 1059]
 [1774 1059]
 [1775 1058]
 [1776 1056]
 [1776 1054]
 [1775 1052]
 [1775 1050]
 [1774 1049]
 [1773 1047]
 [1772 1046]
 [1772 1044]
 [1772 1043]
 [1771 1041]
 [1771 1040]
 [1770 1039]
 [1769 1038]
 [1769 1038]]
