Fuhrman 3, [[911 572]
 [910 572]
 [908 572]
 [906 572]
 [904 572]
 [902 572]
 [900 572]
 [898 573]
 [896 574]
 [895 575]
 [894 577]
 [894 580]
 [894 582]
 [894 585]
 [895 588]
 [896 589]
 [896 591]
 [897 593]
 [898 596]
 [898 596]
 [899 598]
 [901 599]
 [902 600]
 [903 601]
 [904 601]
 [905 602]
 [907 603]
 [909 604]
 [912 606]
 [916 607]
 [919 607]
 [922 607]
 [925 607]
 [925 608]
 [926 608]
 [928 608]
 [929 608]
 [930 607]
 [932 606]
 [934 605]
 [935 604]
 [935 602]
 [936 600]
 [936 598]
 [936 596]
 [936 595]
 [935 593]
 [935 592]
 [934 590]
 [934 588]
 [933 587]
 [932 586]
 [931 585]
 [931 584]
 [929 584]
 [928 583]
 [927 582]
 [926 581]
 [925 580]
 [924 579]
 [923 578]
 [922 576]
 [921 574]
 [919 573]
 [917 572]
 [916 572]
 [914 572]
 [913 572]
 [911 572]]
Fuhrman 3, [[144   7]
 [142  10]
 [140  12]
 [140  16]
 [139  18]
 [139  22]
 [140  26]
 [140  30]
 [141  31]
 [142  33]
 [142  35]
 [144  38]
 [145  40]
 [146  41]
 [147  41]
 [147  43]
 [148  45]
 [149  47]
 [151  49]
 [152  50]
 [154  51]
 [156  51]
 [158  51]
 [162  49]
 [163  48]
 [165  45]
 [166  43]
 [167  39]
 [167  36]
 [167  32]
 [167  29]
 [167  25]
 [167  22]
 [166  18]
 [166  15]
 [164  12]
 [164  10]
 [162   8]
 [161   6]
 [159   4]
 [156   3]
 [153   3]
 [151   3]
 [148   4]
 [146   6]
 [144   7]]
Fuhrman 3, [[135  84]
 [133  87]
 [133  91]
 [134  95]
 [135  97]
 [136  98]
 [138  99]
 [138 100]
 [139 102]
 [141 104]
 [143 106]
 [144 108]
 [144 112]
 [146 115]
 [148 117]
 [151 119]
 [153 119]
 [156 122]
 [160 124]
 [163 124]
 [166 125]
 [168 124]
 [172 122]
 [173 120]
 [174 117]
 [175 113]
 [175 109]
 [174 104]
 [172 101]
 [169  97]
 [166  94]
 [161  91]
 [160  88]
 [157  84]
 [154  81]
 [151  79]
 [148  78]
 [144  77]
 [142  78]
 [139  80]
 [137  82]
 [135  84]]
Fuhrman 3, [[170 780]
 [167 782]
 [166 784]
 [164 786]
 [164 790]
 [164 792]
 [164 794]
 [165 797]
 [166 800]
 [167 801]
 [169 803]
 [171 804]
 [174 805]
 [176 806]
 [179 805]
 [183 804]
 [186 802]
 [187 800]
 [189 797]
 [190 795]
 [190 793]
 [190 790]
 [190 787]
 [189 785]
 [187 782]
 [185 780]
 [183 779]
 [181 778]
 [178 777]
 [175 778]
 [172 779]
 [170 780]]
Fuhrman 3, [[156 839]
 [154 841]
 [153 845]
 [154 847]
 [153 848]
 [153 850]
 [155 853]
 [157 855]
 [159 858]
 [161 861]
 [162 863]
 [164 864]
 [166 864]
 [169 865]
 [172 866]
 [175 867]
 [178 866]
 [180 866]
 [184 864]
 [185 864]
 [185 862]
 [186 858]
 [186 855]
 [183 850]
 [181 846]
 [179 843]
 [176 840]
 [172 839]
 [169 838]
 [165 837]
 [162 837]
 [159 837]
 [156 839]]
Fuhrman 3, [[178 888]
 [177 891]
 [176 893]
 [176 896]
 [176 899]
 [177 902]
 [178 904]
 [179 907]
 [180 908]
 [181 910]
 [183 910]
 [183 912]
 [184 913]
 [185 914]
 [187 916]
 [188 918]
 [191 919]
 [192 919]
 [194 917]
 [197 915]
 [199 912]
 [200 910]
 [201 908]
 [201 905]
 [203 902]
 [204 900]
 [205 898]
 [205 895]
 [205 892]
 [204 889]
 [203 886]
 [200 884]
 [198 883]
 [195 882]
 [191 881]
 [188 882]
 [186 883]
 [183 884]
 [181 885]
 [180 887]
 [178 889]]
Fuhrman 3, [[830 306]
 [832 305]
 [833 304]
 [834 302]
 [834 301]
 [834 299]
 [833 298]
 [832 296]
 [832 294]
 [832 291]
 [831 288]
 [829 287]
 [826 286]
 [821 285]
 [818 286]
 [814 287]
 [812 289]
 [810 291]
 [809 292]
 [809 294]
 [808 296]
 [807 298]
 [805 300]
 [803 302]
 [802 304]
 [800 305]
 [799 307]
 [799 310]
 [799 312]
 [800 313]
 [801 315]
 [803 316]
 [805 316]
 [808 316]
 [811 316]
 [813 314]
 [815 314]
 [817 313]
 [819 313]
 [821 313]
 [823 313]
 [824 313]
 [826 311]
 [828 309]
 [829 307]
 [830 306]]
Fuhrman 3, [[845 292]
 [841 293]
 [838 295]
 [836 297]
 [835 298]
 [834 299]
 [834 300]
 [834 301]
 [834 303]
 [833 304]
 [832 305]
 [832 306]
 [833 308]
 [833 309]
 [834 312]
 [834 314]
 [836 315]
 [838 315]
 [843 315]
 [846 315]
 [850 315]
 [853 315]
 [856 315]
 [858 316]
 [862 316]
 [864 316]
 [867 316]
 [869 315]
 [870 313]
 [871 311]
 [872 310]
 [873 308]
 [873 306]
 [872 304]
 [872 302]
 [871 300]
 [870 298]
 [868 297]
 [866 297]
 [865 297]
 [862 295]
 [860 293]
 [859 292]
 [856 290]
 [855 289]
 [853 289]
 [850 290]
 [848 290]
 [846 291]
 [845 292]]
Fuhrman 3, [[889 188]
 [886 190]
 [884 192]
 [883 195]
 [882 197]
 [881 199]
 [881 201]
 [882 203]
 [883 205]
 [885 207]
 [885 207]
 [887 209]
 [889 210]
 [890 210]
 [892 211]
 [893 211]
 [894 209]
 [897 208]
 [901 207]
 [905 206]
 [909 205]
 [912 203]
 [916 201]
 [918 199]
 [921 197]
 [921 194]
 [923 192]
 [925 191]
 [925 190]
 [925 188]
 [925 186]
 [924 185]
 [922 183]
 [919 181]
 [915 180]
 [912 180]
 [905 179]
 [902 180]
 [898 181]
 [895 183]
 [891 185]
 [889 188]]
Fuhrman 3, [[1407  708]
 [1406  710]
 [1406  712]
 [1406  713]
 [1406  715]
 [1406  718]
 [1406  719]
 [1405  721]
 [1405  723]
 [1405  726]
 [1406  727]
 [1407  729]
 [1407  732]
 [1408  733]
 [1408  736]
 [1409  736]
 [1410  737]
 [1411  738]
 [1413  740]
 [1416  741]
 [1419  742]
 [1424  742]
 [1427  743]
 [1430  743]
 [1434  742]
 [1439  740]
 [1442  739]
 [1444  737]
 [1445  736]
 [1446  734]
 [1447  732]
 [1447  730]
 [1447  728]
 [1446  724]
 [1445  721]
 [1443  718]
 [1441  715]
 [1438  712]
 [1436  708]
 [1433  706]
 [1432  704]
 [1428  702]
 [1425  700]
 [1420  699]
 [1417  699]
 [1414  701]
 [1412  702]
 [1409  705]
 [1408  707]
 [1407  708]]
Fuhrman 3, [[1669  457]
 [1667  458]
 [1667  460]
 [1667  462]
 [1666  464]
 [1666  466]
 [1665  467]
 [1664  468]
 [1663  469]
 [1662  471]
 [1662  472]
 [1662  475]
 [1662  476]
 [1663  478]
 [1663  480]
 [1664  481]
 [1665  482]
 [1666  482]
 [1668  483]
 [1669  483]
 [1670  483]
 [1671  484]
 [1672  484]
 [1674  486]
 [1675  487]
 [1675  489]
 [1676  491]
 [1677  492]
 [1678  494]
 [1680  495]
 [1682  495]
 [1685  495]
 [1687  494]
 [1690  493]
 [1692  492]
 [1693  490]
 [1694  489]
 [1695  488]
 [1696  486]
 [1696  484]
 [1696  481]
 [1696  479]
 [1698  477]
 [1700  475]
 [1700  473]
 [1700  471]
 [1700  469]
 [1699  467]
 [1697  466]
 [1695  464]
 [1693  463]
 [1691  462]
 [1689  462]
 [1689  460]
 [1688  459]
 [1687  459]
 [1686  458]
 [1685  457]
 [1683  457]
 [1679  456]
 [1677  455]
 [1673  455]
 [1671  456]
 [1669  457]]
Fuhrman 3, [[1164  314]
 [1163  317]
 [1162  319]
 [1162  322]
 [1162  326]
 [1162  329]
 [1164  331]
 [1166  333]
 [1169  335]
 [1171  337]
 [1175  339]
 [1178  340]
 [1182  341]
 [1185  341]
 [1189  340]
 [1193  339]
 [1196  337]
 [1197  334]
 [1199  331]
 [1200  328]
 [1201  324]
 [1201  320]
 [1200  317]
 [1198  314]
 [1195  312]
 [1192  310]
 [1190  309]
 [1187  308]
 [1185  307]
 [1181  306]
 [1178  306]
 [1174  307]
 [1171  308]
 [1168  310]
 [1166  312]
 [1164  315]]
Fuhrman 3, [[1317  431]
 [1315  432]
 [1313  434]
 [1312  436]
 [1311  438]
 [1311  441]
 [1311  443]
 [1312  446]
 [1313  447]
 [1314  449]
 [1316  451]
 [1318  453]
 [1321  454]
 [1323  456]
 [1325  458]
 [1327  460]
 [1330  461]
 [1332  462]
 [1336  462]
 [1340  462]
 [1344  462]
 [1347  460]
 [1350  458]
 [1353  457]
 [1355  455]
 [1357  453]
 [1358  451]
 [1359  449]
 [1359  446]
 [1359  444]
 [1358  442]
 [1356  440]
 [1355  440]
 [1354  439]
 [1353  437]
 [1352  435]
 [1351  433]
 [1349  431]
 [1347  430]
 [1345  429]
 [1342  429]
 [1340  428]
 [1339  427]
 [1337  426]
 [1333  425]
 [1330  425]
 [1327  426]
 [1323  427]
 [1321  429]
 [1319  430]
 [1318  431]
 [1317  431]]
Fuhrman 3, [[1356  262]
 [1353  264]
 [1351  266]
 [1350  268]
 [1350  271]
 [1350  274]
 [1350  278]
 [1351  280]
 [1351  282]
 [1353  284]
 [1354  286]
 [1355  288]
 [1356  290]
 [1357  292]
 [1359  293]
 [1360  294]
 [1363  296]
 [1364  297]
 [1366  297]
 [1368  297]
 [1370  297]
 [1373  296]
 [1375  294]
 [1377  292]
 [1379  289]
 [1382  287]
 [1384  285]
 [1385  282]
 [1386  280]
 [1387  278]
 [1387  275]
 [1387  272]
 [1387  270]
 [1386  267]
 [1385  265]
 [1383  263]
 [1380  261]
 [1378  260]
 [1377  259]
 [1376  259]
 [1373  258]
 [1369  257]
 [1364  258]
 [1361  259]
 [1358  260]
 [1355  262]]
Fuhrman 3, [[1172  430]
 [1170  429]
 [1166  428]
 [1164  428]
 [1162  426]
 [1160  424]
 [1156  423]
 [1153  424]
 [1151  425]
 [1149  427]
 [1146  429]
 [1145  431]
 [1144  435]
 [1144  438]
 [1144  441]
 [1145  444]
 [1146  447]
 [1148  448]
 [1151  450]
 [1153  452]
 [1156  453]
 [1158  454]
 [1160  453]
 [1161  452]
 [1164  453]
 [1166  453]
 [1168  454]
 [1170  455]
 [1172  454]
 [1176  454]
 [1179  453]
 [1181  452]
 [1184  450]
 [1185  449]
 [1188  447]
 [1190  445]
 [1190  443]
 [1190  441]
 [1190  439]
 [1189  437]
 [1187  435]
 [1187  434]
 [1185  433]
 [1184  433]
 [1183  434]
 [1180  434]
 [1177  434]
 [1176  434]
 [1175  432]
 [1173  431]
 [1172  430]]
Fuhrman 3, [[1066  580]
 [1064  581]
 [1062  583]
 [1060  585]
 [1059  588]
 [1059  592]
 [1059  595]
 [1060  597]
 [1061  600]
 [1062  602]
 [1065  604]
 [1067  606]
 [1069  607]
 [1072  609]
 [1076  609]
 [1080  609]
 [1085  609]
 [1089  607]
 [1092  606]
 [1093  603]
 [1094  601]
 [1095  598]
 [1095  595]
 [1094  592]
 [1093  588]
 [1091  586]
 [1089  584]
 [1087  583]
 [1085  581]
 [1082  579]
 [1079  578]
 [1077  578]
 [1073  578]
 [1071  579]
 [1068  580]
 [1066  581]]
Fuhrman 3, [[1454  832]
 [1450  834]
 [1446  835]
 [1442  837]
 [1440  839]
 [1438  842]
 [1437  846]
 [1437  849]
 [1438  851]
 [1439  853]
 [1441  856]
 [1444  859]
 [1448  861]
 [1454  863]
 [1459  863]
 [1465  862]
 [1469  861]
 [1473  858]
 [1475  856]
 [1477  851]
 [1479  849]
 [1480  847]
 [1480  844]
 [1478  841]
 [1476  838]
 [1475  836]
 [1474  834]
 [1472  833]
 [1469  832]
 [1466  831]
 [1464  831]
 [1462  830]
 [1460  830]
 [1458  830]
 [1456  831]
 [1454  831]
 [1453  832]]
Fuhrman 3, [[1875  613]
 [1872  615]
 [1869  617]
 [1867  620]
 [1866  622]
 [1865  625]
 [1864  629]
 [1864  632]
 [1865  635]
 [1864  636]
 [1864  638]
 [1865  640]
 [1867  642]
 [1869  643]
 [1871  644]
 [1873  645]
 [1876  645]
 [1880  645]
 [1882  644]
 [1884  643]
 [1887  642]
 [1889  640]
 [1891  639]
 [1893  637]
 [1894  635]
 [1895  633]
 [1895  630]
 [1896  627]
 [1895  624]
 [1894  621]
 [1893  618]
 [1891  616]
 [1889  614]
 [1887  613]
 [1885  612]
 [1883  612]
 [1880  612]
 [1877  612]
 [1875  613]]
Fuhrman 3, [[581 765]
 [578 768]
 [577 770]
 [576 773]
 [574 774]
 [574 776]
 [574 779]
 [574 782]
 [575 785]
 [575 789]
 [576 792]
 [577 794]
 [579 797]
 [581 798]
 [584 799]
 [588 800]
 [591 801]
 [594 802]
 [597 802]
 [599 801]
 [602 800]
 [605 798]
 [607 796]
 [609 793]
 [611 790]
 [612 786]
 [612 781]
 [612 778]
 [611 777]
 [610 776]
 [609 773]
 [608 770]
 [604 767]
 [600 764]
 [596 762]
 [592 761]
 [588 761]
 [584 763]
 [581 764]
 [580 765]]
Fuhrman 3, [[1753  975]
 [1750  978]
 [1749  982]
 [1749  984]
 [1747  987]
 [1747  991]
 [1747  996]
 [1747 1000]
 [1749 1005]
 [1750 1009]
 [1751 1010]
 [1753 1011]
 [1755 1012]
 [1756 1013]
 [1760 1015]
 [1763 1015]
 [1766 1015]
 [1770 1015]
 [1774 1013]
 [1777 1010]
 [1780 1007]
 [1782 1004]
 [1783 1001]
 [1785  998]
 [1786  994]
 [1786  990]
 [1786  985]
 [1785  981]
 [1783  980]
 [1782  978]
 [1781  975]
 [1779  973]
 [1777  973]
 [1775  972]
 [1773  972]
 [1770  970]
 [1767  969]
 [1764  969]
 [1761  970]
 [1758  971]
 [1755  974]
 [1753  975]]
