Fuhrman 3, [[209 315]
 [208 318]
 [208 320]
 [209 323]
 [210 325]
 [212 328]
 [213 329]
 [214 330]
 [216 330]
 [218 331]
 [221 331]
 [223 331]
 [225 331]
 [227 331]
 [229 331]
 [231 331]
 [233 330]
 [235 328]
 [237 326]
 [238 324]
 [239 322]
 [240 320]
 [240 317]
 [239 314]
 [237 312]
 [235 311]
 [233 310]
 [231 309]
 [229 308]
 [226 307]
 [222 305]
 [219 305]
 [217 306]
 [215 307]
 [213 308]
 [212 309]
 [210 311]
 [210 313]
 [209 314]
 [209 315]]
Fuhrman 3, [[ 54 785]
 [ 53 787]
 [ 52 789]
 [ 51 792]
 [ 51 795]
 [ 52 798]
 [ 52 800]
 [ 53 802]
 [ 55 803]
 [ 56 804]
 [ 57 805]
 [ 58 806]
 [ 60 807]
 [ 60 808]
 [ 61 808]
 [ 62 809]
 [ 63 809]
 [ 65 810]
 [ 67 810]
 [ 69 811]
 [ 72 811]
 [ 74 810]
 [ 77 810]
 [ 79 809]
 [ 80 808]
 [ 81 807]
 [ 82 804]
 [ 82 801]
 [ 82 799]
 [ 81 796]
 [ 80 795]
 [ 78 793]
 [ 77 792]
 [ 76 791]
 [ 75 789]
 [ 74 788]
 [ 72 786]
 [ 69 785]
 [ 67 784]
 [ 64 783]
 [ 60 783]
 [ 58 783]
 [ 56 783]
 [ 55 784]
 [ 54 785]]
Fuhrman 3, [[ 88 842]
 [ 87 844]
 [ 87 847]
 [ 87 850]
 [ 88 854]
 [ 89 858]
 [ 90 861]
 [ 91 864]
 [ 92 865]
 [ 94 866]
 [ 96 867]
 [ 98 868]
 [ 99 870]
 [102 871]
 [104 872]
 [106 872]
 [109 873]
 [112 872]
 [114 871]
 [116 870]
 [119 867]
 [120 864]
 [120 861]
 [120 857]
 [120 853]
 [119 849]
 [118 847]
 [117 844]
 [115 841]
 [112 839]
 [109 837]
 [104 835]
 [101 834]
 [ 98 835]
 [ 95 835]
 [ 92 837]
 [ 90 839]
 [ 89 841]
 [ 88 842]]
Fuhrman 3, [[215 816]
 [214 820]
 [214 823]
 [215 826]
 [217 829]
 [218 831]
 [221 835]
 [223 837]
 [226 839]
 [228 840]
 [231 841]
 [234 841]
 [237 841]
 [240 840]
 [242 838]
 [244 835]
 [245 832]
 [245 828]
 [245 823]
 [244 819]
 [243 816]
 [240 813]
 [237 810]
 [234 808]
 [230 807]
 [227 807]
 [222 807]
 [220 808]
 [217 810]
 [216 813]
 [215 815]
 [215 816]]
Fuhrman 3, [[306 676]
 [304 680]
 [302 683]
 [301 685]
 [300 688]
 [300 692]
 [300 695]
 [301 697]
 [303 699]
 [306 701]
 [309 702]
 [312 703]
 [314 704]
 [317 704]
 [319 703]
 [323 701]
 [326 698]
 [328 696]
 [330 693]
 [333 690]
 [335 689]
 [336 687]
 [338 684]
 [339 681]
 [340 676]
 [339 673]
 [337 671]
 [335 670]
 [334 669]
 [333 668]
 [331 669]
 [329 668]
 [328 666]
 [326 665]
 [323 666]
 [319 667]
 [317 668]
 [314 669]
 [312 671]
 [309 674]
 [306 676]]
Fuhrman 3, [[538 799]
 [537 802]
 [536 805]
 [536 808]
 [537 812]
 [539 815]
 [542 818]
 [544 820]
 [547 821]
 [549 821]
 [551 821]
 [553 822]
 [556 822]
 [560 821]
 [563 820]
 [567 819]
 [569 817]
 [571 813]
 [573 810]
 [575 808]
 [575 805]
 [575 802]
 [575 798]
 [573 795]
 [570 792]
 [568 790]
 [565 789]
 [561 789]
 [557 789]
 [555 789]
 [551 790]
 [547 792]
 [543 794]
 [541 796]
 [538 799]]
Fuhrman 3, [[675 751]
 [673 753]
 [672 756]
 [672 759]
 [672 762]
 [673 764]
 [675 767]
 [677 769]
 [681 771]
 [684 772]
 [687 773]
 [690 773]
 [695 773]
 [698 771]
 [700 770]
 [703 768]
 [704 767]
 [705 765]
 [706 764]
 [707 763]
 [708 760]
 [708 756]
 [708 752]
 [706 748]
 [704 746]
 [702 744]
 [698 743]
 [693 742]
 [690 742]
 [686 742]
 [684 744]
 [681 745]
 [678 747]
 [676 749]
 [675 751]]
Fuhrman 3, [[496 444]
 [494 446]
 [492 449]
 [491 452]
 [491 456]
 [491 458]
 [494 461]
 [496 463]
 [499 465]
 [503 465]
 [509 466]
 [513 466]
 [518 465]
 [521 464]
 [524 462]
 [526 460]
 [527 457]
 [527 453]
 [526 450]
 [524 447]
 [520 444]
 [517 442]
 [513 441]
 [508 441]
 [505 441]
 [502 442]
 [499 442]
 [496 444]]
Fuhrman 3, [[754 471]
 [753 473]
 [754 475]
 [755 477]
 [756 478]
 [757 480]
 [758 480]
 [760 481]
 [760 482]
 [761 484]
 [762 485]
 [764 485]
 [766 485]
 [768 485]
 [769 487]
 [770 488]
 [771 489]
 [773 489]
 [776 490]
 [779 490]
 [781 489]
 [783 488]
 [785 487]
 [786 485]
 [787 483]
 [787 481]
 [786 478]
 [785 476]
 [785 474]
 [783 473]
 [781 472]
 [779 470]
 [776 469]
 [774 467]
 [773 466]
 [771 465]
 [769 464]
 [767 463]
 [764 462]
 [760 463]
 [758 464]
 [756 466]
 [755 468]
 [754 471]]
Fuhrman 3, [[ 979  126]
 [ 977  128]
 [ 976  130]
 [ 976  132]
 [ 976  135]
 [ 977  138]
 [ 979  140]
 [ 979  143]
 [ 980  144]
 [ 981  145]
 [ 982  145]
 [ 984  147]
 [ 986  150]
 [ 988  152]
 [ 992  153]
 [ 994  153]
 [ 998  153]
 [1001  153]
 [1003  152]
 [1005  150]
 [1007  146]
 [1008  142]
 [1008  138]
 [1007  132]
 [1005  128]
 [1002  125]
 [1000  123]
 [ 997  123]
 [ 996  122]
 [ 994  122]
 [ 992  121]
 [ 989  121]
 [ 987  122]
 [ 983  123]
 [ 981  125]
 [ 979  126]]
Fuhrman 3, [[1065  241]
 [1063  242]
 [1062  243]
 [1062  244]
 [1061  245]
 [1059  245]
 [1057  246]
 [1055  247]
 [1054  249]
 [1054  251]
 [1054  254]
 [1054  257]
 [1055  260]
 [1056  262]
 [1058  264]
 [1060  265]
 [1061  266]
 [1062  267]
 [1064  268]
 [1067  268]
 [1073  268]
 [1076  268]
 [1079  268]
 [1081  267]
 [1081  265]
 [1083  265]
 [1085  264]
 [1086  263]
 [1087  261]
 [1088  258]
 [1089  256]
 [1089  254]
 [1089  252]
 [1089  249]
 [1088  246]
 [1085  244]
 [1082  241]
 [1080  240]
 [1077  239]
 [1074  239]
 [1071  239]
 [1069  239]
 [1066  240]
 [1065  241]]
Fuhrman 3, [[1128  610]
 [1127  612]
 [1126  613]
 [1126  615]
 [1125  616]
 [1125  618]
 [1125  621]
 [1125  624]
 [1126  626]
 [1127  628]
 [1128  629]
 [1129  629]
 [1130  629]
 [1131  630]
 [1131  632]
 [1132  633]
 [1133  633]
 [1135  633]
 [1136  633]
 [1137  634]
 [1139  634]
 [1141  634]
 [1142  634]
 [1144  634]
 [1146  633]
 [1148  632]
 [1149  630]
 [1150  628]
 [1151  626]
 [1151  623]
 [1151  621]
 [1151  618]
 [1150  616]
 [1148  614]
 [1146  611]
 [1145  610]
 [1143  609]
 [1143  608]
 [1141  607]
 [1140  607]
 [1138  607]
 [1136  607]
 [1135  606]
 [1133  607]
 [1131  608]
 [1129  609]
 [1128  610]]
Fuhrman 3, [[1861  776]
 [1860  780]
 [1859  783]
 [1859  789]
 [1859  793]
 [1859  796]
 [1860  799]
 [1861  803]
 [1863  805]
 [1864  807]
 [1866  808]
 [1868  809]
 [1870  809]
 [1872  809]
 [1874  808]
 [1876  809]
 [1878  809]
 [1880  809]
 [1881  809]
 [1881  810]
 [1883  812]
 [1885  812]
 [1887  812]
 [1889  812]
 [1892  809]
 [1896  807]
 [1898  804]
 [1900  802]
 [1902  798]
 [1903  793]
 [1903  789]
 [1902  785]
 [1900  780]
 [1898  776]
 [1896  774]
 [1896  772]
 [1894  770]
 [1893  769]
 [1891  767]
 [1889  767]
 [1887  766]
 [1885  766]
 [1883  767]
 [1881  767]
 [1879  767]
 [1877  766]
 [1874  765]
 [1872  765]
 [1868  766]
 [1865  768]
 [1863  770]
 [1862  773]
 [1861  776]
 [1861  776]]
Fuhrman 3, [[1841  632]
 [1840  635]
 [1840  637]
 [1839  639]
 [1840  642]
 [1841  645]
 [1843  648]
 [1844  650]
 [1847  651]
 [1849  652]
 [1852  652]
 [1853  652]
 [1855  653]
 [1858  654]
 [1864  654]
 [1867  653]
 [1869  652]
 [1873  651]
 [1876  649]
 [1877  646]
 [1878  644]
 [1879  642]
 [1880  640]
 [1880  638]
 [1880  635]
 [1878  632]
 [1875  630]
 [1871  627]
 [1868  626]
 [1865  625]
 [1861  624]
 [1858  624]
 [1854  624]
 [1851  624]
 [1848  625]
 [1845  627]
 [1844  629]
 [1842  630]
 [1841  632]]
Fuhrman 3, [[1612   90]
 [1611   93]
 [1611   96]
 [1611   99]
 [1612  101]
 [1613  104]
 [1613  106]
 [1615  108]
 [1617  110]
 [1620  111]
 [1622  112]
 [1625  113]
 [1629  113]
 [1632  113]
 [1635  112]
 [1638  111]
 [1641  109]
 [1643  106]
 [1645  104]
 [1646  103]
 [1647  100]
 [1648   97]
 [1648   94]
 [1647   90]
 [1646   87]
 [1645   86]
 [1643   84]
 [1640   82]
 [1637   80]
 [1634   79]
 [1631   79]
 [1628   79]
 [1625   79]
 [1622   80]
 [1618   83]
 [1616   85]
 [1614   87]
 [1613   89]
 [1612   90]]
Fuhrman 3, [[1637  245]
 [1635  246]
 [1634  248]
 [1634  250]
 [1633  252]
 [1633  254]
 [1634  255]
 [1633  256]
 [1633  257]
 [1633  259]
 [1633  260]
 [1634  261]
 [1635  263]
 [1635  265]
 [1635  268]
 [1636  269]
 [1637  271]
 [1639  272]
 [1641  273]
 [1643  273]
 [1644  273]
 [1646  274]
 [1648  274]
 [1650  275]
 [1653  275]
 [1656  275]
 [1658  274]
 [1660  274]
 [1662  273]
 [1664  271]
 [1664  269]
 [1665  267]
 [1666  265]
 [1666  262]
 [1666  258]
 [1666  257]
 [1665  255]
 [1664  254]
 [1663  253]
 [1661  252]
 [1660  250]
 [1658  248]
 [1656  247]
 [1655  245]
 [1653  244]
 [1651  242]
 [1649  241]
 [1647  241]
 [1644  241]
 [1642  241]
 [1640  242]
 [1638  244]
 [1637  245]]
Fuhrman 3, [[1559  817]
 [1557  818]
 [1556  820]
 [1555  822]
 [1554  823]
 [1553  825]
 [1552  827]
 [1551  827]
 [1550  829]
 [1550  831]
 [1550  833]
 [1550  836]
 [1551  837]
 [1553  838]
 [1554  839]
 [1555  841]
 [1557  842]
 [1559  843]
 [1561  843]
 [1563  843]
 [1566  843]
 [1568  842]
 [1570  841]
 [1573  840]
 [1576  839]
 [1578  838]
 [1580  836]
 [1583  836]
 [1585  835]
 [1586  835]
 [1588  833]
 [1589  831]
 [1590  829]
 [1590  827]
 [1591  824]
 [1592  820]
 [1592  818]
 [1592  816]
 [1592  813]
 [1591  811]
 [1589  809]
 [1588  808]
 [1585  807]
 [1582  806]
 [1578  806]
 [1575  806]
 [1572  806]
 [1569  807]
 [1566  808]
 [1564  810]
 [1562  813]
 [1560  815]
 [1559  817]]
Fuhrman 3, [[1289 1049]
 [1288 1050]
 [1288 1052]
 [1287 1056]
 [1288 1059]
 [1288 1062]
 [1289 1063]
 [1290 1064]
 [1291 1066]
 [1293 1068]
 [1295 1069]
 [1298 1070]
 [1301 1070]
 [1303 1070]
 [1306 1070]
 [1308 1069]
 [1311 1067]
 [1313 1065]
 [1315 1062]
 [1317 1061]
 [1318 1058]
 [1319 1056]
 [1319 1052]
 [1319 1050]
 [1317 1047]
 [1316 1045]
 [1314 1043]
 [1311 1041]
 [1309 1040]
 [1306 1039]
 [1303 1039]
 [1301 1040]
 [1298 1041]
 [1296 1041]
 [1293 1044]
 [1292 1045]
 [1291 1046]
 [1289 1047]
 [1289 1049]]
Fuhrman 3, [[887 397]
 [885 398]
 [883 399]
 [882 400]
 [881 402]
 [879 404]
 [878 405]
 [876 407]
 [875 410]
 [874 412]
 [874 414]
 [874 416]
 [874 418]
 [875 419]
 [876 420]
 [877 421]
 [879 422]
 [882 422]
 [884 422]
 [886 422]
 [888 423]
 [889 423]
 [891 423]
 [893 421]
 [895 419]
 [897 417]
 [899 415]
 [901 414]
 [901 412]
 [901 410]
 [901 409]
 [901 407]
 [900 406]
 [899 403]
 [897 401]
 [896 400]
 [894 398]
 [891 398]
 [889 397]
 [887 397]]
Fuhrman 3, [[748 939]
 [747 941]
 [746 943]
 [746 946]
 [746 949]
 [747 952]
 [749 954]
 [752 956]
 [755 958]
 [757 959]
 [760 959]
 [763 960]
 [767 959]
 [771 958]
 [775 957]
 [778 954]
 [781 952]
 [783 950]
 [785 947]
 [785 945]
 [785 942]
 [785 940]
 [784 938]
 [781 935]
 [779 933]
 [776 932]
 [773 931]
 [771 931]
 [769 930]
 [767 929]
 [764 930]
 [762 930]
 [760 931]
 [757 932]
 [753 934]
 [751 936]
 [749 938]
 [748 939]]
