Fuhrman 3, [[138 545]
 [135 546]
 [132 547]
 [130 549]
 [129 551]
 [128 553]
 [128 555]
 [127 558]
 [128 561]
 [128 564]
 [129 567]
 [129 569]
 [130 572]
 [132 574]
 [133 576]
 [135 577]
 [136 577]
 [139 577]
 [143 577]
 [146 577]
 [149 577]
 [152 577]
 [154 576]
 [158 575]
 [161 573]
 [163 572]
 [164 570]
 [166 569]
 [167 568]
 [168 566]
 [168 563]
 [169 561]
 [169 558]
 [169 556]
 [168 554]
 [167 552]
 [166 551]
 [164 551]
 [161 551]
 [160 551]
 [158 550]
 [155 550]
 [153 550]
 [153 549]
 [152 547]
 [150 546]
 [147 545]
 [145 545]
 [143 545]
 [141 545]
 [139 545]
 [138 545]]
Fuhrman 3, [[ 24 578]
 [ 22 580]
 [ 21 582]
 [ 20 584]
 [ 19 586]
 [ 18 590]
 [ 18 594]
 [ 18 598]
 [ 18 602]
 [ 19 605]
 [ 19 608]
 [ 20 613]
 [ 22 618]
 [ 23 621]
 [ 24 624]
 [ 25 625]
 [ 25 626]
 [ 27 626]
 [ 28 627]
 [ 30 626]
 [ 32 627]
 [ 33 627]
 [ 34 627]
 [ 36 627]
 [ 37 627]
 [ 40 627]
 [ 40 626]
 [ 41 625]
 [ 43 625]
 [ 45 624]
 [ 46 623]
 [ 48 622]
 [ 49 620]
 [ 49 617]
 [ 50 615]
 [ 50 612]
 [ 49 610]
 [ 49 609]
 [ 48 607]
 [ 47 606]
 [ 45 606]
 [ 44 606]
 [ 42 606]
 [ 42 605]
 [ 42 604]
 [ 43 602]
 [ 44 600]
 [ 45 598]
 [ 46 597]
 [ 46 595]
 [ 47 594]
 [ 48 593]
 [ 49 591]
 [ 49 587]
 [ 49 585]
 [ 49 582]
 [ 48 579]
 [ 47 577]
 [ 45 576]
 [ 43 574]
 [ 41 573]
 [ 38 573]
 [ 36 572]
 [ 34 572]
 [ 32 573]
 [ 29 574]
 [ 27 575]
 [ 25 577]
 [ 24 578]]
Fuhrman 3, [[377 417]
 [375 419]
 [375 420]
 [374 421]
 [373 422]
 [372 423]
 [371 425]
 [371 426]
 [371 429]
 [372 432]
 [373 434]
 [374 437]
 [376 438]
 [377 439]
 [379 441]
 [381 443]
 [383 444]
 [385 446]
 [387 446]
 [391 447]
 [393 447]
 [396 447]
 [398 446]
 [400 445]
 [402 443]
 [405 441]
 [406 440]
 [408 437]
 [408 435]
 [408 432]
 [408 429]
 [408 425]
 [409 424]
 [408 423]
 [408 422]
 [407 420]
 [405 418]
 [403 416]
 [401 414]
 [399 413]
 [396 412]
 [393 412]
 [390 412]
 [387 412]
 [385 412]
 [384 412]
 [383 413]
 [382 414]
 [381 414]
 [379 415]
 [377 417]]
Fuhrman 3, [[337 798]
 [339 797]
 [342 796]
 [344 794]
 [346 792]
 [348 788]
 [348 784]
 [348 779]
 [348 775]
 [347 772]
 [346 769]
 [344 767]
 [343 766]
 [341 765]
 [338 765]
 [336 766]
 [334 767]
 [333 768]
 [332 768]
 [331 768]
 [331 766]
 [329 765]
 [327 764]
 [324 764]
 [321 765]
 [320 766]
 [318 767]
 [314 769]
 [313 770]
 [311 771]
 [309 774]
 [308 776]
 [307 778]
 [306 781]
 [306 785]
 [306 787]
 [308 790]
 [310 793]
 [312 795]
 [315 797]
 [318 799]
 [321 799]
 [323 800]
 [326 801]
 [328 800]
 [331 800]
 [334 800]
 [335 799]
 [337 798]]
Fuhrman 3, [[360 870]
 [361 869]
 [361 867]
 [361 865]
 [360 864]
 [360 862]
 [358 860]
 [357 859]
 [355 859]
 [353 859]
 [351 860]
 [350 861]
 [348 861]
 [347 861]
 [345 862]
 [343 862]
 [342 862]
 [341 862]
 [340 863]
 [339 864]
 [338 865]
 [337 867]
 [336 869]
 [336 872]
 [337 873]
 [337 875]
 [339 876]
 [341 877]
 [343 878]
 [346 878]
 [348 877]
 [351 876]
 [355 874]
 [357 873]
 [359 871]
 [360 870]]
Fuhrman 3, [[791 742]
 [787 743]
 [785 744]
 [783 746]
 [781 748]
 [780 750]
 [779 752]
 [779 754]
 [778 756]
 [778 759]
 [779 761]
 [780 764]
 [782 765]
 [785 766]
 [789 767]
 [793 767]
 [796 767]
 [800 767]
 [803 766]
 [806 765]
 [808 764]
 [809 762]
 [811 759]
 [812 757]
 [812 754]
 [812 752]
 [811 750]
 [810 747]
 [806 745]
 [802 744]
 [801 743]
 [801 742]
 [800 741]
 [798 740]
 [797 739]
 [795 740]
 [793 740]
 [792 741]
 [790 742]]
Fuhrman 3, [[952 889]
 [950 893]
 [950 896]
 [950 900]
 [950 904]
 [950 908]
 [949 910]
 [949 913]
 [949 916]
 [949 919]
 [949 923]
 [950 926]
 [952 929]
 [953 931]
 [955 933]
 [957 934]
 [960 935]
 [963 934]
 [966 933]
 [968 931]
 [969 930]
 [970 929]
 [971 927]
 [971 925]
 [971 922]
 [973 921]
 [974 920]
 [975 918]
 [975 916]
 [974 913]
 [974 911]
 [972 909]
 [970 907]
 [969 905]
 [970 903]
 [970 901]
 [970 899]
 [970 897]
 [970 895]
 [970 892]
 [969 889]
 [967 887]
 [965 886]
 [963 885]
 [960 885]
 [957 885]
 [955 887]
 [953 887]
 [952 889]]
Fuhrman 3, [[828 848]
 [825 850]
 [824 850]
 [822 851]
 [821 853]
 [821 855]
 [819 856]
 [816 857]
 [814 859]
 [813 862]
 [813 865]
 [813 868]
 [814 870]
 [816 872]
 [818 874]
 [820 875]
 [822 877]
 [824 878]
 [827 879]
 [830 879]
 [833 878]
 [835 877]
 [838 875]
 [840 873]
 [842 871]
 [843 869]
 [846 867]
 [847 865]
 [849 862]
 [851 861]
 [852 859]
 [853 857]
 [853 854]
 [852 851]
 [850 848]
 [848 846]
 [846 845]
 [844 844]
 [842 843]
 [839 843]
 [836 843]
 [833 844]
 [830 846]
 [828 848]]
Fuhrman 3, [[1053  971]
 [1051  972]
 [1049  974]
 [1048  978]
 [1048  982]
 [1048  986]
 [1049  989]
 [1050  993]
 [1051  997]
 [1053 1001]
 [1055 1004]
 [1058 1006]
 [1060 1009]
 [1063 1011]
 [1065 1011]
 [1068 1011]
 [1070 1011]
 [1073 1010]
 [1075 1009]
 [1076 1007]
 [1077 1005]
 [1078 1003]
 [1077 1000]
 [1077  997]
 [1076  994]
 [1076  992]
 [1075  989]
 [1074  987]
 [1073  985]
 [1072  982]
 [1071  980]
 [1070  977]
 [1068  975]
 [1066  973]
 [1063  971]
 [1061  970]
 [1058  970]
 [1056  970]
 [1054  970]
 [1053  971]]
Fuhrman 3, [[1111  638]
 [1110  637]
 [1110  634]
 [1109  632]
 [1108  630]
 [1107  630]
 [1105  630]
 [1103  631]
 [1101  631]
 [1098  632]
 [1096  631]
 [1095  631]
 [1094  630]
 [1092  631]
 [1091  631]
 [1090  633]
 [1090  634]
 [1090  636]
 [1091  636]
 [1091  636]
 [1093  636]
 [1093  637]
 [1093  638]
 [1093  639]
 [1093  641]
 [1093  642]
 [1093  644]
 [1094  645]
 [1094  647]
 [1094  649]
 [1094  652]
 [1095  654]
 [1096  656]
 [1097  657]
 [1098  658]
 [1099  659]
 [1100  661]
 [1101  661]
 [1103  662]
 [1104  662]
 [1105  663]
 [1107  663]
 [1109  664]
 [1111  664]
 [1113  664]
 [1115  663]
 [1116  662]
 [1118  660]
 [1119  658]
 [1120  656]
 [1121  654]
 [1121  652]
 [1120  650]
 [1120  648]
 [1119  647]
 [1118  646]
 [1116  644]
 [1116  643]
 [1114  641]
 [1113  640]
 [1112  639]
 [1111  638]]
Fuhrman 3, [[1165  576]
 [1162  577]
 [1160  579]
 [1158  582]
 [1157  583]
 [1157  585]
 [1156  585]
 [1155  587]
 [1154  588]
 [1153  591]
 [1153  594]
 [1153  597]
 [1153  600]
 [1154  602]
 [1155  604]
 [1156  605]
 [1157  606]
 [1158  608]
 [1158  609]
 [1159  611]
 [1161  613]
 [1162  614]
 [1164  615]
 [1167  615]
 [1169  615]
 [1172  614]
 [1174  613]
 [1177  613]
 [1179  612]
 [1181  610]
 [1183  608]
 [1184  606]
 [1186  603]
 [1188  602]
 [1189  600]
 [1189  597]
 [1189  593]
 [1188  590]
 [1187  588]
 [1187  586]
 [1186  583]
 [1185  582]
 [1185  581]
 [1183  579]
 [1181  578]
 [1178  577]
 [1175  576]
 [1173  576]
 [1169  576]
 [1167  576]
 [1165  576]]
Fuhrman 3, [[1292  406]
 [1290  408]
 [1287  408]
 [1286  409]
 [1284  409]
 [1283  409]
 [1281  410]
 [1281  411]
 [1281  412]
 [1281  412]
 [1281  413]
 [1280  414]
 [1280  416]
 [1280  417]
 [1280  418]
 [1281  419]
 [1282  419]
 [1282  420]
 [1282  421]
 [1282  422]
 [1283  424]
 [1284  424]
 [1285  425]
 [1285  425]
 [1285  426]
 [1286  428]
 [1287  429]
 [1288  431]
 [1290  432]
 [1292  432]
 [1293  432]
 [1295  432]
 [1296  433]
 [1297  434]
 [1298  435]
 [1299  435]
 [1301  435]
 [1302  434]
 [1303  433]
 [1304  432]
 [1305  432]
 [1306  431]
 [1308  429]
 [1309  428]
 [1310  428]
 [1312  427]
 [1313  426]
 [1313  425]
 [1315  424]
 [1315  423]
 [1315  421]
 [1316  419]
 [1317  418]
 [1317  416]
 [1318  415]
 [1318  413]
 [1317  411]
 [1316  408]
 [1314  407]
 [1312  406]
 [1311  405]
 [1306  405]
 [1304  405]
 [1303  405]
 [1302  404]
 [1301  404]
 [1299  404]
 [1298  405]
 [1296  406]
 [1295  406]
 [1294  406]
 [1292  406]]
Fuhrman 3, [[1398  901]
 [1396  902]
 [1395  903]
 [1394  903]
 [1390  903]
 [1387  903]
 [1385  904]
 [1384  905]
 [1382  905]
 [1382  906]
 [1381  908]
 [1380  911]
 [1379  914]
 [1379  918]
 [1379  921]
 [1380  924]
 [1382  927]
 [1383  928]
 [1384  929]
 [1386  929]
 [1388  931]
 [1389  931]
 [1390  931]
 [1392  932]
 [1394  932]
 [1396  932]
 [1398  932]
 [1400  932]
 [1401  932]
 [1402  931]
 [1404  931]
 [1407  929]
 [1410  928]
 [1412  927]
 [1412  925]
 [1413  924]
 [1413  924]
 [1414  923]
 [1416  922]
 [1417  921]
 [1419  918]
 [1419  915]
 [1419  912]
 [1418  909]
 [1417  906]
 [1416  904]
 [1416  903]
 [1415  903]
 [1413  903]
 [1411  902]
 [1410  901]
 [1408  900]
 [1406  900]
 [1403  900]
 [1402  900]
 [1402  901]
 [1401  901]
 [1399  901]
 [1398  901]]
Fuhrman 3, [[1793  971]
 [1791  972]
 [1788  974]
 [1788  976]
 [1788  978]
 [1788  980]
 [1789  983]
 [1789  987]
 [1789  992]
 [1790 1000]
 [1791 1004]
 [1791 1007]
 [1793 1009]
 [1794 1011]
 [1795 1012]
 [1796 1012]
 [1798 1012]
 [1800 1012]
 [1802 1011]
 [1804 1010]
 [1805 1008]
 [1805 1007]
 [1807 1006]
 [1808 1005]
 [1809 1003]
 [1810 1001]
 [1810 1000]
 [1811  999]
 [1812  997]
 [1813  994]
 [1813  993]
 [1814  992]
 [1815  989]
 [1815  986]
 [1815  983]
 [1814  982]
 [1813  981]
 [1813  979]
 [1813  976]
 [1812  973]
 [1810  971]
 [1807  969]
 [1803  968]
 [1800  968]
 [1797  968]
 [1794  970]
 [1793  971]]
Fuhrman 3, [[1335   18]
 [1333   19]
 [1330   22]
 [1328   26]
 [1326   29]
 [1326   32]
 [1325   34]
 [1325   39]
 [1326   42]
 [1327   44]
 [1328   46]
 [1329   47]
 [1330   48]
 [1332   49]
 [1335   50]
 [1338   50]
 [1341   50]
 [1342   51]
 [1344   50]
 [1346   50]
 [1348   48]
 [1350   46]
 [1351   44]
 [1351   41]
 [1351   39]
 [1351   35]
 [1351   31]
 [1351   28]
 [1349   24]
 [1347   21]
 [1344   19]
 [1342   18]
 [1340   18]
 [1338   18]
 [1337   18]
 [1335   18]]
Fuhrman 3, [[542 868]
 [540 870]
 [538 873]
 [536 875]
 [535 878]
 [534 880]
 [534 881]
 [533 883]
 [534 884]
 [534 886]
 [534 888]
 [534 890]
 [533 892]
 [533 894]
 [533 896]
 [534 899]
 [536 901]
 [537 902]
 [538 903]
 [539 904]
 [541 904]
 [543 905]
 [545 904]
 [549 903]
 [552 901]
 [554 900]
 [556 898]
 [558 897]
 [559 895]
 [559 892]
 [560 889]
 [560 886]
 [560 882]
 [559 880]
 [559 877]
 [559 875]
 [558 872]
 [555 869]
 [554 867]
 [552 866]
 [550 865]
 [548 865]
 [546 865]
 [545 866]
 [543 867]
 [542 868]]
Fuhrman 3, [[281 955]
 [280 957]
 [279 957]
 [279 958]
 [278 959]
 [278 960]
 [278 961]
 [277 963]
 [277 965]
 [277 967]
 [277 968]
 [278 971]
 [279 972]
 [280 973]
 [281 974]
 [283 975]
 [285 975]
 [287 975]
 [290 974]
 [292 974]
 [294 974]
 [296 974]
 [297 975]
 [298 975]
 [299 975]
 [301 975]
 [303 975]
 [306 974]
 [308 974]
 [311 973]
 [313 971]
 [315 970]
 [317 969]
 [317 968]
 [318 967]
 [318 965]
 [318 963]
 [317 961]
 [316 959]
 [316 958]
 [314 956]
 [313 955]
 [312 954]
 [311 953]
 [309 950]
 [306 949]
 [303 948]
 [302 947]
 [299 947]
 [297 948]
 [296 948]
 [293 948]
 [290 948]
 [289 949]
 [288 950]
 [286 951]
 [284 953]
 [282 955]
 [281 955]]
Fuhrman 3, [[610 111]
 [608 112]
 [607 113]
 [606 114]
 [605 113]
 [603 112]
 [601 112]
 [600 113]
 [598 114]
 [597 116]
 [596 119]
 [597 124]
 [597 127]
 [598 132]
 [600 136]
 [603 139]
 [605 140]
 [607 141]
 [611 141]
 [613 140]
 [615 139]
 [616 140]
 [618 140]
 [620 140]
 [621 139]
 [623 138]
 [624 138]
 [624 139]
 [624 140]
 [624 140]
 [625 140]
 [626 140]
 [627 140]
 [627 138]
 [628 136]
 [628 136]
 [629 133]
 [630 132]
 [632 131]
 [633 129]
 [634 128]
 [634 127]
 [634 126]
 [634 124]
 [634 121]
 [632 118]
 [628 115]
 [627 114]
 [625 113]
 [622 113]
 [620 112]
 [617 112]
 [613 111]
 [612 111]
 [611 111]
 [610 111]]
Fuhrman 3, [[1760  422]
 [1758  423]
 [1756  425]
 [1755  426]
 [1753  427]
 [1752  427]
 [1751  428]
 [1751  429]
 [1751  432]
 [1751  434]
 [1752  436]
 [1752  437]
 [1752  439]
 [1753  440]
 [1754  441]
 [1754  441]
 [1754  442]
 [1754  443]
 [1754  444]
 [1754  444]
 [1755  445]
 [1756  445]
 [1756  446]
 [1756  447]
 [1757  448]
 [1758  449]
 [1758  449]
 [1758  451]
 [1758  452]
 [1759  455]
 [1759  457]
 [1760  459]
 [1760  460]
 [1762  461]
 [1763  462]
 [1765  462]
 [1766  463]
 [1767  462]
 [1770  462]
 [1771  460]
 [1773  459]
 [1774  458]
 [1775  458]
 [1776  458]
 [1777  458]
 [1779  458]
 [1781  457]
 [1782  456]
 [1783  455]
 [1784  454]
 [1784  453]
 [1784  451]
 [1784  451]
 [1783  450]
 [1783  448]
 [1784  446]
 [1784  444]
 [1785  442]
 [1785  440]
 [1785  439]
 [1786  438]
 [1786  436]
 [1785  434]
 [1786  433]
 [1785  430]
 [1785  427]
 [1783  425]
 [1781  424]
 [1780  424]
 [1777  423]
 [1775  423]
 [1774  422]
 [1773  422]
 [1772  421]
 [1770  421]
 [1769  421]
 [1768  421]
 [1767  421]
 [1765  421]
 [1763  421]
 [1761  422]
 [1760  422]]
Fuhrman 3, [[1675  618]
 [1674  620]
 [1674  621]
 [1673  623]
 [1672  625]
 [1672  628]
 [1672  631]
 [1672  634]
 [1672  637]
 [1673  640]
 [1675  643]
 [1677  644]
 [1679  645]
 [1681  646]
 [1682  646]
 [1685  646]
 [1686  646]
 [1688  646]
 [1690  646]
 [1691  646]
 [1693  646]
 [1694  645]
 [1696  645]
 [1698  644]
 [1700  642]
 [1702  640]
 [1703  639]
 [1704  637]
 [1704  635]
 [1705  633]
 [1706  632]
 [1706  631]
 [1706  630]
 [1706  628]
 [1706  627]
 [1705  626]
 [1704  625]
 [1704  624]
 [1704  623]
 [1706  621]
 [1707  619]
 [1708  618]
 [1708  616]
 [1708  614]
 [1708  612]
 [1708  611]
 [1707  609]
 [1705  608]
 [1703  607]
 [1701  606]
 [1698  605]
 [1696  604]
 [1694  604]
 [1692  604]
 [1689  604]
 [1688  605]
 [1686  606]
 [1683  608]
 [1682  609]
 [1681  611]
 [1680  612]
 [1679  612]
 [1677  613]
 [1676  614]
 [1676  615]
 [1675  616]
 [1675  617]
 [1675  618]]
