Fuhrman 3, [[ 96  86]
 [ 91  87]
 [ 84  91]
 [ 81  92]
 [ 79  94]
 [ 78  95]
 [ 77  98]
 [ 77 101]
 [ 77 103]
 [ 77 104]
 [ 77 105]
 [ 77 106]
 [ 79 108]
 [ 81 111]
 [ 83 112]
 [ 86 114]
 [ 88 115]
 [ 90 115]
 [ 94 115]
 [ 96 115]
 [ 99 114]
 [102 112]
 [103 112]
 [105 110]
 [106 108]
 [107 106]
 [108 105]
 [109 104]
 [110 102]
 [110  99]
 [110  97]
 [110  94]
 [109  92]
 [108  91]
 [106  89]
 [105  88]
 [103  87]
 [102  87]
 [100  86]
 [ 98  86]
 [ 96  86]]
Fuhrman 3, [[134 131]
 [131 133]
 [129 135]
 [128 137]
 [127 139]
 [126 143]
 [126 146]
 [128 148]
 [130 151]
 [132 152]
 [135 153]
 [139 154]
 [142 153]
 [148 153]
 [151 152]
 [154 151]
 [156 151]
 [158 150]
 [160 148]
 [162 145]
 [163 144]
 [163 143]
 [164 141]
 [164 139]
 [164 137]
 [163 135]
 [163 133]
 [162 132]
 [161 131]
 [160 130]
 [159 129]
 [157 128]
 [156 127]
 [154 127]
 [151 126]
 [148 126]
 [145 126]
 [143 126]
 [141 127]
 [139 128]
 [136 130]
 [134 130]
 [134 131]]
Fuhrman 3, [[ 70 333]
 [ 68 334]
 [ 67 335]
 [ 66 337]
 [ 65 340]
 [ 64 344]
 [ 65 347]
 [ 66 350]
 [ 69 353]
 [ 72 356]
 [ 74 357]
 [ 74 358]
 [ 75 359]
 [ 76 360]
 [ 77 360]
 [ 79 361]
 [ 82 361]
 [ 86 362]
 [ 89 363]
 [ 94 363]
 [ 97 363]
 [100 363]
 [104 362]
 [106 361]
 [108 360]
 [109 359]
 [110 357]
 [111 356]
 [111 354]
 [111 352]
 [111 350]
 [110 348]
 [110 346]
 [109 345]
 [108 344]
 [107 342]
 [105 340]
 [102 338]
 [100 336]
 [ 97 334]
 [ 94 333]
 [ 91 332]
 [ 89 331]
 [ 87 330]
 [ 82 330]
 [ 80 330]
 [ 77 330]
 [ 74 330]
 [ 72 331]
 [ 71 332]
 [ 70 333]]
Fuhrman 3, [[494 415]
 [492 416]
 [490 417]
 [489 418]
 [487 419]
 [486 421]
 [484 424]
 [483 426]
 [483 429]
 [482 433]
 [483 437]
 [484 438]
 [485 440]
 [487 442]
 [488 444]
 [491 445]
 [493 446]
 [496 446]
 [500 445]
 [503 445]
 [505 444]
 [507 444]
 [510 442]
 [512 441]
 [514 439]
 [516 436]
 [517 434]
 [518 430]
 [519 428]
 [519 426]
 [519 424]
 [519 422]
 [519 420]
 [518 419]
 [517 417]
 [516 416]
 [515 415]
 [514 414]
 [512 413]
 [510 412]
 [509 412]
 [507 411]
 [505 411]
 [503 411]
 [501 412]
 [498 413]
 [497 413]
 [495 414]
 [494 415]]
Fuhrman 3, [[468 955]
 [465 957]
 [464 959]
 [462 961]
 [461 963]
 [461 966]
 [461 969]
 [461 972]
 [462 975]
 [463 978]
 [464 980]
 [467 982]
 [469 984]
 [472 985]
 [476 986]
 [480 987]
 [483 986]
 [486 985]
 [488 983]
 [489 980]
 [491 977]
 [492 975]
 [493 972]
 [493 969]
 [493 966]
 [492 963]
 [490 961]
 [489 959]
 [487 957]
 [485 955]
 [484 955]
 [482 954]
 [481 953]
 [478 952]
 [475 952]
 [473 953]
 [470 954]
 [468 955]]
Fuhrman 3, [[ 843 1049]
 [ 841 1051]
 [ 840 1052]
 [ 838 1054]
 [ 837 1055]
 [ 836 1057]
 [ 836 1058]
 [ 836 1061]
 [ 836 1063]
 [ 837 1064]
 [ 838 1065]
 [ 838 1066]
 [ 838 1069]
 [ 839 1073]
 [ 839 1076]
 [ 840 1079]
 [ 842 1081]
 [ 843 1083]
 [ 844 1084]
 [ 846 1085]
 [ 848 1086]
 [ 850 1086]
 [ 853 1086]
 [ 855 1085]
 [ 856 1083]
 [ 858 1083]
 [ 860 1082]
 [ 861 1080]
 [ 863 1079]
 [ 864 1077]
 [ 865 1076]
 [ 865 1073]
 [ 865 1072]
 [ 866 1071]
 [ 866 1069]
 [ 866 1066]
 [ 865 1064]
 [ 865 1062]
 [ 865 1060]
 [ 864 1058]
 [ 863 1057]
 [ 862 1055]
 [ 861 1053]
 [ 860 1052]
 [ 858 1050]
 [ 856 1049]
 [ 853 1048]
 [ 851 1048]
 [ 850 1047]
 [ 847 1047]
 [ 846 1047]
 [ 845 1047]
 [ 844 1048]
 [ 844 1048]
 [ 843 1049]]
Fuhrman 3, [[679 684]
 [678 684]
 [677 685]
 [676 686]
 [675 688]
 [674 690]
 [673 693]
 [672 697]
 [672 701]
 [672 704]
 [673 708]
 [673 712]
 [674 718]
 [674 720]
 [676 721]
 [676 722]
 [677 724]
 [678 726]
 [681 728]
 [683 729]
 [685 730]
 [688 730]
 [690 730]
 [693 730]
 [695 729]
 [696 728]
 [697 727]
 [699 725]
 [700 724]
 [702 721]
 [704 717]
 [704 714]
 [704 710]
 [705 706]
 [705 704]
 [705 701]
 [705 698]
 [704 696]
 [704 694]
 [704 692]
 [704 690]
 [703 688]
 [702 687]
 [701 685]
 [700 684]
 [698 682]
 [696 681]
 [694 680]
 [692 680]
 [689 680]
 [688 680]
 [685 680]
 [684 681]
 [683 681]
 [682 681]
 [681 682]
 [681 682]
 [680 683]
 [679 684]]
Fuhrman 3, [[711 625]
 [709 627]
 [707 629]
 [706 631]
 [705 634]
 [704 637]
 [704 640]
 [703 641]
 [703 644]
 [703 646]
 [704 649]
 [704 652]
 [705 654]
 [707 657]
 [709 660]
 [712 662]
 [714 664]
 [718 667]
 [720 667]
 [721 668]
 [724 669]
 [726 669]
 [728 669]
 [731 668]
 [733 668]
 [735 667]
 [737 666]
 [738 664]
 [739 662]
 [739 660]
 [740 658]
 [740 657]
 [739 655]
 [740 653]
 [740 650]
 [740 647]
 [739 644]
 [738 641]
 [736 640]
 [735 640]
 [734 639]
 [733 635]
 [731 633]
 [728 629]
 [725 627]
 [723 625]
 [721 624]
 [719 624]
 [717 624]
 [714 624]
 [712 625]
 [711 625]]
Fuhrman 3, [[1075  548]
 [1073  550]
 [1072  553]
 [1072  555]
 [1072  557]
 [1071  559]
 [1071  562]
 [1071  567]
 [1072  570]
 [1073  574]
 [1074  576]
 [1076  577]
 [1077  578]
 [1079  579]
 [1081  578]
 [1083  578]
 [1085  577]
 [1087  576]
 [1088  574]
 [1089  573]
 [1090  572]
 [1092  570]
 [1094  569]
 [1094  567]
 [1094  565]
 [1095  564]
 [1096  563]
 [1096  562]
 [1097  560]
 [1098  559]
 [1099  557]
 [1099  555]
 [1099  552]
 [1099  549]
 [1098  547]
 [1098  545]
 [1097  544]
 [1095  542]
 [1093  542]
 [1092  541]
 [1090  540]
 [1087  541]
 [1085  541]
 [1083  541]
 [1081  542]
 [1080  543]
 [1078  545]
 [1077  546]
 [1075  548]]
Fuhrman 3, [[1003  525]
 [1000  526]
 [1000  527]
 [ 998  528]
 [ 997  529]
 [ 996  530]
 [ 996  531]
 [ 994  532]
 [ 993  533]
 [ 993  535]
 [ 992  537]
 [ 992  540]
 [ 993  542]
 [ 993  544]
 [ 994  545]
 [ 995  547]
 [ 997  547]
 [ 997  548]
 [ 999  549]
 [1000  550]
 [1002  551]
 [1004  552]
 [1006  552]
 [1009  552]
 [1011  552]
 [1012  551]
 [1013  551]
 [1015  550]
 [1016  549]
 [1017  548]
 [1019  546]
 [1020  545]
 [1022  542]
 [1023  541]
 [1023  540]
 [1024  539]
 [1025  537]
 [1025  534]
 [1025  532]
 [1024  529]
 [1024  528]
 [1022  526]
 [1021  525]
 [1019  524]
 [1017  523]
 [1015  523]
 [1012  523]
 [1010  522]
 [1009  523]
 [1006  523]
 [1005  524]
 [1003  525]
 [1003  525]]
Fuhrman 3, [[1603  201]
 [1600  202]
 [1598  204]
 [1597  205]
 [1596  208]
 [1596  212]
 [1596  215]
 [1598  219]
 [1599  221]
 [1600  223]
 [1602  224]
 [1604  225]
 [1608  225]
 [1611  225]
 [1615  225]
 [1617  224]
 [1618  224]
 [1619  223]
 [1621  223]
 [1623  223]
 [1625  222]
 [1626  221]
 [1626  219]
 [1627  217]
 [1627  214]
 [1627  212]
 [1627  210]
 [1627  208]
 [1627  207]
 [1626  205]
 [1624  203]
 [1623  202]
 [1621  200]
 [1619  199]
 [1617  199]
 [1614  198]
 [1613  197]
 [1611  197]
 [1610  197]
 [1609  198]
 [1608  199]
 [1605  200]
 [1603  201]]
Fuhrman 3, [[1613  118]
 [1611  122]
 [1610  125]
 [1609  128]
 [1609  132]
 [1609  136]
 [1610  139]
 [1610  142]
 [1612  143]
 [1613  145]
 [1615  148]
 [1617  150]
 [1619  151]
 [1621  152]
 [1624  153]
 [1627  152]
 [1630  152]
 [1632  151]
 [1634  149]
 [1635  148]
 [1637  146]
 [1638  144]
 [1639  142]
 [1638  139]
 [1638  136]
 [1637  133]
 [1635  129]
 [1634  126]
 [1632  124]
 [1630  121]
 [1628  119]
 [1624  117]
 [1622  117]
 [1620  117]
 [1618  117]
 [1616  117]
 [1615  118]
 [1613  118]
 [1613  119]]
Fuhrman 3, [[1706   97]
 [1703   97]
 [1699   99]
 [1697  101]
 [1696  101]
 [1695  102]
 [1694  104]
 [1693  105]
 [1692  107]
 [1692  109]
 [1693  112]
 [1695  114]
 [1697  115]
 [1701  117]
 [1703  118]
 [1705  119]
 [1709  119]
 [1712  118]
 [1716  117]
 [1718  116]
 [1720  115]
 [1722  114]
 [1723  112]
 [1725  111]
 [1727  110]
 [1729  108]
 [1730  107]
 [1732  105]
 [1732  104]
 [1733  103]
 [1733  102]
 [1734  101]
 [1734  100]
 [1733   99]
 [1733   98]
 [1732   97]
 [1731   96]
 [1730   95]
 [1728   94]
 [1726   94]
 [1725   93]
 [1723   93]
 [1720   93]
 [1719   94]
 [1718   93]
 [1716   93]
 [1715   93]
 [1712   94]
 [1711   94]
 [1709   95]
 [1708   96]
 [1707   96]
 [1706   97]]
Fuhrman 3, [[1233  428]
 [1231  430]
 [1229  431]
 [1228  433]
 [1226  435]
 [1225  437]
 [1225  440]
 [1225  443]
 [1225  447]
 [1226  449]
 [1227  451]
 [1229  453]
 [1232  455]
 [1234  456]
 [1236  458]
 [1238  458]
 [1240  459]
 [1242  459]
 [1245  459]
 [1247  459]
 [1249  459]
 [1252  458]
 [1254  457]
 [1256  456]
 [1258  455]
 [1259  454]
 [1260  452]
 [1260  451]
 [1262  450]
 [1263  449]
 [1264  448]
 [1265  446]
 [1265  444]
 [1266  442]
 [1266  439]
 [1266  437]
 [1265  435]
 [1264  433]
 [1263  431]
 [1261  430]
 [1260  428]
 [1259  427]
 [1257  426]
 [1256  426]
 [1254  425]
 [1251  424]
 [1249  424]
 [1246  424]
 [1244  424]
 [1241  424]
 [1238  424]
 [1237  425]
 [1236  426]
 [1235  427]
 [1233  428]
 [1232  428]]
Fuhrman 3, [[566 173]
 [562 175]
 [561 176]
 [559 176]
 [558 175]
 [555 175]
 [553 176]
 [551 178]
 [549 179]
 [549 181]
 [549 182]
 [549 182]
 [551 182]
 [552 182]
 [552 184]
 [552 186]
 [551 188]
 [551 192]
 [551 195]
 [552 197]
 [554 200]
 [556 201]
 [559 203]
 [563 204]
 [566 204]
 [572 204]
 [576 203]
 [580 203]
 [584 202]
 [586 201]
 [589 200]
 [590 199]
 [590 197]
 [590 195]
 [589 193]
 [588 190]
 [588 188]
 [587 186]
 [585 183]
 [583 181]
 [581 179]
 [578 177]
 [576 176]
 [575 175]
 [573 174]
 [571 174]
 [569 173]
 [568 173]
 [567 173]
 [566 173]]
Fuhrman 3, [[617 236]
 [615 237]
 [612 238]
 [610 239]
 [609 240]
 [608 241]
 [607 242]
 [606 244]
 [604 246]
 [604 247]
 [603 248]
 [602 249]
 [601 250]
 [599 251]
 [598 253]
 [595 255]
 [594 258]
 [592 259]
 [592 261]
 [592 263]
 [592 264]
 [591 265]
 [591 267]
 [591 270]
 [592 272]
 [593 274]
 [594 276]
 [595 277]
 [597 279]
 [598 279]
 [600 279]
 [603 279]
 [606 279]
 [608 278]
 [611 276]
 [613 275]
 [615 273]
 [617 271]
 [619 269]
 [621 268]
 [622 265]
 [623 263]
 [624 259]
 [625 256]
 [625 253]
 [626 249]
 [626 247]
 [626 245]
 [625 243]
 [625 242]
 [625 240]
 [624 239]
 [624 238]
 [623 237]
 [622 236]
 [620 236]
 [619 236]
 [617 236]]
Fuhrman 3, [[657 230]
 [655 231]
 [654 232]
 [653 234]
 [652 237]
 [651 239]
 [650 241]
 [650 244]
 [650 247]
 [651 250]
 [652 252]
 [654 253]
 [656 255]
 [659 256]
 [661 257]
 [664 257]
 [666 257]
 [669 256]
 [671 255]
 [673 255]
 [674 254]
 [675 252]
 [677 251]
 [678 249]
 [679 248]
 [680 246]
 [680 244]
 [681 243]
 [681 241]
 [681 239]
 [681 238]
 [681 236]
 [681 235]
 [680 233]
 [680 232]
 [679 231]
 [677 230]
 [676 229]
 [674 228]
 [673 228]
 [672 227]
 [667 227]
 [665 226]
 [663 227]
 [661 228]
 [659 228]
 [657 229]
 [656 230]
 [656 230]]
Fuhrman 3, [[1083  227]
 [1081  227]
 [1079  228]
 [1077  230]
 [1076  232]
 [1074  234]
 [1073  236]
 [1073  239]
 [1073  241]
 [1072  242]
 [1070  243]
 [1069  245]
 [1069  246]
 [1067  246]
 [1067  248]
 [1066  250]
 [1065  251]
 [1064  253]
 [1064  255]
 [1063  257]
 [1064  259]
 [1064  261]
 [1065  262]
 [1066  264]
 [1067  266]
 [1069  267]
 [1071  268]
 [1073  268]
 [1075  269]
 [1077  269]
 [1079  268]
 [1082  267]
 [1083  266]
 [1084  265]
 [1086  264]
 [1088  263]
 [1089  261]
 [1090  258]
 [1091  256]
 [1092  254]
 [1094  252]
 [1095  246]
 [1096  244]
 [1096  240]
 [1095  237]
 [1095  235]
 [1094  233]
 [1092  230]
 [1091  228]
 [1089  227]
 [1087  227]
 [1086  227]
 [1084  227]
 [1083  227]]
Fuhrman 3, [[832 354]
 [831 355]
 [829 355]
 [827 357]
 [826 358]
 [825 359]
 [825 360]
 [825 362]
 [825 364]
 [825 366]
 [827 369]
 [830 371]
 [831 372]
 [834 373]
 [836 373]
 [839 373]
 [841 373]
 [844 374]
 [846 374]
 [847 373]
 [849 373]
 [850 371]
 [852 370]
 [854 369]
 [856 368]
 [858 368]
 [859 367]
 [859 365]
 [859 364]
 [859 362]
 [858 361]
 [858 360]
 [857 358]
 [857 357]
 [856 356]
 [855 355]
 [854 354]
 [852 353]
 [850 352]
 [849 352]
 [847 352]
 [845 352]
 [843 352]
 [840 352]
 [838 352]
 [837 353]
 [835 353]
 [834 354]
 [832 354]]
Fuhrman 3, [[1574  818]
 [1573  819]
 [1572  820]
 [1572  819]
 [1570  819]
 [1568  818]
 [1566  817]
 [1564  816]
 [1561  816]
 [1559  817]
 [1554  819]
 [1551  821]
 [1549  823]
 [1547  825]
 [1546  827]
 [1545  829]
 [1544  832]
 [1544  834]
 [1544  837]
 [1544  840]
 [1544  843]
 [1545  844]
 [1547  846]
 [1548  847]
 [1551  849]
 [1554  850]
 [1558  851]
 [1560  851]
 [1563  851]
 [1566  851]
 [1569  850]
 [1571  849]
 [1573  849]
 [1574  848]
 [1576  846]
 [1578  844]
 [1580  842]
 [1581  841]
 [1582  840]
 [1583  840]
 [1584  840]
 [1585  839]
 [1586  838]
 [1588  836]
 [1591  833]
 [1593  831]
 [1596  828]
 [1597  826]
 [1598  825]
 [1599  823]
 [1599  821]
 [1599  819]
 [1599  817]
 [1598  816]
 [1597  814]
 [1595  813]
 [1594  813]
 [1593  812]
 [1591  812]
 [1589  811]
 [1586  811]
 [1584  812]
 [1582  812]
 [1581  813]
 [1580  813]
 [1578  814]
 [1577  816]
 [1575  817]
 [1574  818]]
