Fuhrman 3, [[ 86 195]
 [ 84 192]
 [ 82 191]
 [ 80 189]
 [ 77 187]
 [ 76 185]
 [ 73 184]
 [ 70 184]
 [ 66 185]
 [ 65 185]
 [ 64 185]
 [ 62 185]
 [ 60 185]
 [ 59 186]
 [ 58 188]
 [ 57 189]
 [ 56 191]
 [ 56 193]
 [ 56 194]
 [ 56 196]
 [ 56 197]
 [ 56 199]
 [ 57 202]
 [ 57 204]
 [ 57 206]
 [ 58 208]
 [ 59 211]
 [ 61 212]
 [ 63 214]
 [ 65 215]
 [ 67 217]
 [ 70 218]
 [ 72 219]
 [ 76 220]
 [ 81 220]
 [ 84 220]
 [ 88 220]
 [ 90 220]
 [ 92 220]
 [ 93 219]
 [ 94 217]
 [ 96 216]
 [ 97 215]
 [ 97 214]
 [ 98 212]
 [ 98 211]
 [ 98 209]
 [ 97 208]
 [ 96 207]
 [ 95 207]
 [ 93 205]
 [ 92 203]
 [ 92 201]
 [ 91 199]
 [ 90 198]
 [ 88 197]
 [ 87 196]
 [ 86 195]]
Fuhrman 3, [[379 166]
 [377 165]
 [375 165]
 [374 166]
 [373 167]
 [373 168]
 [372 168]
 [370 168]
 [369 169]
 [368 171]
 [368 173]
 [368 176]
 [368 179]
 [369 183]
 [369 185]
 [369 188]
 [371 190]
 [373 192]
 [375 193]
 [376 194]
 [377 195]
 [379 196]
 [382 198]
 [385 199]
 [388 199]
 [391 199]
 [394 198]
 [396 197]
 [398 196]
 [401 194]
 [402 192]
 [404 190]
 [405 188]
 [406 186]
 [406 184]
 [407 182]
 [406 180]
 [406 178]
 [405 177]
 [404 175]
 [403 174]
 [402 172]
 [399 172]
 [396 171]
 [392 171]
 [391 170]
 [389 169]
 [388 169]
 [387 169]
 [385 169]
 [385 168]
 [384 167]
 [382 166]
 [380 166]
 [379 166]]
Fuhrman 3, [[119 589]
 [122 590]
 [124 591]
 [127 590]
 [130 588]
 [133 586]
 [135 584]
 [136 581]
 [138 578]
 [139 575]
 [139 572]
 [138 570]
 [138 568]
 [136 567]
 [135 565]
 [133 564]
 [131 563]
 [129 562]
 [127 560]
 [125 557]
 [121 555]
 [118 555]
 [115 555]
 [113 556]
 [112 556]
 [111 555]
 [107 556]
 [106 557]
 [104 558]
 [101 558]
 [ 99 559]
 [ 97 561]
 [ 96 562]
 [ 95 564]
 [ 95 567]
 [ 96 569]
 [ 97 570]
 [ 98 570]
 [ 97 572]
 [ 96 573]
 [ 96 575]
 [ 96 577]
 [ 97 579]
 [ 97 580]
 [ 99 581]
 [102 582]
 [105 583]
 [108 583]
 [110 583]
 [111 583]
 [112 583]
 [113 584]
 [114 586]
 [114 587]
 [115 587]
 [116 587]
 [117 588]
 [118 588]
 [119 589]]
Fuhrman 3, [[ 81 625]
 [ 77 627]
 [ 77 627]
 [ 76 627]
 [ 75 627]
 [ 74 629]
 [ 75 630]
 [ 74 631]
 [ 73 632]
 [ 73 635]
 [ 73 638]
 [ 74 640]
 [ 76 642]
 [ 78 644]
 [ 82 645]
 [ 85 646]
 [ 88 647]
 [ 92 647]
 [ 96 648]
 [100 647]
 [103 647]
 [105 646]
 [106 645]
 [107 643]
 [107 640]
 [106 638]
 [106 635]
 [104 632]
 [102 630]
 [100 629]
 [ 98 628]
 [ 97 627]
 [ 95 627]
 [ 94 626]
 [ 93 625]
 [ 90 624]
 [ 88 624]
 [ 84 624]
 [ 82 625]
 [ 81 625]]
Fuhrman 3, [[600 688]
 [597 689]
 [594 689]
 [591 691]
 [588 693]
 [587 695]
 [586 697]
 [586 699]
 [586 701]
 [587 704]
 [589 706]
 [591 708]
 [593 710]
 [595 710]
 [598 711]
 [601 711]
 [603 713]
 [605 714]
 [607 716]
 [609 716]
 [612 716]
 [615 716]
 [617 715]
 [621 713]
 [624 711]
 [626 709]
 [629 708]
 [633 705]
 [636 704]
 [637 703]
 [640 701]
 [642 700]
 [643 698]
 [644 696]
 [644 694]
 [643 692]
 [643 690]
 [642 689]
 [641 687]
 [639 685]
 [636 685]
 [633 685]
 [629 685]
 [624 685]
 [621 685]
 [619 685]
 [617 684]
 [615 684]
 [612 684]
 [609 685]
 [606 686]
 [602 687]
 [600 688]]
Fuhrman 3, [[1146  740]
 [1144  742]
 [1143  743]
 [1142  746]
 [1142  748]
 [1142  751]
 [1142  753]
 [1143  755]
 [1144  756]
 [1145  758]
 [1146  759]
 [1147  762]
 [1147  764]
 [1148  765]
 [1150  766]
 [1151  766]
 [1153  766]
 [1153  768]
 [1155  770]
 [1156  771]
 [1159  772]
 [1162  772]
 [1165  772]
 [1169  772]
 [1171  772]
 [1172  771]
 [1173  770]
 [1175  768]
 [1176  767]
 [1177  764]
 [1177  762]
 [1178  758]
 [1178  756]
 [1178  754]
 [1178  753]
 [1177  752]
 [1177  751]
 [1175  749]
 [1174  748]
 [1173  747]
 [1173  745]
 [1171  745]
 [1169  745]
 [1168  743]
 [1166  741]
 [1164  740]
 [1162  739]
 [1161  738]
 [1158  737]
 [1155  737]
 [1152  737]
 [1150  738]
 [1148  738]
 [1147  739]
 [1146  740]]
Fuhrman 3, [[1582  419]
 [1578  421]
 [1577  421]
 [1575  421]
 [1573  422]
 [1572  423]
 [1572  426]
 [1572  428]
 [1572  432]
 [1572  435]
 [1573  437]
 [1576  439]
 [1578  440]
 [1580  441]
 [1583  441]
 [1586  440]
 [1588  439]
 [1589  439]
 [1590  440]
 [1591  442]
 [1593  443]
 [1596  443]
 [1599  443]
 [1602  443]
 [1605  443]
 [1608  443]
 [1610  443]
 [1613  442]
 [1615  441]
 [1616  439]
 [1617  438]
 [1618  437]
 [1618  436]
 [1617  433]
 [1617  431]
 [1617  429]
 [1616  427]
 [1615  426]
 [1612  424]
 [1611  423]
 [1609  423]
 [1607  422]
 [1606  421]
 [1604  420]
 [1602  420]
 [1596  420]
 [1594  420]
 [1592  420]
 [1591  420]
 [1589  419]
 [1585  420]
 [1584  419]
 [1583  419]
 [1582  419]]
Fuhrman 3, [[1769  593]
 [1767  597]
 [1766  601]
 [1766  604]
 [1766  608]
 [1766  611]
 [1768  614]
 [1770  616]
 [1772  617]
 [1775  618]
 [1780  618]
 [1783  618]
 [1786  618]
 [1789  617]
 [1790  615]
 [1790  613]
 [1790  611]
 [1791  608]
 [1792  606]
 [1793  603]
 [1794  602]
 [1795  600]
 [1795  598]
 [1795  596]
 [1794  594]
 [1793  591]
 [1792  589]
 [1789  587]
 [1788  586]
 [1786  585]
 [1783  584]
 [1780  585]
 [1778  585]
 [1776  586]
 [1774  586]
 [1772  588]
 [1771  589]
 [1770  591]
 [1769  593]]
Fuhrman 3, [[1566  731]
 [1563  732]
 [1561  734]
 [1560  737]
 [1559  740]
 [1559  744]
 [1559  747]
 [1559  752]
 [1560  755]
 [1560  759]
 [1562  762]
 [1563  766]
 [1566  769]
 [1569  771]
 [1572  773]
 [1576  773]
 [1578  773]
 [1581  772]
 [1584  769]
 [1586  767]
 [1587  764]
 [1588  760]
 [1588  756]
 [1588  752]
 [1588  748]
 [1588  747]
 [1586  745]
 [1586  743]
 [1585  740]
 [1585  737]
 [1584  735]
 [1583  733]
 [1581  731]
 [1578  730]
 [1576  730]
 [1573  730]
 [1570  730]
 [1568  730]
 [1566  731]]
Fuhrman 3, [[1019  673]
 [1017  675]
 [1015  678]
 [1015  681]
 [1015  684]
 [1015  687]
 [1015  689]
 [1013  690]
 [1012  691]
 [1010  693]
 [1009  694]
 [1008  696]
 [1007  699]
 [1007  702]
 [1008  706]
 [1009  708]
 [1011  712]
 [1013  713]
 [1015  715]
 [1018  715]
 [1021  715]
 [1024  715]
 [1026  713]
 [1028  711]
 [1030  709]
 [1032  706]
 [1032  704]
 [1033  700]
 [1033  696]
 [1033  693]
 [1033  690]
 [1033  688]
 [1033  684]
 [1033  682]
 [1031  679]
 [1030  677]
 [1028  676]
 [1027  674]
 [1027  673]
 [1026  672]
 [1024  672]
 [1022  672]
 [1021  672]
 [1020  673]
 [1019  673]]
Fuhrman 3, [[797 707]
 [795 708]
 [794 710]
 [793 711]
 [793 713]
 [793 715]
 [793 717]
 [793 719]
 [793 720]
 [792 721]
 [791 722]
 [790 724]
 [790 725]
 [790 728]
 [791 730]
 [791 732]
 [792 732]
 [793 733]
 [796 733]
 [799 733]
 [800 733]
 [803 733]
 [806 733]
 [808 733]
 [811 733]
 [814 732]
 [816 731]
 [816 731]
 [816 730]
 [817 728]
 [818 727]
 [819 727]
 [820 725]
 [821 724]
 [822 722]
 [824 719]
 [824 717]
 [824 715]
 [824 713]
 [823 711]
 [821 709]
 [820 707]
 [819 705]
 [817 705]
 [814 704]
 [810 704]
 [807 705]
 [804 705]
 [802 705]
 [801 706]
 [800 706]
 [799 706]
 [797 707]]
Fuhrman 3, [[731 675]
 [729 674]
 [726 673]
 [724 673]
 [722 672]
 [721 672]
 [719 672]
 [716 672]
 [715 673]
 [714 674]
 [713 676]
 [712 677]
 [709 679]
 [707 681]
 [706 683]
 [704 685]
 [704 688]
 [703 690]
 [703 691]
 [704 694]
 [705 696]
 [707 698]
 [708 699]
 [711 700]
 [714 701]
 [717 702]
 [720 701]
 [722 701]
 [725 701]
 [727 701]
 [730 700]
 [732 699]
 [734 698]
 [735 697]
 [737 695]
 [738 693]
 [739 691]
 [740 689]
 [742 688]
 [743 687]
 [743 685]
 [743 684]
 [743 682]
 [742 680]
 [741 679]
 [740 678]
 [738 677]
 [737 677]
 [736 677]
 [734 676]
 [733 676]
 [731 675]]
Fuhrman 3, [[707 227]
 [706 229]
 [705 231]
 [703 233]
 [702 235]
 [702 238]
 [702 241]
 [703 243]
 [705 245]
 [707 248]
 [709 251]
 [711 253]
 [712 254]
 [712 256]
 [714 258]
 [717 260]
 [718 261]
 [720 262]
 [721 263]
 [723 265]
 [725 265]
 [727 266]
 [730 266]
 [732 265]
 [735 263]
 [736 261]
 [737 258]
 [738 256]
 [739 255]
 [740 254]
 [739 253]
 [739 251]
 [737 250]
 [736 249]
 [736 248]
 [737 246]
 [738 245]
 [737 242]
 [736 239]
 [735 237]
 [734 234]
 [731 231]
 [728 230]
 [727 228]
 [724 228]
 [723 226]
 [721 225]
 [718 224]
 [715 224]
 [713 225]
 [712 225]
 [710 225]
 [709 226]
 [707 227]]
Fuhrman 3, [[1248   58]
 [1245   60]
 [1244   62]
 [1243   64]
 [1243   66]
 [1242   66]
 [1241   67]
 [1240   68]
 [1240   70]
 [1240   73]
 [1240   76]
 [1242   78]
 [1244   80]
 [1246   81]
 [1249   81]
 [1252   80]
 [1256   79]
 [1259   78]
 [1261   78]
 [1263   78]
 [1265   79]
 [1268   79]
 [1271   78]
 [1273   78]
 [1275   78]
 [1278   78]
 [1280   78]
 [1283   79]
 [1284   79]
 [1286   80]
 [1288   80]
 [1290   80]
 [1291   79]
 [1292   79]
 [1292   77]
 [1292   76]
 [1291   74]
 [1289   73]
 [1286   70]
 [1283   67]
 [1280   65]
 [1278   63]
 [1276   61]
 [1274   60]
 [1270   58]
 [1268   56]
 [1267   55]
 [1265   54]
 [1263   53]
 [1260   54]
 [1257   55]
 [1255   55]
 [1253   56]
 [1251   56]
 [1249   57]
 [1248   58]]
Fuhrman 3, [[1175  149]
 [1173  149]
 [1171  149]
 [1169  149]
 [1168  150]
 [1166  151]
 [1164  152]
 [1163  154]
 [1162  156]
 [1161  158]
 [1161  160]
 [1161  162]
 [1161  163]
 [1163  165]
 [1164  167]
 [1165  169]
 [1167  170]
 [1170  171]
 [1173  172]
 [1175  173]
 [1178  174]
 [1182  174]
 [1186  173]
 [1189  172]
 [1191  170]
 [1194  169]
 [1196  168]
 [1198  166]
 [1200  165]
 [1201  163]
 [1202  160]
 [1203  159]
 [1203  156]
 [1203  154]
 [1202  152]
 [1201  150]
 [1200  148]
 [1198  146]
 [1196  145]
 [1194  145]
 [1192  144]
 [1189  144]
 [1186  145]
 [1185  145]
 [1183  145]
 [1181  147]
 [1179  147]
 [1177  148]
 [1175  149]]
Fuhrman 3, [[1465  871]
 [1462  872]
 [1460  873]
 [1458  872]
 [1457  873]
 [1456  875]
 [1456  877]
 [1457  880]
 [1458  883]
 [1460  885]
 [1462  887]
 [1465  889]
 [1468  891]
 [1471  893]
 [1475  893]
 [1478  893]
 [1480  893]
 [1482  894]
 [1485  894]
 [1488  894]
 [1491  892]
 [1493  890]
 [1495  888]
 [1495  886]
 [1495  883]
 [1494  881]
 [1491  879]
 [1488  876]
 [1486  874]
 [1484  872]
 [1481  871]
 [1478  871]
 [1473  871]
 [1470  871]
 [1468  870]
 [1466  870]
 [1465  871]]
Fuhrman 3, [[543 897]
 [545 896]
 [548 895]
 [550 894]
 [552 892]
 [554 890]
 [554 888]
 [554 885]
 [554 882]
 [553 881]
 [552 878]
 [551 877]
 [550 875]
 [548 873]
 [546 871]
 [545 869]
 [542 868]
 [538 867]
 [534 867]
 [532 867]
 [530 868]
 [529 869]
 [528 869]
 [525 869]
 [522 869]
 [519 871]
 [518 873]
 [516 875]
 [516 878]
 [516 881]
 [518 884]
 [520 887]
 [522 888]
 [523 889]
 [525 889]
 [527 890]
 [528 890]
 [529 891]
 [531 890]
 [532 890]
 [533 890]
 [534 892]
 [535 894]
 [537 896]
 [539 897]
 [541 897]
 [543 897]]
Fuhrman 3, [[484 837]
 [480 838]
 [477 838]
 [473 840]
 [470 842]
 [468 843]
 [467 845]
 [466 846]
 [465 848]
 [466 851]
 [466 852]
 [468 854]
 [469 855]
 [472 856]
 [475 856]
 [480 857]
 [483 857]
 [485 856]
 [486 855]
 [488 854]
 [490 855]
 [494 854]
 [497 854]
 [499 853]
 [501 852]
 [505 851]
 [508 850]
 [509 848]
 [511 846]
 [512 845]
 [512 843]
 [513 841]
 [513 839]
 [513 837]
 [512 836]
 [509 835]
 [507 835]
 [504 835]
 [501 834]
 [499 834]
 [497 834]
 [495 835]
 [493 836]
 [492 837]
 [491 837]
 [489 836]
 [486 836]
 [484 837]]
Fuhrman 3, [[1851  521]
 [1849  520]
 [1848  518]
 [1846  517]
 [1843  518]
 [1841  519]
 [1840  521]
 [1839  522]
 [1838  523]
 [1836  524]
 [1835  526]
 [1834  527]
 [1833  529]
 [1833  531]
 [1833  534]
 [1833  537]
 [1834  540]
 [1835  543]
 [1837  547]
 [1839  548]
 [1842  551]
 [1844  552]
 [1847  554]
 [1849  554]
 [1851  554]
 [1851  556]
 [1853  558]
 [1855  559]
 [1858  560]
 [1862  560]
 [1864  560]
 [1866  560]
 [1867  558]
 [1868  557]
 [1869  554]
 [1871  552]
 [1873  549]
 [1874  548]
 [1875  545]
 [1875  542]
 [1874  539]
 [1874  537]
 [1873  534]
 [1873  532]
 [1872  531]
 [1870  529]
 [1869  528]
 [1868  528]
 [1868  526]
 [1866  525]
 [1865  524]
 [1865  522]
 [1863  522]
 [1861  521]
 [1859  520]
 [1856  521]
 [1855  521]
 [1853  521]
 [1852  522]
 [1851  521]]
Fuhrman 3, [[650 527]
 [649 529]
 [648 530]
 [648 532]
 [648 534]
 [648 536]
 [650 538]
 [651 539]
 [652 541]
 [653 542]
 [654 543]
 [656 544]
 [658 545]
 [661 546]
 [663 547]
 [666 548]
 [668 549]
 [671 549]
 [674 549]
 [677 549]
 [680 549]
 [682 548]
 [684 546]
 [685 545]
 [686 543]
 [687 541]
 [686 539]
 [686 537]
 [685 536]
 [684 534]
 [683 533]
 [681 533]
 [679 532]
 [677 530]
 [676 529]
 [674 528]
 [672 526]
 [668 525]
 [666 525]
 [663 524]
 [660 524]
 [657 524]
 [656 524]
 [655 525]
 [652 526]
 [651 527]
 [650 527]]
