Fuhrman 3, [[ 42 132]
 [ 40 132]
 [ 38 133]
 [ 36 132]
 [ 35 132]
 [ 34 133]
 [ 33 135]
 [ 32 137]
 [ 32 139]
 [ 31 142]
 [ 31 143]
 [ 31 145]
 [ 31 146]
 [ 29 148]
 [ 28 149]
 [ 28 150]
 [ 27 152]
 [ 26 156]
 [ 26 157]
 [ 26 159]
 [ 26 160]
 [ 27 162]
 [ 29 163]
 [ 30 164]
 [ 31 165]
 [ 33 166]
 [ 34 166]
 [ 36 167]
 [ 37 168]
 [ 38 169]
 [ 41 169]
 [ 42 169]
 [ 43 169]
 [ 45 169]
 [ 47 169]
 [ 49 169]
 [ 51 169]
 [ 54 169]
 [ 56 167]
 [ 57 166]
 [ 59 164]
 [ 60 162]
 [ 61 159]
 [ 62 158]
 [ 63 156]
 [ 64 154]
 [ 64 153]
 [ 63 151]
 [ 63 150]
 [ 64 149]
 [ 66 148]
 [ 66 147]
 [ 66 145]
 [ 66 143]
 [ 65 141]
 [ 63 139]
 [ 62 138]
 [ 60 137]
 [ 59 137]
 [ 57 136]
 [ 56 135]
 [ 54 133]
 [ 53 132]
 [ 49 131]
 [ 47 131]
 [ 44 131]
 [ 42 132]]
Fuhrman 3, [[226 249]
 [224 249]
 [222 249]
 [220 249]
 [218 249]
 [217 249]
 [215 249]
 [212 249]
 [210 250]
 [208 250]
 [206 251]
 [205 253]
 [204 255]
 [203 256]
 [201 258]
 [200 259]
 [199 262]
 [199 264]
 [199 266]
 [199 267]
 [200 268]
 [201 269]
 [202 269]
 [203 270]
 [204 272]
 [204 272]
 [205 273]
 [207 274]
 [208 275]
 [210 276]
 [212 276]
 [215 277]
 [218 277]
 [221 277]
 [223 276]
 [226 276]
 [229 274]
 [232 272]
 [234 271]
 [236 269]
 [238 268]
 [239 266]
 [240 265]
 [240 264]
 [241 262]
 [241 260]
 [241 258]
 [240 256]
 [239 254]
 [238 253]
 [236 251]
 [235 250]
 [233 249]
 [231 249]
 [229 248]
 [227 248]
 [226 249]]
Fuhrman 3, [[129 216]
 [126 217]
 [125 218]
 [123 219]
 [122 220]
 [122 222]
 [122 223]
 [121 224]
 [120 224]
 [117 224]
 [115 225]
 [113 227]
 [112 228]
 [112 230]
 [111 233]
 [111 235]
 [112 238]
 [113 241]
 [114 242]
 [116 243]
 [118 244]
 [120 244]
 [123 244]
 [127 244]
 [130 243]
 [133 241]
 [137 239]
 [139 238]
 [142 236]
 [144 234]
 [146 232]
 [148 231]
 [148 229]
 [149 228]
 [149 226]
 [148 224]
 [148 222]
 [147 221]
 [145 220]
 [144 220]
 [143 220]
 [141 220]
 [140 219]
 [139 218]
 [137 217]
 [134 216]
 [132 216]
 [130 216]
 [129 216]]
Fuhrman 3, [[146 490]
 [144 490]
 [142 491]
 [141 491]
 [137 494]
 [135 496]
 [134 497]
 [133 500]
 [132 501]
 [131 503]
 [130 506]
 [129 507]
 [129 509]
 [128 511]
 [128 513]
 [128 515]
 [127 517]
 [128 518]
 [128 519]
 [129 521]
 [130 522]
 [131 522]
 [132 523]
 [133 524]
 [134 524]
 [136 524]
 [138 524]
 [139 524]
 [140 523]
 [140 522]
 [141 521]
 [142 521]
 [143 521]
 [144 521]
 [145 521]
 [147 521]
 [147 520]
 [148 520]
 [150 519]
 [152 519]
 [154 518]
 [156 518]
 [158 517]
 [160 516]
 [161 515]
 [162 514]
 [163 513]
 [164 512]
 [165 511]
 [165 509]
 [165 506]
 [165 504]
 [165 502]
 [164 500]
 [164 499]
 [163 497]
 [162 496]
 [161 495]
 [160 493]
 [157 492]
 [155 491]
 [151 491]
 [149 490]
 [147 490]
 [146 490]]
Fuhrman 3, [[584  52]
 [581  53]
 [579  54]
 [577  56]
 [576  57]
 [576  58]
 [576  59]
 [575  60]
 [573  62]
 [572  64]
 [572  67]
 [572  71]
 [572  73]
 [573  76]
 [574  78]
 [574  79]
 [575  80]
 [576  80]
 [578  81]
 [580  81]
 [581  82]
 [583  82]
 [584  82]
 [587  81]
 [589  80]
 [592  79]
 [594  77]
 [596  76]
 [599  75]
 [602  73]
 [603  72]
 [603  71]
 [603  70]
 [603  68]
 [605  67]
 [606  65]
 [606  64]
 [607  62]
 [607  59]
 [606  57]
 [605  55]
 [603  53]
 [601  51]
 [600  50]
 [599  49]
 [597  49]
 [595  49]
 [593  49]
 [591  49]
 [588  50]
 [586  51]
 [584  52]]
Fuhrman 3, [[788 367]
 [786 368]
 [785 368]
 [784 369]
 [781 372]
 [779 374]
 [778 376]
 [777 378]
 [776 380]
 [776 382]
 [776 384]
 [776 385]
 [777 387]
 [779 389]
 [781 390]
 [783 391]
 [784 392]
 [786 393]
 [787 392]
 [789 393]
 [791 394]
 [793 395]
 [795 395]
 [798 396]
 [800 395]
 [803 395]
 [805 395]
 [807 394]
 [809 393]
 [810 392]
 [812 390]
 [813 387]
 [814 384]
 [814 381]
 [813 378]
 [812 375]
 [810 373]
 [809 371]
 [807 369]
 [805 367]
 [802 367]
 [801 366]
 [798 365]
 [796 365]
 [794 365]
 [792 365]
 [790 366]
 [788 367]]
Fuhrman 3, [[280 465]
 [280 465]
 [279 465]
 [278 465]
 [276 465]
 [274 466]
 [272 466]
 [270 468]
 [268 470]
 [266 471]
 [265 472]
 [264 472]
 [263 473]
 [262 475]
 [262 477]
 [261 479]
 [261 482]
 [261 484]
 [262 486]
 [263 488]
 [263 488]
 [264 489]
 [265 489]
 [266 490]
 [267 491]
 [269 492]
 [270 492]
 [271 492]
 [272 493]
 [273 493]
 [274 494]
 [276 494]
 [278 493]
 [280 493]
 [281 493]
 [283 492]
 [285 491]
 [286 491]
 [287 490]
 [288 490]
 [290 488]
 [291 487]
 [291 486]
 [292 485]
 [293 485]
 [294 484]
 [296 482]
 [297 480]
 [297 479]
 [297 476]
 [296 474]
 [295 472]
 [294 470]
 [293 469]
 [292 468]
 [290 467]
 [289 467]
 [288 466]
 [286 466]
 [284 466]
 [282 466]
 [281 466]
 [280 465]]
Fuhrman 3, [[1059   66]
 [1057   67]
 [1055   68]
 [1052   71]
 [1052   74]
 [1052   78]
 [1052   80]
 [1052   82]
 [1053   84]
 [1053   86]
 [1053   88]
 [1054   90]
 [1054   92]
 [1056   93]
 [1057   94]
 [1058   94]
 [1060   94]
 [1062   95]
 [1063   94]
 [1065   94]
 [1065   93]
 [1066   93]
 [1068   93]
 [1069   92]
 [1070   92]
 [1072   92]
 [1072   92]
 [1073   91]
 [1073   90]
 [1074   90]
 [1075   89]
 [1076   88]
 [1077   87]
 [1078   86]
 [1079   84]
 [1080   82]
 [1080   80]
 [1080   78]
 [1079   77]
 [1078   75]
 [1077   74]
 [1077   73]
 [1076   72]
 [1075   72]
 [1075   71]
 [1074   70]
 [1073   70]
 [1071   69]
 [1069   68]
 [1067   67]
 [1063   66]
 [1061   66]
 [1059   66]]
Fuhrman 3, [[1193  219]
 [1191  219]
 [1190  220]
 [1189  221]
 [1187  222]
 [1186  222]
 [1185  223]
 [1184  224]
 [1184  225]
 [1183  225]
 [1181  227]
 [1180  229]
 [1180  231]
 [1180  234]
 [1180  236]
 [1180  237]
 [1181  238]
 [1182  238]
 [1182  239]
 [1183  240]
 [1184  241]
 [1185  242]
 [1186  243]
 [1187  244]
 [1188  244]
 [1190  244]
 [1192  244]
 [1194  243]
 [1195  243]
 [1197  242]
 [1198  241]
 [1199  241]
 [1201  240]
 [1202  240]
 [1203  239]
 [1204  238]
 [1205  239]
 [1206  239]
 [1208  239]
 [1209  238]
 [1211  238]
 [1214  238]
 [1217  237]
 [1219  236]
 [1222  235]
 [1223  234]
 [1224  233]
 [1225  232]
 [1225  230]
 [1225  229]
 [1225  227]
 [1224  225]
 [1223  224]
 [1222  223]
 [1221  222]
 [1219  221]
 [1217  220]
 [1215  219]
 [1214  219]
 [1213  219]
 [1213  218]
 [1213  217]
 [1212  216]
 [1211  216]
 [1210  217]
 [1209  217]
 [1208  216]
 [1205  217]
 [1204  217]
 [1202  217]
 [1201  217]
 [1200  217]
 [1200  217]
 [1198  218]
 [1196  218]
 [1195  218]
 [1193  219]]
Fuhrman 3, [[1534  118]
 [1532  118]
 [1530  118]
 [1527  119]
 [1524  121]
 [1522  122]
 [1520  123]
 [1517  124]
 [1515  126]
 [1514  128]
 [1513  129]
 [1512  131]
 [1512  132]
 [1513  134]
 [1513  136]
 [1515  138]
 [1517  140]
 [1519  141]
 [1521  141]
 [1524  141]
 [1526  141]
 [1529  141]
 [1530  141]
 [1531  142]
 [1534  142]
 [1538  142]
 [1541  142]
 [1544  142]
 [1546  142]
 [1548  141]
 [1549  141]
 [1551  141]
 [1553  141]
 [1555  140]
 [1556  139]
 [1557  138]
 [1558  137]
 [1558  136]
 [1559  134]
 [1559  131]
 [1559  129]
 [1559  127]
 [1558  125]
 [1557  123]
 [1555  121]
 [1554  121]
 [1553  121]
 [1552  120]
 [1549  118]
 [1547  118]
 [1544  118]
 [1542  118]
 [1538  118]
 [1536  118]
 [1534  118]]
Fuhrman 3, [[1479  190]
 [1477  190]
 [1475  190]
 [1472  192]
 [1470  193]
 [1469  195]
 [1468  196]
 [1467  197]
 [1466  198]
 [1466  199]
 [1466  201]
 [1466  204]
 [1466  207]
 [1466  210]
 [1467  212]
 [1468  214]
 [1470  216]
 [1470  217]
 [1472  218]
 [1474  218]
 [1476  219]
 [1478  220]
 [1481  221]
 [1484  221]
 [1485  221]
 [1488  221]
 [1491  221]
 [1492  220]
 [1493  219]
 [1495  219]
 [1496  218]
 [1497  216]
 [1497  215]
 [1498  214]
 [1499  214]
 [1500  213]
 [1500  212]
 [1501  211]
 [1500  209]
 [1500  208]
 [1499  206]
 [1498  205]
 [1497  204]
 [1496  204]
 [1495  203]
 [1495  202]
 [1494  200]
 [1493  199]
 [1492  197]
 [1491  196]
 [1490  195]
 [1489  194]
 [1489  193]
 [1488  192]
 [1486  191]
 [1483  190]
 [1481  190]
 [1480  190]
 [1479  190]]
Fuhrman 3, [[1542  204]
 [1538  205]
 [1535  205]
 [1533  206]
 [1530  207]
 [1528  209]
 [1526  211]
 [1524  213]
 [1524  214]
 [1523  216]
 [1523  217]
 [1524  219]
 [1525  221]
 [1526  222]
 [1527  223]
 [1529  224]
 [1530  225]
 [1530  226]
 [1532  227]
 [1532  227]
 [1533  228]
 [1535  230]
 [1536  231]
 [1538  231]
 [1540  232]
 [1543  232]
 [1545  232]
 [1548  232]
 [1550  232]
 [1552  231]
 [1553  230]
 [1554  230]
 [1556  229]
 [1558  229]
 [1560  228]
 [1561  227]
 [1562  226]
 [1564  224]
 [1565  223]
 [1565  222]
 [1566  220]
 [1566  219]
 [1566  217]
 [1566  215]
 [1565  213]
 [1564  212]
 [1563  210]
 [1562  209]
 [1561  208]
 [1560  208]
 [1559  207]
 [1558  205]
 [1556  204]
 [1553  204]
 [1552  204]
 [1551  204]
 [1549  204]
 [1547  204]
 [1543  204]
 [1541  205]]
Fuhrman 3, [[1505  878]
 [1503  878]
 [1502  878]
 [1501  879]
 [1500  880]
 [1500  880]
 [1498  881]
 [1495  882]
 [1494  883]
 [1493  884]
 [1492  886]
 [1492  887]
 [1492  888]
 [1491  888]
 [1490  890]
 [1490  892]
 [1490  894]
 [1490  896]
 [1491  898]
 [1493  900]
 [1495  901]
 [1497  902]
 [1498  903]
 [1500  904]
 [1502  904]
 [1503  904]
 [1505  904]
 [1508  904]
 [1509  904]
 [1510  904]
 [1512  904]
 [1513  903]
 [1513  902]
 [1513  900]
 [1513  900]
 [1514  900]
 [1515  899]
 [1516  898]
 [1517  897]
 [1517  895]
 [1517  894]
 [1517  893]
 [1518  892]
 [1520  891]
 [1521  890]
 [1521  888]
 [1521  887]
 [1520  886]
 [1519  885]
 [1519  884]
 [1518  884]
 [1517  883]
 [1516  883]
 [1515  882]
 [1514  881]
 [1514  881]
 [1513  880]
 [1513  880]
 [1512  879]
 [1510  878]
 [1508  878]
 [1506  878]
 [1505  878]]
Fuhrman 3, [[1396  811]
 [1395  811]
 [1394  810]
 [1393  810]
 [1391  810]
 [1390  810]
 [1389  810]
 [1388  811]
 [1387  812]
 [1386  813]
 [1385  813]
 [1383  814]
 [1382  814]
 [1381  815]
 [1380  816]
 [1379  817]
 [1379  819]
 [1379  820]
 [1379  821]
 [1380  823]
 [1381  824]
 [1382  824]
 [1383  824]
 [1383  825]
 [1384  825]
 [1385  826]
 [1387  826]
 [1388  827]
 [1389  827]
 [1391  829]
 [1391  830]
 [1392  832]
 [1393  833]
 [1393  834]
 [1393  835]
 [1393  836]
 [1394  837]
 [1395  838]
 [1396  840]
 [1397  840]
 [1398  841]
 [1399  841]
 [1400  841]
 [1400  842]
 [1400  843]
 [1401  844]
 [1402  844]
 [1404  844]
 [1407  844]
 [1408  844]
 [1409  844]
 [1409  843]
 [1410  842]
 [1412  841]
 [1413  840]
 [1414  839]
 [1415  839]
 [1417  839]
 [1419  839]
 [1421  839]
 [1422  839]
 [1424  838]
 [1424  838]
 [1425  837]
 [1425  837]
 [1426  836]
 [1427  835]
 [1427  834]
 [1427  832]
 [1428  830]
 [1427  829]
 [1427  827]
 [1426  826]
 [1426  825]
 [1425  824]
 [1424  823]
 [1423  822]
 [1422  821]
 [1422  820]
 [1421  819]
 [1420  819]
 [1419  819]
 [1418  819]
 [1417  819]
 [1416  819]
 [1414  819]
 [1413  820]
 [1412  819]
 [1412  818]
 [1411  817]
 [1410  816]
 [1408  816]
 [1407  816]
 [1406  816]
 [1405  815]
 [1404  814]
 [1402  812]
 [1401  812]
 [1399  811]
 [1398  811]
 [1396  811]]
Fuhrman 3, [[806 786]
 [803 785]
 [801 785]
 [800 785]
 [797 785]
 [795 785]
 [794 786]
 [792 787]
 [790 788]
 [788 788]
 [787 790]
 [786 792]
 [785 795]
 [785 798]
 [785 802]
 [786 804]
 [787 807]
 [789 809]
 [790 811]
 [792 813]
 [794 814]
 [795 815]
 [797 817]
 [799 818]
 [800 818]
 [801 819]
 [803 819]
 [806 820]
 [809 819]
 [812 819]
 [814 818]
 [816 817]
 [817 817]
 [819 816]
 [821 815]
 [822 813]
 [822 811]
 [823 808]
 [822 805]
 [822 803]
 [822 801]
 [821 799]
 [820 796]
 [820 795]
 [818 793]
 [818 792]
 [816 791]
 [815 790]
 [815 789]
 [815 788]
 [814 787]
 [813 787]
 [811 787]
 [810 787]
 [808 786]
 [806 786]]
Fuhrman 3, [[1849  505]
 [1848  504]
 [1845  504]
 [1843  504]
 [1841  505]
 [1839  505]
 [1838  507]
 [1836  508]
 [1834  509]
 [1833  510]
 [1832  511]
 [1830  514]
 [1830  515]
 [1827  516]
 [1824  517]
 [1822  518]
 [1818  519]
 [1816  520]
 [1814  521]
 [1812  522]
 [1810  523]
 [1808  526]
 [1807  527]
 [1807  529]
 [1807  532]
 [1808  534]
 [1809  535]
 [1811  537]
 [1813  538]
 [1817  538]
 [1821  538]
 [1824  539]
 [1828  539]
 [1831  538]
 [1834  538]
 [1837  537]
 [1839  537]
 [1842  536]
 [1845  536]
 [1848  535]
 [1851  535]
 [1853  535]
 [1853  534]
 [1854  533]
 [1856  532]
 [1858  532]
 [1860  531]
 [1860  530]
 [1861  529]
 [1860  527]
 [1860  526]
 [1861  524]
 [1862  523]
 [1863  522]
 [1863  520]
 [1863  519]
 [1862  517]
 [1861  516]
 [1860  514]
 [1859  512]
 [1858  510]
 [1857  508]
 [1856  507]
 [1854  506]
 [1852  505]
 [1849  505]]
Fuhrman 3, [[1314  476]
 [1312  478]
 [1311  479]
 [1309  481]
 [1307  482]
 [1304  485]
 [1303  487]
 [1302  489]
 [1301  492]
 [1301  494]
 [1300  497]
 [1300  499]
 [1301  500]
 [1301  502]
 [1303  503]
 [1304  504]
 [1305  505]
 [1307  505]
 [1310  506]
 [1312  506]
 [1314  506]
 [1316  506]
 [1319  506]
 [1321  505]
 [1323  505]
 [1324  504]
 [1325  503]
 [1327  502]
 [1328  500]
 [1328  499]
 [1330  497]
 [1330  496]
 [1331  496]
 [1332  495]
 [1333  493]
 [1334  491]
 [1334  490]
 [1334  488]
 [1333  487]
 [1333  486]
 [1332  485]
 [1332  485]
 [1331  484]
 [1331  483]
 [1330  482]
 [1330  481]
 [1329  480]
 [1328  478]
 [1326  477]
 [1324  476]
 [1323  476]
 [1322  475]
 [1321  476]
 [1319  475]
 [1318  476]
 [1316  476]
 [1314  476]]
Fuhrman 3, [[749  18]
 [747  18]
 [746  19]
 [744  19]
 [743  20]
 [741  21]
 [740  22]
 [739  23]
 [738  24]
 [738  25]
 [738  27]
 [738  28]
 [737  30]
 [737  30]
 [736  31]
 [736  32]
 [735  33]
 [735  34]
 [735  35]
 [734  35]
 [734  36]
 [733  38]
 [734  40]
 [734  41]
 [734  42]
 [735  43]
 [736  43]
 [736  44]
 [737  45]
 [738  45]
 [738  45]
 [739  46]
 [740  47]
 [741  47]
 [742  48]
 [742  48]
 [743  48]
 [745  48]
 [747  48]
 [749  48]
 [751  48]
 [753  48]
 [753  47]
 [754  47]
 [756  47]
 [756  46]
 [757  46]
 [758  45]
 [759  45]
 [760  44]
 [760  43]
 [761  42]
 [762  41]
 [762  40]
 [763  39]
 [764  37]
 [764  35]
 [764  33]
 [764  32]
 [764  31]
 [764  29]
 [763  28]
 [762  27]
 [762  26]
 [761  25]
 [761  25]
 [760  24]
 [759  23]
 [758  22]
 [757  21]
 [756  20]
 [755  19]
 [754  19]
 [753  19]
 [751  18]
 [750  18]
 [749  18]]
Fuhrman 3, [[1770  866]
 [1768  866]
 [1767  867]
 [1766  867]
 [1765  867]
 [1764  868]
 [1764  869]
 [1763  870]
 [1760  871]
 [1759  873]
 [1758  875]
 [1757  877]
 [1757  879]
 [1757  881]
 [1757  883]
 [1757  886]
 [1758  888]
 [1759  889]
 [1761  890]
 [1763  892]
 [1764  892]
 [1766  893]
 [1767  894]
 [1768  895]
 [1770  896]
 [1771  896]
 [1772  896]
 [1774  896]
 [1777  896]
 [1779  896]
 [1780  895]
 [1782  894]
 [1784  893]
 [1785  892]
 [1786  891]
 [1786  890]
 [1787  889]
 [1788  888]
 [1789  888]
 [1790  887]
 [1790  886]
 [1790  885]
 [1791  884]
 [1791  882]
 [1790  881]
 [1790  880]
 [1790  878]
 [1789  877]
 [1788  876]
 [1788  875]
 [1787  874]
 [1787  873]
 [1786  873]
 [1786  872]
 [1785  871]
 [1784  870]
 [1783  869]
 [1780  867]
 [1779  867]
 [1778  867]
 [1776  866]
 [1775  866]
 [1772  866]
 [1771  866]
 [1770  866]]
Fuhrman 3, [[715 257]
 [714 256]
 [712 255]
 [710 254]
 [708 254]
 [706 254]
 [704 254]
 [701 255]
 [700 255]
 [699 256]
 [698 257]
 [697 258]
 [697 261]
 [697 264]
 [697 266]
 [699 268]
 [700 269]
 [701 270]
 [702 270]
 [703 271]
 [703 273]
 [704 275]
 [704 275]
 [705 276]
 [706 276]
 [707 277]
 [707 277]
 [708 279]
 [710 280]
 [711 280]
 [712 281]
 [714 281]
 [715 281]
 [717 281]
 [718 281]
 [720 281]
 [721 281]
 [722 281]
 [723 280]
 [725 280]
 [725 279]
 [726 278]
 [727 277]
 [727 276]
 [727 274]
 [727 273]
 [727 271]
 [726 269]
 [726 268]
 [725 266]
 [724 265]
 [723 263]
 [723 262]
 [721 261]
 [720 260]
 [719 259]
 [719 258]
 [718 258]
 [717 257]
 [716 257]
 [715 257]
 [715 257]]
