Fuhrman 3, [[39 45]
 [37 46]
 [36 48]
 [35 51]
 [34 54]
 [34 57]
 [33 59]
 [33 60]
 [31 62]
 [30 64]
 [30 66]
 [31 67]
 [34 70]
 [37 71]
 [40 73]
 [43 73]
 [47 73]
 [50 71]
 [54 69]
 [57 67]
 [59 63]
 [60 59]
 [60 56]
 [60 54]
 [59 52]
 [57 50]
 [57 49]
 [56 46]
 [54 45]
 [50 44]
 [47 44]
 [43 44]
 [41 44]
 [39 45]]
Fuhrman 3, [[390  31]
 [391  28]
 [391  26]
 [391  21]
 [391  17]
 [390  14]
 [388  12]
 [386  11]
 [383  10]
 [379  10]
 [376  10]
 [373  12]
 [370  13]
 [368  16]
 [366  20]
 [365  22]
 [364  25]
 [363  27]
 [363  30]
 [362  34]
 [362  37]
 [362  41]
 [363  43]
 [364  46]
 [366  48]
 [368  49]
 [369  50]
 [372  51]
 [375  50]
 [378  50]
 [381  48]
 [383  46]
 [385  44]
 [387  42]
 [387  40]
 [387  38]
 [387  36]
 [388  35]
 [389  34]
 [389  33]
 [390  31]]
Fuhrman 3, [[312 166]
 [309 166]
 [307 167]
 [305 168]
 [303 170]
 [302 171]
 [302 173]
 [301 174]
 [302 177]
 [303 178]
 [304 181]
 [306 183]
 [309 185]
 [310 186]
 [312 187]
 [314 187]
 [316 188]
 [319 189]
 [322 190]
 [325 190]
 [329 191]
 [332 191]
 [332 191]
 [334 191]
 [337 191]
 [340 191]
 [342 191]
 [344 190]
 [346 187]
 [347 184]
 [348 182]
 [347 179]
 [346 177]
 [345 175]
 [344 174]
 [342 173]
 [339 172]
 [337 171]
 [334 170]
 [333 169]
 [331 168]
 [329 168]
 [328 167]
 [326 167]
 [322 166]
 [320 167]
 [318 167]
 [316 166]
 [314 166]
 [312 166]]
Fuhrman 3, [[512 334]
 [509 335]
 [506 337]
 [504 338]
 [502 341]
 [502 343]
 [501 346]
 [501 348]
 [502 351]
 [504 355]
 [505 357]
 [507 359]
 [509 360]
 [512 361]
 [516 361]
 [519 361]
 [522 361]
 [527 361]
 [530 361]
 [533 361]
 [537 361]
 [540 361]
 [544 361]
 [544 361]
 [545 360]
 [546 359]
 [549 359]
 [551 357]
 [552 355]
 [552 353]
 [553 351]
 [553 348]
 [552 347]
 [551 345]
 [548 344]
 [546 342]
 [543 341]
 [541 340]
 [539 339]
 [536 337]
 [535 336]
 [532 335]
 [529 334]
 [527 334]
 [524 334]
 [521 333]
 [519 333]
 [517 333]
 [516 334]
 [514 334]
 [512 334]]
Fuhrman 3, [[583 489]
 [580 490]
 [577 492]
 [575 493]
 [575 494]
 [574 496]
 [574 499]
 [575 501]
 [578 504]
 [581 506]
 [584 507]
 [586 509]
 [590 509]
 [591 510]
 [593 511]
 [595 511]
 [597 510]
 [599 508]
 [601 507]
 [604 507]
 [607 506]
 [608 504]
 [609 501]
 [611 499]
 [612 497]
 [611 495]
 [613 491]
 [614 490]
 [615 487]
 [614 485]
 [613 482]
 [611 480]
 [607 479]
 [605 477]
 [603 476]
 [601 476]
 [598 476]
 [595 477]
 [593 478]
 [591 479]
 [591 480]
 [589 481]
 [588 481]
 [587 482]
 [586 483]
 [586 484]
 [585 486]
 [584 488]
 [583 489]]
Fuhrman 3, [[680 547]
 [679 549]
 [677 551]
 [677 552]
 [676 552]
 [675 553]
 [674 554]
 [674 555]
 [673 556]
 [672 557]
 [670 558]
 [669 560]
 [669 562]
 [670 564]
 [672 565]
 [673 566]
 [675 568]
 [676 569]
 [678 570]
 [680 571]
 [683 571]
 [684 572]
 [686 572]
 [688 573]
 [691 573]
 [694 573]
 [696 572]
 [698 570]
 [700 569]
 [701 567]
 [701 565]
 [703 565]
 [704 563]
 [704 561]
 [704 558]
 [703 555]
 [702 553]
 [701 551]
 [699 549]
 [697 547]
 [694 545]
 [692 544]
 [689 544]
 [687 544]
 [685 544]
 [683 544]
 [681 545]
 [681 545]
 [680 547]]
Fuhrman 3, [[736 518]
 [733 519]
 [731 520]
 [729 521]
 [729 522]
 [729 524]
 [730 528]
 [731 531]
 [732 535]
 [734 538]
 [734 540]
 [735 542]
 [736 544]
 [737 545]
 [738 547]
 [739 549]
 [741 550]
 [742 551]
 [744 553]
 [745 555]
 [747 557]
 [749 558]
 [751 559]
 [753 560]
 [756 559]
 [759 558]
 [761 557]
 [762 555]
 [764 553]
 [764 548]
 [764 546]
 [763 543]
 [762 541]
 [762 539]
 [762 537]
 [761 536]
 [761 534]
 [761 532]
 [760 531]
 [759 531]
 [758 529]
 [757 527]
 [755 525]
 [754 523]
 [752 521]
 [750 519]
 [749 518]
 [748 517]
 [746 517]
 [746 516]
 [744 516]
 [742 516]
 [741 516]
 [739 517]
 [737 518]
 [736 518]
 [736 518]]
Fuhrman 3, [[1082  381]
 [1080  384]
 [1078  387]
 [1077  390]
 [1076  392]
 [1075  394]
 [1074  397]
 [1073  400]
 [1073  403]
 [1072  406]
 [1073  408]
 [1073  409]
 [1074  411]
 [1075  412]
 [1077  414]
 [1078  414]
 [1079  414]
 [1081  414]
 [1083  415]
 [1085  414]
 [1086  413]
 [1087  412]
 [1088  410]
 [1089  409]
 [1090  408]
 [1091  406]
 [1093  404]
 [1095  402]
 [1096  401]
 [1096  400]
 [1097  399]
 [1098  398]
 [1100  397]
 [1101  396]
 [1101  395]
 [1102  393]
 [1102  392]
 [1103  390]
 [1104  389]
 [1104  387]
 [1105  384]
 [1104  382]
 [1104  380]
 [1103  379]
 [1102  378]
 [1100  378]
 [1100  377]
 [1100  376]
 [1099  375]
 [1098  375]
 [1097  375]
 [1096  375]
 [1094  374]
 [1092  374]
 [1090  375]
 [1088  375]
 [1087  376]
 [1085  378]
 [1084  379]
 [1083  380]
 [1082  381]]
Fuhrman 3, [[1370  667]
 [1372  666]
 [1374  664]
 [1373  663]
 [1373  661]
 [1374  660]
 [1375  658]
 [1375  655]
 [1373  651]
 [1371  648]
 [1367  645]
 [1363  644]
 [1361  644]
 [1358  644]
 [1356  645]
 [1353  647]
 [1352  648]
 [1350  649]
 [1349  651]
 [1348  654]
 [1347  656]
 [1347  658]
 [1347  661]
 [1348  663]
 [1348  664]
 [1349  666]
 [1350  668]
 [1352  670]
 [1354  671]
 [1356  673]
 [1357  673]
 [1360  674]
 [1362  673]
 [1364  672]
 [1365  671]
 [1366  671]
 [1368  670]
 [1369  669]
 [1370  668]
 [1370  667]]
Fuhrman 3, [[1246  797]
 [1244  798]
 [1242  799]
 [1241  800]
 [1239  800]
 [1238  801]
 [1237  802]
 [1236  804]
 [1236  806]
 [1237  808]
 [1237  812]
 [1238  815]
 [1239  817]
 [1240  820]
 [1241  822]
 [1242  824]
 [1243  825]
 [1244  826]
 [1244  829]
 [1245  831]
 [1247  832]
 [1249  833]
 [1252  834]
 [1255  834]
 [1257  833]
 [1260  832]
 [1262  831]
 [1264  827]
 [1265  825]
 [1266  823]
 [1267  820]
 [1267  818]
 [1269  816]
 [1270  814]
 [1269  811]
 [1269  807]
 [1268  804]
 [1266  801]
 [1265  797]
 [1263  795]
 [1261  793]
 [1259  792]
 [1256  792]
 [1254  793]
 [1253  794]
 [1251  794]
 [1250  794]
 [1248  795]
 [1247  796]
 [1246  797]]
Fuhrman 3, [[617 925]
 [615 922]
 [612 919]
 [609 917]
 [606 917]
 [604 916]
 [601 916]
 [599 916]
 [598 917]
 [597 919]
 [596 921]
 [596 923]
 [596 924]
 [597 926]
 [597 927]
 [597 930]
 [597 932]
 [597 934]
 [598 936]
 [599 939]
 [600 941]
 [602 943]
 [604 946]
 [606 948]
 [608 950]
 [609 951]
 [611 953]
 [613 954]
 [616 955]
 [618 955]
 [621 953]
 [623 951]
 [625 950]
 [626 948]
 [627 945]
 [627 942]
 [626 940]
 [625 938]
 [623 936]
 [622 934]
 [621 933]
 [621 931]
 [621 930]
 [620 928]
 [619 927]
 [619 926]
 [618 926]
 [618 925]
 [617 925]]
Fuhrman 3, [[ 652 1034]
 [ 651 1037]
 [ 651 1040]
 [ 651 1042]
 [ 650 1044]
 [ 649 1046]
 [ 649 1049]
 [ 649 1052]
 [ 650 1056]
 [ 651 1058]
 [ 653 1060]
 [ 654 1062]
 [ 657 1064]
 [ 660 1066]
 [ 663 1067]
 [ 667 1069]
 [ 669 1069]
 [ 672 1069]
 [ 675 1068]
 [ 678 1067]
 [ 680 1065]
 [ 683 1063]
 [ 685 1061]
 [ 686 1058]
 [ 687 1055]
 [ 688 1052]
 [ 688 1048]
 [ 687 1045]
 [ 686 1041]
 [ 684 1038]
 [ 682 1035]
 [ 680 1033]
 [ 677 1032]
 [ 675 1030]
 [ 672 1029]
 [ 670 1028]
 [ 666 1028]
 [ 663 1028]
 [ 661 1029]
 [ 659 1030]
 [ 657 1031]
 [ 656 1032]
 [ 655 1033]
 [ 653 1033]
 [ 652 1034]
 [ 651 1035]]
Fuhrman 3, [[1001  782]
 [ 998  783]
 [ 995  784]
 [ 994  786]
 [ 992  789]
 [ 991  792]
 [ 991  795]
 [ 991  799]
 [ 991  802]
 [ 992  805]
 [ 994  808]
 [ 997  812]
 [ 999  814]
 [1002  815]
 [1005  816]
 [1008  815]
 [1010  814]
 [1013  813]
 [1016  811]
 [1017  809]
 [1019  807]
 [1020  804]
 [1020  801]
 [1020  797]
 [1020  794]
 [1019  791]
 [1018  789]
 [1017  787]
 [1016  786]
 [1015  785]
 [1012  785]
 [1011  785]
 [1008  784]
 [1006  784]
 [1004  783]
 [1003  783]
 [1002  782]
 [1001  782]]
Fuhrman 3, [[1504  963]
 [1504  959]
 [1504  956]
 [1505  953]
 [1505  950]
 [1505  947]
 [1504  945]
 [1502  942]
 [1499  940]
 [1496  939]
 [1493  939]
 [1489  939]
 [1486  940]
 [1482  942]
 [1480  944]
 [1478  946]
 [1476  948]
 [1475  951]
 [1475  954]
 [1475  956]
 [1475  959]
 [1475  962]
 [1476  963]
 [1478  965]
 [1479  967]
 [1480  971]
 [1482  974]
 [1484  977]
 [1486  979]
 [1488  981]
 [1490  982]
 [1493  982]
 [1496  981]
 [1498  980]
 [1501  978]
 [1502  976]
 [1503  974]
 [1504  971]
 [1504  968]
 [1504  965]
 [1504  963]]
Fuhrman 3, [[1697  947]
 [1696  950]
 [1695  952]
 [1694  956]
 [1694  958]
 [1694  961]
 [1695  964]
 [1696  966]
 [1697  967]
 [1699  968]
 [1701  968]
 [1703  968]
 [1704  969]
 [1706  971]
 [1707  972]
 [1710  973]
 [1713  972]
 [1717  971]
 [1719  969]
 [1721  967]
 [1724  965]
 [1726  963]
 [1727  960]
 [1726  958]
 [1726  954]
 [1725  951]
 [1725  949]
 [1723  946]
 [1720  944]
 [1717  942]
 [1715  942]
 [1714  941]
 [1712  940]
 [1709  941]
 [1707  942]
 [1704  942]
 [1703  943]
 [1703  944]
 [1701  944]
 [1700  945]
 [1698  946]
 [1697  947]]
Fuhrman 3, [[1715 1014]
 [1713 1016]
 [1711 1018]
 [1711 1020]
 [1711 1024]
 [1712 1028]
 [1713 1031]
 [1717 1034]
 [1719 1036]
 [1722 1037]
 [1725 1039]
 [1731 1039]
 [1734 1039]
 [1737 1039]
 [1740 1038]
 [1742 1037]
 [1744 1036]
 [1745 1033]
 [1745 1030]
 [1745 1028]
 [1745 1025]
 [1743 1022]
 [1741 1019]
 [1738 1017]
 [1735 1015]
 [1732 1014]
 [1728 1013]
 [1724 1013]
 [1721 1013]
 [1718 1013]
 [1715 1015]
 [1715 1015]
 [1715 1015]]
Fuhrman 3, [[1771  992]
 [1771  992]
 [1771  995]
 [1771  999]
 [1772 1002]
 [1774 1006]
 [1775 1009]
 [1777 1011]
 [1779 1013]
 [1780 1015]
 [1782 1017]
 [1784 1018]
 [1787 1019]
 [1789 1020]
 [1792 1020]
 [1797 1019]
 [1799 1018]
 [1802 1017]
 [1804 1015]
 [1805 1013]
 [1806 1011]
 [1806 1007]
 [1806 1004]
 [1806 1001]
 [1805  997]
 [1803  994]
 [1800  991]
 [1797  988]
 [1793  986]
 [1788  984]
 [1785  984]
 [1781  984]
 [1778  984]
 [1776  984]
 [1774  985]
 [1772  987]
 [1772  990]
 [1771  992]]
Fuhrman 3, [[451 912]
 [449 911]
 [449 910]
 [446 909]
 [443 910]
 [441 910]
 [439 910]
 [437 911]
 [436 912]
 [434 912]
 [433 913]
 [432 915]
 [432 918]
 [431 920]
 [432 922]
 [432 925]
 [432 928]
 [432 932]
 [433 934]
 [435 936]
 [436 936]
 [438 937]
 [440 937]
 [441 939]
 [443 939]
 [444 940]
 [446 941]
 [449 941]
 [451 941]
 [454 939]
 [456 936]
 [458 934]
 [460 931]
 [461 929]
 [462 927]
 [462 923]
 [461 921]
 [460 919]
 [459 918]
 [457 918]
 [456 917]
 [455 916]
 [455 914]
 [453 913]
 [452 912]
 [451 912]]
Fuhrman 3, [[976 842]
 [974 840]
 [973 839]
 [971 837]
 [969 834]
 [966 831]
 [962 829]
 [957 827]
 [954 827]
 [950 827]
 [948 828]
 [945 829]
 [943 831]
 [941 833]
 [939 835]
 [938 838]
 [938 841]
 [938 844]
 [939 847]
 [940 850]
 [942 852]
 [944 854]
 [946 856]
 [948 857]
 [948 860]
 [948 862]
 [949 865]
 [951 868]
 [954 869]
 [957 871]
 [960 872]
 [964 873]
 [967 872]
 [971 871]
 [974 869]
 [977 868]
 [977 865]
 [977 865]
 [979 862]
 [980 860]
 [981 858]
 [980 855]
 [979 851]
 [979 848]
 [978 846]
 [977 844]
 [976 842]]
Fuhrman 3, [[1874  850]
 [1871  849]
 [1869  849]
 [1867  848]
 [1865  848]
 [1862  848]
 [1860  848]
 [1858  850]
 [1857  851]
 [1856  854]
 [1856  856]
 [1855  858]
 [1855  861]
 [1855  864]
 [1855  867]
 [1855  870]
 [1856  872]
 [1858  874]
 [1860  875]
 [1863  878]
 [1865  879]
 [1867  880]
 [1868  881]
 [1871  882]
 [1874  882]
 [1879  881]
 [1884  881]
 [1887  879]
 [1890  876]
 [1891  874]
 [1893  872]
 [1894  868]
 [1894  864]
 [1893  861]
 [1891  859]
 [1890  856]
 [1888  854]
 [1887  854]
 [1885  856]
 [1885  856]
 [1884  855]
 [1883  854]
 [1882  853]
 [1880  851]
 [1877  851]
 [1875  850]
 [1874  850]]
