Fuhrman 3, [[128 228]
 [126 230]
 [121 234]
 [119 237]
 [118 239]
 [117 242]
 [116 247]
 [116 250]
 [116 252]
 [116 254]
 [116 256]
 [117 257]
 [118 258]
 [119 260]
 [120 262]
 [121 263]
 [124 264]
 [126 264]
 [130 264]
 [132 265]
 [136 265]
 [139 265]
 [144 264]
 [148 263]
 [149 262]
 [150 262]
 [152 262]
 [153 261]
 [154 260]
 [156 259]
 [158 258]
 [159 257]
 [160 256]
 [161 255]
 [162 254]
 [164 252]
 [165 250]
 [166 249]
 [168 247]
 [169 245]
 [169 243]
 [168 240]
 [168 237]
 [167 234]
 [165 233]
 [164 231]
 [165 229]
 [165 227]
 [164 226]
 [163 225]
 [161 225]
 [160 225]
 [158 224]
 [156 223]
 [154 222]
 [150 221]
 [146 221]
 [144 221]
 [140 222]
 [138 223]
 [137 224]
 [137 224]
 [135 225]
 [132 226]
 [130 227]
 [128 228]
 [128 229]]
Fuhrman 3, [[136 500]
 [135 499]
 [133 498]
 [132 497]
 [131 497]
 [128 499]
 [125 500]
 [123 502]
 [122 504]
 [121 508]
 [120 512]
 [120 516]
 [120 519]
 [121 523]
 [122 526]
 [123 528]
 [125 529]
 [127 530]
 [129 531]
 [131 532]
 [133 533]
 [135 533]
 [137 533]
 [139 533]
 [140 533]
 [141 531]
 [142 530]
 [144 528]
 [145 526]
 [146 525]
 [146 523]
 [146 520]
 [146 518]
 [145 516]
 [145 513]
 [145 511]
 [145 508]
 [144 507]
 [143 507]
 [142 506]
 [142 504]
 [141 503]
 [140 501]
 [139 500]
 [138 500]
 [138 500]
 [137 500]
 [136 500]]
Fuhrman 3, [[253 596]
 [252 596]
 [251 596]
 [250 597]
 [249 598]
 [249 600]
 [248 601]
 [247 602]
 [246 604]
 [245 608]
 [245 611]
 [244 614]
 [245 619]
 [245 620]
 [247 621]
 [249 622]
 [251 623]
 [253 624]
 [255 625]
 [258 625]
 [260 625]
 [265 625]
 [266 625]
 [269 624]
 [271 623]
 [273 621]
 [275 620]
 [276 619]
 [277 618]
 [278 617]
 [279 616]
 [279 615]
 [279 614]
 [278 613]
 [277 612]
 [276 610]
 [277 607]
 [277 605]
 [277 602]
 [276 601]
 [275 599]
 [274 598]
 [273 598]
 [273 597]
 [272 596]
 [270 595]
 [268 594]
 [266 594]
 [265 593]
 [262 593]
 [260 593]
 [258 594]
 [256 594]
 [254 595]
 [253 595]
 [253 596]]
Fuhrman 3, [[191 513]
 [190 515]
 [189 517]
 [189 520]
 [188 522]
 [189 525]
 [189 527]
 [190 528]
 [191 528]
 [192 528]
 [192 530]
 [192 532]
 [193 534]
 [194 536]
 [195 537]
 [195 538]
 [196 538]
 [198 538]
 [198 539]
 [199 540]
 [200 541]
 [201 542]
 [202 543]
 [204 543]
 [206 544]
 [207 543]
 [208 543]
 [208 544]
 [209 546]
 [210 547]
 [211 547]
 [213 547]
 [215 547]
 [217 547]
 [220 547]
 [222 547]
 [223 546]
 [224 546]
 [225 545]
 [225 544]
 [224 543]
 [224 543]
 [224 541]
 [225 540]
 [225 537]
 [225 535]
 [224 533]
 [223 532]
 [223 531]
 [223 528]
 [222 525]
 [220 522]
 [219 520]
 [218 519]
 [217 519]
 [215 516]
 [214 515]
 [213 514]
 [211 513]
 [210 512]
 [209 511]
 [207 510]
 [205 510]
 [201 509]
 [200 509]
 [198 509]
 [196 509]
 [195 510]
 [194 511]
 [193 512]
 [191 513]]
Fuhrman 3, [[518 336]
 [514 337]
 [511 338]
 [507 339]
 [504 341]
 [499 346]
 [498 349]
 [498 354]
 [498 360]
 [498 364]
 [498 367]
 [499 368]
 [501 370]
 [503 372]
 [504 373]
 [506 374]
 [508 375]
 [509 375]
 [510 376]
 [511 378]
 [512 378]
 [514 379]
 [517 380]
 [518 380]
 [521 380]
 [523 379]
 [526 378]
 [528 377]
 [530 376]
 [531 374]
 [532 372]
 [533 369]
 [533 368]
 [533 366]
 [533 361]
 [533 357]
 [535 355]
 [536 353]
 [536 350]
 [536 348]
 [534 346]
 [532 344]
 [532 343]
 [531 342]
 [529 342]
 [529 341]
 [528 339]
 [527 337]
 [525 336]
 [523 336]
 [521 336]
 [519 336]
 [518 336]]
Fuhrman 3, [[830 209]
 [827 209]
 [824 210]
 [822 211]
 [820 213]
 [819 214]
 [817 215]
 [816 217]
 [814 220]
 [813 223]
 [813 227]
 [813 230]
 [813 233]
 [814 236]
 [815 237]
 [817 238]
 [819 240]
 [822 241]
 [824 241]
 [825 242]
 [828 242]
 [831 242]
 [835 241]
 [837 240]
 [839 239]
 [841 239]
 [843 237]
 [844 235]
 [845 233]
 [847 232]
 [849 231]
 [851 229]
 [853 228]
 [853 225]
 [853 223]
 [854 221]
 [854 220]
 [853 218]
 [852 217]
 [851 215]
 [850 213]
 [849 212]
 [848 211]
 [847 211]
 [846 210]
 [845 209]
 [843 208]
 [842 207]
 [839 207]
 [836 207]
 [833 208]
 [831 208]
 [831 209]
 [830 209]]
Fuhrman 3, [[886 257]
 [883 258]
 [882 259]
 [879 260]
 [878 262]
 [876 263]
 [875 264]
 [874 264]
 [873 265]
 [873 267]
 [871 269]
 [869 271]
 [868 271]
 [867 272]
 [866 273]
 [866 274]
 [866 275]
 [865 277]
 [864 279]
 [863 279]
 [862 281]
 [862 283]
 [862 286]
 [863 288]
 [865 289]
 [867 291]
 [869 292]
 [871 292]
 [873 292]
 [875 293]
 [877 294]
 [879 294]
 [881 294]
 [885 294]
 [887 293]
 [890 292]
 [893 290]
 [895 289]
 [897 288]
 [900 286]
 [902 284]
 [904 282]
 [904 280]
 [907 278]
 [908 276]
 [909 275]
 [909 273]
 [910 273]
 [911 272]
 [911 270]
 [912 266]
 [912 263]
 [911 261]
 [910 259]
 [909 258]
 [908 257]
 [906 256]
 [904 255]
 [903 255]
 [900 254]
 [896 254]
 [892 255]
 [889 256]
 [887 256]
 [886 257]]
Fuhrman 3, [[960 516]
 [958 516]
 [957 515]
 [956 514]
 [954 514]
 [952 515]
 [951 516]
 [950 518]
 [950 520]
 [949 521]
 [948 523]
 [947 525]
 [946 528]
 [946 532]
 [946 536]
 [947 540]
 [948 543]
 [949 545]
 [950 546]
 [952 548]
 [954 548]
 [955 549]
 [957 551]
 [957 552]
 [958 553]
 [960 555]
 [962 557]
 [965 559]
 [967 559]
 [969 559]
 [971 558]
 [973 557]
 [975 556]
 [977 553]
 [977 551]
 [977 548]
 [977 544]
 [978 541]
 [978 537]
 [978 534]
 [977 532]
 [975 530]
 [974 528]
 [973 527]
 [973 525]
 [973 523]
 [973 520]
 [972 518]
 [970 517]
 [968 516]
 [967 516]
 [966 516]
 [965 515]
 [963 515]
 [962 515]
 [962 516]
 [960 516]]
Fuhrman 3, [[752 924]
 [749 926]
 [747 928]
 [746 931]
 [745 935]
 [744 939]
 [744 942]
 [743 945]
 [743 949]
 [744 953]
 [746 956]
 [748 959]
 [750 961]
 [753 963]
 [756 963]
 [759 964]
 [761 963]
 [762 963]
 [763 964]
 [765 964]
 [767 964]
 [768 963]
 [771 963]
 [773 961]
 [775 959]
 [776 957]
 [777 954]
 [778 952]
 [779 948]
 [779 943]
 [778 938]
 [777 935]
 [775 933]
 [773 930]
 [772 928]
 [770 926]
 [767 924]
 [765 923]
 [762 922]
 [758 922]
 [756 922]
 [754 924]
 [751 924]]
Fuhrman 3, [[832 890]
 [829 891]
 [827 892]
 [825 893]
 [822 894]
 [820 896]
 [819 898]
 [819 900]
 [819 902]
 [819 903]
 [818 904]
 [817 904]
 [816 904]
 [815 906]
 [815 908]
 [815 909]
 [814 911]
 [813 912]
 [813 914]
 [813 917]
 [813 920]
 [814 921]
 [815 922]
 [816 923]
 [818 923]
 [822 923]
 [825 923]
 [828 923]
 [830 923]
 [832 922]
 [833 922]
 [834 920]
 [835 919]
 [836 917]
 [838 916]
 [838 914]
 [839 912]
 [840 908]
 [841 906]
 [842 904]
 [842 901]
 [842 898]
 [841 896]
 [841 894]
 [840 892]
 [838 891]
 [837 891]
 [835 890]
 [833 890]
 [832 890]]
Fuhrman 3, [[ 725 1031]
 [ 724 1032]
 [ 722 1035]
 [ 720 1036]
 [ 720 1038]
 [ 719 1041]
 [ 719 1045]
 [ 720 1048]
 [ 720 1050]
 [ 720 1052]
 [ 721 1054]
 [ 722 1056]
 [ 722 1057]
 [ 723 1058]
 [ 724 1059]
 [ 726 1061]
 [ 728 1063]
 [ 730 1063]
 [ 732 1063]
 [ 735 1063]
 [ 737 1063]
 [ 740 1062]
 [ 742 1061]
 [ 743 1061]
 [ 744 1060]
 [ 745 1058]
 [ 746 1057]
 [ 748 1055]
 [ 750 1055]
 [ 752 1053]
 [ 752 1053]
 [ 753 1052]
 [ 753 1050]
 [ 753 1049]
 [ 753 1048]
 [ 754 1048]
 [ 754 1046]
 [ 754 1044]
 [ 754 1041]
 [ 754 1039]
 [ 753 1037]
 [ 753 1035]
 [ 752 1034]
 [ 752 1033]
 [ 751 1032]
 [ 750 1030]
 [ 748 1029]
 [ 745 1027]
 [ 743 1026]
 [ 741 1026]
 [ 738 1026]
 [ 735 1027]
 [ 733 1027]
 [ 730 1028]
 [ 729 1029]
 [ 727 1030]
 [ 725 1031]]
Fuhrman 3, [[1504   65]
 [1503   65]
 [1501   66]
 [1499   66]
 [1498   67]
 [1497   69]
 [1496   70]
 [1494   72]
 [1493   74]
 [1492   77]
 [1492   81]
 [1492   85]
 [1492   88]
 [1493   91]
 [1494   92]
 [1495   94]
 [1495   95]
 [1497   97]
 [1499   98]
 [1501  100]
 [1504  101]
 [1506  102]
 [1509  103]
 [1511  103]
 [1514  103]
 [1516  103]
 [1518  103]
 [1521  102]
 [1523  101]
 [1525   99]
 [1526   98]
 [1528   96]
 [1529   94]
 [1530   92]
 [1531   89]
 [1531   86]
 [1531   83]
 [1530   81]
 [1530   79]
 [1529   77]
 [1528   75]
 [1526   73]
 [1523   70]
 [1521   68]
 [1519   67]
 [1517   65]
 [1516   65]
 [1514   64]
 [1512   64]
 [1511   64]
 [1510   64]
 [1508   64]
 [1506   64]
 [1505   64]
 [1504   65]]
Fuhrman 3, [[1365  116]
 [1363  116]
 [1361  116]
 [1360  117]
 [1360  118]
 [1359  118]
 [1357  119]
 [1354  120]
 [1351  122]
 [1349  124]
 [1348  126]
 [1347  127]
 [1345  130]
 [1344  132]
 [1344  135]
 [1344  140]
 [1345  142]
 [1346  144]
 [1348  146]
 [1350  147]
 [1352  148]
 [1355  149]
 [1356  149]
 [1358  149]
 [1360  149]
 [1361  150]
 [1362  152]
 [1363  152]
 [1365  152]
 [1368  152]
 [1371  152]
 [1373  152]
 [1375  152]
 [1379  151]
 [1381  151]
 [1382  150]
 [1383  150]
 [1384  149]
 [1387  147]
 [1389  145]
 [1391  142]
 [1392  141]
 [1393  138]
 [1393  137]
 [1393  134]
 [1393  132]
 [1392  129]
 [1391  126]
 [1389  125]
 [1388  124]
 [1386  123]
 [1386  122]
 [1384  121]
 [1382  119]
 [1380  119]
 [1379  118]
 [1377  118]
 [1376  118]
 [1374  117]
 [1373  116]
 [1371  116]
 [1369  116]
 [1366  116]
 [1365  116]]
Fuhrman 3, [[1405  306]
 [1403  303]
 [1401  302]
 [1399  300]
 [1396  299]
 [1392  300]
 [1389  301]
 [1387  302]
 [1385  303]
 [1383  305]
 [1382  307]
 [1382  308]
 [1380  309]
 [1379  310]
 [1377  311]
 [1376  314]
 [1375  316]
 [1374  318]
 [1373  320]
 [1373  324]
 [1373  328]
 [1375  331]
 [1377  333]
 [1379  334]
 [1382  335]
 [1384  335]
 [1386  334]
 [1389  334]
 [1391  334]
 [1394  334]
 [1397  334]
 [1400  334]
 [1402  333]
 [1404  332]
 [1408  331]
 [1411  330]
 [1414  328]
 [1416  327]
 [1417  325]
 [1417  323]
 [1417  320]
 [1417  318]
 [1416  316]
 [1415  314]
 [1414  313]
 [1412  313]
 [1410  312]
 [1409  310]
 [1407  308]
 [1406  307]
 [1405  306]]
Fuhrman 3, [[1244  398]
 [1242  398]
 [1239  399]
 [1237  401]
 [1236  404]
 [1235  407]
 [1235  411]
 [1235  414]
 [1235  418]
 [1235  419]
 [1235  422]
 [1235  424]
 [1236  424]
 [1237  424]
 [1238  424]
 [1240  425]
 [1240  426]
 [1241  428]
 [1243  430]
 [1245  432]
 [1247  433]
 [1249  433]
 [1252  433]
 [1255  433]
 [1257  432]
 [1259  430]
 [1261  428]
 [1263  426]
 [1264  425]
 [1265  422]
 [1265  421]
 [1266  420]
 [1268  419]
 [1268  417]
 [1268  414]
 [1267  410]
 [1266  407]
 [1264  406]
 [1263  404]
 [1262  403]
 [1260  402]
 [1259  401]
 [1259  399]
 [1258  398]
 [1257  398]
 [1255  397]
 [1253  397]
 [1250  398]
 [1249  398]
 [1248  397]
 [1246  397]
 [1244  398]]
Fuhrman 3, [[1506 1015]
 [1503 1016]
 [1501 1017]
 [1500 1019]
 [1498 1021]
 [1496 1023]
 [1495 1027]
 [1494 1030]
 [1493 1034]
 [1493 1039]
 [1494 1042]
 [1495 1046]
 [1497 1047]
 [1500 1049]
 [1503 1051]
 [1507 1052]
 [1511 1052]
 [1515 1052]
 [1518 1052]
 [1521 1051]
 [1525 1050]
 [1528 1048]
 [1531 1046]
 [1534 1043]
 [1536 1041]
 [1538 1039]
 [1539 1036]
 [1539 1033]
 [1539 1030]
 [1539 1028]
 [1538 1025]
 [1538 1024]
 [1537 1023]
 [1536 1021]
 [1534 1019]
 [1532 1017]
 [1530 1016]
 [1527 1015]
 [1526 1014]
 [1523 1012]
 [1520 1012]
 [1516 1012]
 [1514 1012]
 [1510 1013]
 [1508 1013]
 [1507 1014]
 [1505 1015]]
Fuhrman 3, [[1605  454]
 [1607  453]
 [1610  452]
 [1611  451]
 [1613  449]
 [1613  448]
 [1613  446]
 [1612  444]
 [1611  442]
 [1609  440]
 [1608  437]
 [1608  435]
 [1608  433]
 [1607  432]
 [1606  431]
 [1604  430]
 [1602  428]
 [1600  426]
 [1597  425]
 [1593  424]
 [1591  424]
 [1587  424]
 [1585  425]
 [1582  426]
 [1580  428]
 [1578  430]
 [1577  432]
 [1576  432]
 [1576  433]
 [1572  433]
 [1569  434]
 [1566  435]
 [1564  437]
 [1563  439]
 [1563  440]
 [1562  442]
 [1562  443]
 [1561  444]
 [1561  446]
 [1561  449]
 [1561  452]
 [1561  453]
 [1562  454]
 [1563  454]
 [1564  455]
 [1564  457]
 [1566  459]
 [1567  460]
 [1569  462]
 [1571  463]
 [1573  464]
 [1576  464]
 [1579  465]
 [1584  464]
 [1588  464]
 [1591  463]
 [1594  462]
 [1598  459]
 [1600  459]
 [1601  458]
 [1602  458]
 [1602  457]
 [1603  456]
 [1604  456]
 [1605  455]
 [1605  454]]
Fuhrman 3, [[1812  192]
 [1810  190]
 [1808  189]
 [1803  187]
 [1801  186]
 [1800  186]
 [1797  185]
 [1795  186]
 [1793  186]
 [1792  188]
 [1791  189]
 [1791  193]
 [1791  196]
 [1791  199]
 [1792  203]
 [1793  206]
 [1794  208]
 [1796  210]
 [1797  212]
 [1798  213]
 [1800  215]
 [1802  217]
 [1803  218]
 [1805  218]
 [1806  219]
 [1808  220]
 [1809  221]
 [1811  223]
 [1813  225]
 [1815  226]
 [1817  227]
 [1820  228]
 [1823  229]
 [1825  228]
 [1827  228]
 [1830  226]
 [1832  225]
 [1834  223]
 [1836  222]
 [1837  219]
 [1838  217]
 [1838  214]
 [1838  211]
 [1836  209]
 [1835  207]
 [1833  205]
 [1831  203]
 [1828  200]
 [1826  198]
 [1825  197]
 [1823  195]
 [1822  195]
 [1820  195]
 [1819  194]
 [1816  193]
 [1815  193]
 [1813  192]
 [1813  192]
 [1812  192]]
Fuhrman 3, [[1105  718]
 [1102  719]
 [1098  722]
 [1096  725]
 [1094  728]
 [1092  731]
 [1091  734]
 [1090  736]
 [1090  738]
 [1090  740]
 [1090  742]
 [1091  744]
 [1092  746]
 [1094  748]
 [1096  749]
 [1098  750]
 [1100  750]
 [1103  750]
 [1106  750]
 [1108  749]
 [1111  748]
 [1115  746]
 [1117  745]
 [1118  745]
 [1121  742]
 [1123  740]
 [1126  737]
 [1127  734]
 [1127  731]
 [1127  728]
 [1128  726]
 [1127  724]
 [1126  723]
 [1125  722]
 [1124  720]
 [1123  719]
 [1121  718]
 [1119  717]
 [1116  717]
 [1113  716]
 [1111  716]
 [1108  717]
 [1106  717]
 [1105  718]]
Fuhrman 3, [[ 409 1032]
 [ 406 1033]
 [ 404 1034]
 [ 402 1037]
 [ 401 1040]
 [ 399 1043]
 [ 398 1045]
 [ 397 1047]
 [ 395 1048]
 [ 394 1050]
 [ 392 1052]
 [ 391 1054]
 [ 389 1059]
 [ 389 1063]
 [ 389 1064]
 [ 390 1067]
 [ 391 1069]
 [ 392 1070]
 [ 394 1072]
 [ 395 1072]
 [ 399 1073]
 [ 403 1072]
 [ 406 1072]
 [ 408 1071]
 [ 411 1069]
 [ 413 1068]
 [ 415 1066]
 [ 416 1065]
 [ 417 1064]
 [ 418 1062]
 [ 418 1060]
 [ 419 1057]
 [ 420 1056]
 [ 421 1054]
 [ 422 1051]
 [ 423 1048]
 [ 423 1046]
 [ 423 1042]
 [ 422 1040]
 [ 422 1038]
 [ 421 1036]
 [ 419 1035]
 [ 418 1033]
 [ 415 1032]
 [ 413 1031]
 [ 410 1031]
 [ 409 1032]
 [ 408 1032]]
