Fuhrman 3, [[ 60  82]
 [ 58  84]
 [ 57  86]
 [ 57  88]
 [ 57  92]
 [ 57  95]
 [ 57  97]
 [ 57 100]
 [ 58 103]
 [ 59 104]
 [ 61 107]
 [ 63 110]
 [ 65 113]
 [ 67 114]
 [ 69 115]
 [ 73 116]
 [ 75 117]
 [ 78 117]
 [ 81 116]
 [ 83 113]
 [ 85 110]
 [ 86 107]
 [ 87 104]
 [ 87 100]
 [ 88  95]
 [ 87  92]
 [ 86  89]
 [ 85  87]
 [ 84  85]
 [ 82  84]
 [ 80  82]
 [ 78  80]
 [ 75  80]
 [ 73  78]
 [ 72  77]
 [ 69  76]
 [ 67  77]
 [ 64  78]
 [ 62  80]
 [ 60  82]]
Fuhrman 3, [[215 758]
 [216 756]
 [217 754]
 [218 750]
 [218 746]
 [216 743]
 [214 740]
 [212 737]
 [209 734]
 [206 732]
 [200 731]
 [194 731]
 [190 732]
 [186 735]
 [184 737]
 [182 740]
 [182 743]
 [182 745]
 [182 747]
 [183 749]
 [184 752]
 [186 754]
 [187 756]
 [189 758]
 [191 760]
 [194 762]
 [196 764]
 [198 766]
 [200 766]
 [203 766]
 [206 765]
 [209 763]
 [212 761]
 [214 761]
 [215 760]
 [215 758]]
Fuhrman 3, [[447 963]
 [445 963]
 [444 964]
 [442 965]
 [441 967]
 [441 969]
 [441 972]
 [442 975]
 [443 976]
 [443 979]
 [444 982]
 [446 985]
 [447 987]
 [449 989]
 [452 988]
 [454 988]
 [457 986]
 [459 986]
 [461 986]
 [464 985]
 [467 984]
 [468 982]
 [469 979]
 [470 976]
 [470 973]
 [468 969]
 [466 966]
 [464 964]
 [461 962]
 [459 961]
 [457 960]
 [454 960]
 [452 960]
 [450 961]
 [449 962]
 [448 962]
 [447 963]]
Fuhrman 3, [[ 399 1020]
 [ 396 1022]
 [ 395 1024]
 [ 394 1026]
 [ 392 1028]
 [ 392 1031]
 [ 392 1034]
 [ 392 1037]
 [ 394 1040]
 [ 396 1041]
 [ 398 1043]
 [ 400 1044]
 [ 403 1045]
 [ 407 1045]
 [ 411 1044]
 [ 414 1043]
 [ 417 1041]
 [ 420 1039]
 [ 424 1037]
 [ 428 1034]
 [ 429 1033]
 [ 430 1032]
 [ 430 1030]
 [ 430 1029]
 [ 431 1027]
 [ 433 1026]
 [ 434 1025]
 [ 435 1023]
 [ 435 1020]
 [ 434 1017]
 [ 433 1015]
 [ 432 1013]
 [ 429 1012]
 [ 426 1010]
 [ 423 1010]
 [ 420 1011]
 [ 419 1012]
 [ 418 1013]
 [ 416 1013]
 [ 412 1014]
 [ 408 1015]
 [ 404 1016]
 [ 401 1018]
 [ 399 1020]]
Fuhrman 3, [[824  73]
 [821  75]
 [819  76]
 [817  78]
 [817  81]
 [817  83]
 [818  86]
 [818  86]
 [817  87]
 [816  88]
 [815  89]
 [814  90]
 [813  92]
 [813  95]
 [814  98]
 [815 101]
 [817 104]
 [819 107]
 [822 108]
 [825 110]
 [828 111]
 [830 112]
 [834 112]
 [837 111]
 [840 110]
 [841 109]
 [841 106]
 [843 104]
 [846 102]
 [848 101]
 [849  99]
 [849  98]
 [851  97]
 [852  95]
 [852  92]
 [851  86]
 [849  82]
 [848  79]
 [845  75]
 [843  73]
 [840  71]
 [837  71]
 [834  70]
 [831  71]
 [830  72]
 [828  72]
 [826  73]
 [824  74]]
Fuhrman 3, [[1028    8]
 [1025    9]
 [1024   10]
 [1022   12]
 [1022   15]
 [1022   18]
 [1022   21]
 [1024   25]
 [1026   27]
 [1029   29]
 [1033   32]
 [1037   33]
 [1042   35]
 [1045   36]
 [1048   37]
 [1052   37]
 [1054   37]
 [1056   37]
 [1058   35]
 [1059   31]
 [1060   29]
 [1060   26]
 [1059   23]
 [1059   21]
 [1058   18]
 [1056   15]
 [1054   12]
 [1051    9]
 [1048    7]
 [1045    5]
 [1042    5]
 [1038    5]
 [1035    5]
 [1032    6]
 [1029    7]
 [1028    8]]
Fuhrman 3, [[1037  259]
 [1035  261]
 [1033  263]
 [1032  265]
 [1031  266]
 [1030  268]
 [1029  269]
 [1029  271]
 [1030  274]
 [1031  276]
 [1033  278]
 [1035  280]
 [1037  281]
 [1040  281]
 [1042  281]
 [1045  281]
 [1047  281]
 [1048  282]
 [1050  283]
 [1052  284]
 [1054  286]
 [1056  288]
 [1058  289]
 [1061  290]
 [1062  290]
 [1065  290]
 [1067  289]
 [1066  289]
 [1068  287]
 [1070  283]
 [1070  281]
 [1070  277]
 [1068  275]
 [1066  270]
 [1064  267]
 [1062  263]
 [1060  261]
 [1057  260]
 [1053  258]
 [1050  258]
 [1045  257]
 [1043  258]
 [1040  258]
 [1038  259]
 [1037  259]]
Fuhrman 3, [[1084  547]
 [1085  545]
 [1085  541]
 [1084  536]
 [1083  533]
 [1082  530]
 [1079  529]
 [1078  528]
 [1077  526]
 [1076  525]
 [1074  525]
 [1072  523]
 [1071  522]
 [1069  521]
 [1066  521]
 [1065  521]
 [1063  521]
 [1062  521]
 [1061  522]
 [1061  523]
 [1060  524]
 [1059  526]
 [1058  527]
 [1056  529]
 [1053  532]
 [1051  534]
 [1050  536]
 [1049  539]
 [1048  541]
 [1049  543]
 [1049  545]
 [1051  548]
 [1053  551]
 [1055  553]
 [1057  554]
 [1059  556]
 [1062  557]
 [1065  557]
 [1068  558]
 [1072  558]
 [1076  558]
 [1078  558]
 [1080  556]
 [1082  553]
 [1083  551]
 [1083  549]
 [1084  547]]
Fuhrman 3, [[395 879]
 [396 878]
 [397 876]
 [398 874]
 [398 872]
 [397 868]
 [395 865]
 [392 863]
 [389 862]
 [384 861]
 [381 861]
 [378 861]
 [375 862]
 [373 864]
 [371 866]
 [370 868]
 [369 870]
 [368 872]
 [368 874]
 [368 877]
 [369 879]
 [370 880]
 [372 882]
 [374 882]
 [376 883]
 [379 883]
 [382 883]
 [385 884]
 [387 883]
 [390 883]
 [392 883]
 [393 882]
 [394 881]
 [395 880]
 [395 879]]
Fuhrman 3, [[486 879]
 [487 876]
 [486 874]
 [484 872]
 [484 870]
 [483 865]
 [482 862]
 [481 859]
 [477 857]
 [473 855]
 [469 854]
 [465 855]
 [462 856]
 [459 858]
 [456 859]
 [455 861]
 [454 863]
 [454 866]
 [454 868]
 [454 872]
 [454 873]
 [454 873]
 [454 874]
 [454 876]
 [455 878]
 [456 879]
 [458 879]
 [461 880]
 [464 880]
 [468 881]
 [470 881]
 [472 882]
 [473 883]
 [475 882]
 [476 881]
 [477 881]
 [479 882]
 [480 883]
 [481 884]
 [482 885]
 [484 885]
 [485 884]
 [486 883]
 [486 881]
 [486 879]]
Fuhrman 3, [[556 965]
 [554 966]
 [552 968]
 [551 970]
 [549 971]
 [548 973]
 [547 976]
 [547 978]
 [547 980]
 [547 983]
 [547 985]
 [547 987]
 [548 988]
 [550 990]
 [552 991]
 [554 992]
 [557 991]
 [560 991]
 [563 991]
 [566 990]
 [567 989]
 [568 987]
 [569 985]
 [570 983]
 [571 980]
 [571 977]
 [571 974]
 [570 971]
 [569 970]
 [568 968]
 [567 967]
 [565 966]
 [564 965]
 [561 965]
 [560 965]
 [558 965]
 [556 965]]
Fuhrman 3, [[1433  511]
 [1432  507]
 [1431  504]
 [1429  501]
 [1426  498]
 [1422  497]
 [1420  497]
 [1416  498]
 [1413  499]
 [1410  501]
 [1409  503]
 [1408  506]
 [1408  508]
 [1408  511]
 [1407  514]
 [1407  517]
 [1408  519]
 [1409  520]
 [1409  521]
 [1410  523]
 [1411  524]
 [1412  526]
 [1413  528]
 [1415  529]
 [1415  530]
 [1416  531]
 [1416  533]
 [1416  535]
 [1416  536]
 [1417  538]
 [1419  541]
 [1421  543]
 [1423  545]
 [1425  546]
 [1428  546]
 [1430  546]
 [1432  546]
 [1436  544]
 [1437  543]
 [1439  541]
 [1440  539]
 [1441  535]
 [1441  531]
 [1441  528]
 [1440  524]
 [1439  522]
 [1438  519]
 [1437  517]
 [1436  515]
 [1435  514]
 [1434  512]
 [1433  511]
 [1433  511]]
Fuhrman 3, [[1507  443]
 [1502  441]
 [1498  440]
 [1494  440]
 [1491  440]
 [1487  441]
 [1484  443]
 [1482  445]
 [1480  447]
 [1479  449]
 [1478  451]
 [1479  454]
 [1479  456]
 [1481  458]
 [1482  460]
 [1484  461]
 [1487  462]
 [1490  462]
 [1492  463]
 [1494  463]
 [1496  464]
 [1498  465]
 [1500  466]
 [1502  467]
 [1503  468]
 [1505  468]
 [1508  469]
 [1509  469]
 [1511  469]
 [1513  468]
 [1516  467]
 [1518  466]
 [1520  464]
 [1522  462]
 [1523  461]
 [1523  458]
 [1523  456]
 [1522  453]
 [1521  451]
 [1519  450]
 [1518  448]
 [1516  448]
 [1515  447]
 [1514  446]
 [1512  445]
 [1510  444]
 [1509  444]
 [1507  443]]
Fuhrman 3, [[1193  712]
 [1189  712]
 [1185  712]
 [1183  713]
 [1181  715]
 [1181  717]
 [1181  719]
 [1181  722]
 [1180  725]
 [1180  729]
 [1181  731]
 [1182  732]
 [1184  734]
 [1186  736]
 [1189  738]
 [1191  739]
 [1193  740]
 [1195  741]
 [1195  744]
 [1197  747]
 [1199  749]
 [1201  750]
 [1203  751]
 [1204  752]
 [1206  753]
 [1208  753]
 [1211  753]
 [1215  751]
 [1218  748]
 [1220  746]
 [1223  743]
 [1225  740]
 [1227  737]
 [1228  733]
 [1228  731]
 [1227  729]
 [1225  726]
 [1225  723]
 [1225  720]
 [1224  717]
 [1222  714]
 [1218  713]
 [1214  712]
 [1210  712]
 [1206  711]
 [1201  711]
 [1198  711]
 [1195  711]
 [1193  712]]
Fuhrman 3, [[427 516]
 [425 518]
 [424 520]
 [424 524]
 [423 526]
 [422 528]
 [422 530]
 [422 533]
 [423 536]
 [424 538]
 [425 539]
 [426 539]
 [428 539]
 [430 540]
 [432 540]
 [434 540]
 [437 540]
 [439 539]
 [442 537]
 [444 535]
 [444 534]
 [444 533]
 [445 532]
 [446 531]
 [448 529]
 [449 528]
 [450 524]
 [450 521]
 [450 517]
 [450 513]
 [449 511]
 [448 509]
 [447 507]
 [445 506]
 [442 506]
 [440 506]
 [437 507]
 [435 508]
 [432 510]
 [430 512]
 [428 514]
 [426 516]]
Fuhrman 3, [[466 454]
 [464 457]
 [464 461]
 [464 464]
 [464 467]
 [465 471]
 [466 474]
 [466 476]
 [467 478]
 [468 480]
 [469 481]
 [471 484]
 [472 486]
 [474 487]
 [476 489]
 [478 490]
 [482 490]
 [485 490]
 [487 490]
 [489 489]
 [490 487]
 [492 485]
 [493 482]
 [493 480]
 [494 478]
 [495 477]
 [495 473]
 [494 470]
 [491 466]
 [491 464]
 [489 461]
 [488 458]
 [486 457]
 [483 455]
 [482 453]
 [480 451]
 [479 451]
 [478 450]
 [475 450]
 [473 450]
 [471 450]
 [469 451]
 [468 453]
 [466 455]]
Fuhrman 3, [[1442  158]
 [1439  160]
 [1437  162]
 [1435  163]
 [1433  163]
 [1431  164]
 [1430  166]
 [1428  168]
 [1426  170]
 [1425  173]
 [1425  176]
 [1425  179]
 [1427  182]
 [1428  185]
 [1431  188]
 [1433  189]
 [1436  189]
 [1440  189]
 [1445  187]
 [1448  185]
 [1451  183]
 [1454  179]
 [1456  176]
 [1458  174]
 [1460  172]
 [1462  169]
 [1463  165]
 [1463  162]
 [1463  158]
 [1461  156]
 [1460  154]
 [1457  152]
 [1455  151]
 [1453  151]
 [1450  151]
 [1448  152]
 [1446  154]
 [1444  156]
 [1442  158]]
Fuhrman 3, [[580 325]
 [582 323]
 [583 321]
 [584 319]
 [584 316]
 [584 314]
 [583 310]
 [582 307]
 [580 305]
 [577 304]
 [573 303]
 [569 303]
 [566 304]
 [564 305]
 [561 308]
 [559 310]
 [558 312]
 [557 314]
 [556 316]
 [556 318]
 [556 320]
 [557 321]
 [558 322]
 [559 324]
 [559 326]
 [559 329]
 [558 332]
 [559 334]
 [559 337]
 [560 339]
 [561 340]
 [563 342]
 [565 342]
 [568 342]
 [571 342]
 [573 341]
 [575 340]
 [576 338]
 [576 336]
 [576 333]
 [577 331]
 [577 329]
 [578 328]
 [579 326]
 [580 325]]
Fuhrman 3, [[ 972  802]
 [ 971  805]
 [ 970  807]
 [ 970  810]
 [ 969  813]
 [ 970  817]
 [ 971  820]
 [ 973  823]
 [ 975  825]
 [ 977  826]
 [ 980  828]
 [ 982  828]
 [ 985  829]
 [ 987  828]
 [ 990  828]
 [ 992  828]
 [ 994  826]
 [ 997  824]
 [ 998  821]
 [ 999  817]
 [1000  816]
 [1001  814]
 [1001  812]
 [1001  810]
 [1001  809]
 [ 999  806]
 [ 998  805]
 [ 997  803]
 [ 997  801]
 [ 996  799]
 [ 996  798]
 [ 994  796]
 [ 993  795]
 [ 992  794]
 [ 991  793]
 [ 989  792]
 [ 987  793]
 [ 987  793]
 [ 986  794]
 [ 984  794]
 [ 981  794]
 [ 978  796]
 [ 976  797]
 [ 974  799]
 [ 973  801]
 [ 972  802]]
Fuhrman 3, [[1746  449]
 [1747  445]
 [1746  441]
 [1745  437]
 [1744  433]
 [1743  429]
 [1740  425]
 [1736  422]
 [1732  421]
 [1728  420]
 [1725  421]
 [1722  423]
 [1719  425]
 [1717  428]
 [1716  431]
 [1716  434]
 [1716  438]
 [1716  443]
 [1717  447]
 [1718  448]
 [1720  449]
 [1721  451]
 [1723  453]
 [1724  455]
 [1726  456]
 [1729  458]
 [1731  459]
 [1734  459]
 [1736  459]
 [1739  458]
 [1742  456]
 [1744  454]
 [1745  452]
 [1746  449]]
