Fuhrman 3, [[150 131]
 [148 133]
 [147 133]
 [146 134]
 [145 135]
 [144 137]
 [143 139]
 [142 141]
 [142 143]
 [142 146]
 [142 148]
 [142 150]
 [143 152]
 [145 155]
 [146 157]
 [147 159]
 [148 160]
 [149 161]
 [150 162]
 [152 163]
 [153 164]
 [155 164]
 [156 165]
 [158 165]
 [160 165]
 [160 165]
 [161 164]
 [162 164]
 [164 162]
 [166 161]
 [167 160]
 [168 158]
 [169 157]
 [170 155]
 [170 152]
 [170 150]
 [171 148]
 [171 147]
 [171 144]
 [170 142]
 [169 140]
 [167 138]
 [166 136]
 [165 134]
 [164 133]
 [162 131]
 [160 131]
 [158 130]
 [155 130]
 [153 131]
 [152 131]
 [150 131]]
Fuhrman 3, [[204 147]
 [204 147]
 [202 148]
 [199 150]
 [199 151]
 [198 153]
 [197 154]
 [196 156]
 [195 157]
 [194 159]
 [193 161]
 [193 164]
 [193 166]
 [193 169]
 [193 171]
 [194 172]
 [195 173]
 [196 174]
 [198 175]
 [200 176]
 [201 177]
 [203 178]
 [205 178]
 [207 178]
 [210 178]
 [212 178]
 [214 177]
 [216 176]
 [218 174]
 [218 173]
 [219 172]
 [220 171]
 [221 169]
 [222 167]
 [223 166]
 [223 164]
 [224 163]
 [224 161]
 [225 160]
 [225 158]
 [226 157]
 [226 155]
 [226 152]
 [225 151]
 [225 149]
 [224 148]
 [223 147]
 [222 146]
 [221 145]
 [219 144]
 [218 144]
 [217 143]
 [215 143]
 [212 143]
 [210 143]
 [208 144]
 [207 145]
 [206 146]
 [204 147]]
Fuhrman 3, [[136 245]
 [134 246]
 [131 246]
 [130 246]
 [129 245]
 [128 245]
 [126 246]
 [125 247]
 [124 248]
 [124 250]
 [123 253]
 [123 256]
 [122 257]
 [122 259]
 [121 261]
 [120 262]
 [120 263]
 [120 265]
 [120 267]
 [120 268]
 [122 270]
 [123 270]
 [125 271]
 [127 271]
 [129 271]
 [131 272]
 [133 272]
 [135 272]
 [138 271]
 [139 271]
 [141 270]
 [142 269]
 [143 270]
 [145 270]
 [147 270]
 [149 270]
 [150 269]
 [152 268]
 [152 267]
 [153 266]
 [153 264]
 [153 262]
 [153 260]
 [153 258]
 [153 257]
 [153 256]
 [152 254]
 [152 253]
 [151 252]
 [150 252]
 [149 251]
 [148 251]
 [147 250]
 [146 248]
 [145 248]
 [144 247]
 [143 246]
 [141 246]
 [139 246]
 [138 245]
 [136 245]]
Fuhrman 3, [[100 626]
 [ 99 626]
 [ 97 626]
 [ 97 627]
 [ 96 628]
 [ 96 628]
 [ 95 629]
 [ 94 630]
 [ 93 631]
 [ 92 632]
 [ 92 635]
 [ 92 638]
 [ 92 641]
 [ 92 643]
 [ 92 645]
 [ 92 647]
 [ 93 648]
 [ 94 650]
 [ 95 652]
 [ 95 653]
 [ 97 655]
 [ 98 656]
 [ 99 657]
 [101 658]
 [102 659]
 [104 660]
 [106 661]
 [107 661]
 [109 661]
 [112 661]
 [114 661]
 [116 660]
 [118 659]
 [119 658]
 [120 657]
 [121 656]
 [121 654]
 [122 653]
 [122 650]
 [122 648]
 [121 646]
 [121 644]
 [121 643]
 [120 641]
 [119 639]
 [118 637]
 [118 636]
 [116 635]
 [116 634]
 [115 633]
 [114 632]
 [113 632]
 [113 632]
 [113 631]
 [112 630]
 [110 629]
 [108 628]
 [106 627]
 [105 626]
 [103 626]
 [102 626]
 [100 626]]
Fuhrman 3, [[686 472]
 [683 474]
 [682 474]
 [680 475]
 [678 476]
 [676 478]
 [674 480]
 [673 484]
 [673 487]
 [672 490]
 [672 494]
 [672 497]
 [674 500]
 [676 504]
 [678 507]
 [680 510]
 [681 511]
 [683 511]
 [686 513]
 [689 515]
 [692 515]
 [695 516]
 [698 516]
 [701 516]
 [703 516]
 [706 515]
 [708 514]
 [709 512]
 [711 510]
 [713 508]
 [714 506]
 [715 504]
 [715 501]
 [715 497]
 [714 494]
 [714 491]
 [713 489]
 [712 487]
 [712 485]
 [711 483]
 [709 481]
 [707 479]
 [706 477]
 [704 476]
 [703 475]
 [701 474]
 [698 474]
 [697 474]
 [695 473]
 [694 473]
 [692 472]
 [689 472]
 [688 472]
 [686 472]]
Fuhrman 3, [[896 877]
 [894 879]
 [893 880]
 [892 881]
 [889 884]
 [888 886]
 [887 889]
 [887 893]
 [887 897]
 [887 898]
 [888 900]
 [889 900]
 [890 901]
 [891 903]
 [891 905]
 [891 906]
 [892 908]
 [894 908]
 [895 909]
 [896 909]
 [897 911]
 [898 913]
 [899 915]
 [900 916]
 [902 916]
 [904 916]
 [906 916]
 [908 916]
 [910 915]
 [911 914]
 [912 912]
 [912 911]
 [913 909]
 [913 907]
 [914 906]
 [914 904]
 [914 902]
 [915 899]
 [916 896]
 [916 894]
 [917 893]
 [918 891]
 [918 888]
 [919 885]
 [919 883]
 [918 881]
 [917 880]
 [915 879]
 [914 879]
 [912 879]
 [911 879]
 [910 880]
 [909 879]
 [908 879]
 [907 878]
 [904 877]
 [902 877]
 [900 877]
 [898 877]
 [896 877]]
Fuhrman 3, [[1059  876]
 [1058  877]
 [1057  879]
 [1056  880]
 [1055  883]
 [1054  886]
 [1053  888]
 [1053  892]
 [1053  895]
 [1054  899]
 [1055  902]
 [1057  904]
 [1059  906]
 [1061  908]
 [1064  909]
 [1066  910]
 [1069  910]
 [1072  910]
 [1075  909]
 [1077  908]
 [1080  906]
 [1082  904]
 [1083  903]
 [1084  901]
 [1084  899]
 [1085  897]
 [1085  895]
 [1085  893]
 [1085  891]
 [1085  890]
 [1085  888]
 [1084  887]
 [1083  885]
 [1082  883]
 [1081  881]
 [1080  880]
 [1078  878]
 [1077  877]
 [1075  875]
 [1073  874]
 [1069  872]
 [1067  872]
 [1065  873]
 [1063  873]
 [1061  875]
 [1060  875]
 [1059  876]]
Fuhrman 3, [[1232  872]
 [1230  873]
 [1229  873]
 [1228  873]
 [1227  873]
 [1226  874]
 [1225  876]
 [1225  877]
 [1224  877]
 [1223  878]
 [1223  880]
 [1222  881]
 [1221  884]
 [1220  886]
 [1220  888]
 [1220  891]
 [1220  893]
 [1220  894]
 [1220  896]
 [1220  898]
 [1220  900]
 [1221  901]
 [1222  901]
 [1224  901]
 [1226  901]
 [1228  901]
 [1229  900]
 [1230  900]
 [1231  899]
 [1232  899]
 [1233  898]
 [1234  897]
 [1235  897]
 [1236  896]
 [1237  896]
 [1238  896]
 [1240  894]
 [1241  893]
 [1243  893]
 [1243  892]
 [1244  892]
 [1246  891]
 [1247  891]
 [1248  891]
 [1248  890]
 [1249  889]
 [1250  888]
 [1251  887]
 [1252  886]
 [1252  885]
 [1253  883]
 [1253  882]
 [1252  880]
 [1252  879]
 [1251  878]
 [1250  877]
 [1250  876]
 [1248  876]
 [1247  875]
 [1247  875]
 [1246  876]
 [1245  876]
 [1244  875]
 [1244  874]
 [1243  873]
 [1242  873]
 [1241  872]
 [1240  872]
 [1239  872]
 [1238  871]
 [1236  871]
 [1234  871]
 [1233  872]
 [1232  872]
 [1232  872]]
Fuhrman 3, [[1624  475]
 [1621  474]
 [1619  475]
 [1617  475]
 [1615  476]
 [1614  476]
 [1612  476]
 [1609  477]
 [1606  478]
 [1604  479]
 [1601  480]
 [1599  483]
 [1598  485]
 [1597  487]
 [1596  489]
 [1596  492]
 [1596  496]
 [1597  499]
 [1599  503]
 [1601  505]
 [1603  507]
 [1606  508]
 [1608  510]
 [1611  511]
 [1614  513]
 [1617  514]
 [1621  515]
 [1626  515]
 [1629  515]
 [1632  514]
 [1635  513]
 [1637  511]
 [1640  509]
 [1641  506]
 [1643  503]
 [1643  500]
 [1644  496]
 [1644  493]
 [1644  491]
 [1643  489]
 [1642  487]
 [1641  486]
 [1641  484]
 [1641  482]
 [1640  481]
 [1638  480]
 [1637  479]
 [1635  478]
 [1633  478]
 [1631  477]
 [1629  476]
 [1626  475]
 [1624  475]]
Fuhrman 3, [[1554   33]
 [1552   34]
 [1550   35]
 [1548   37]
 [1546   39]
 [1544   40]
 [1543   42]
 [1542   44]
 [1541   46]
 [1540   48]
 [1539   50]
 [1539   53]
 [1539   55]
 [1540   57]
 [1541   60]
 [1542   62]
 [1544   64]
 [1546   66]
 [1548   67]
 [1550   68]
 [1553   68]
 [1555   68]
 [1557   67]
 [1560   67]
 [1561   66]
 [1563   65]
 [1564   63]
 [1565   62]
 [1566   60]
 [1567   58]
 [1568   57]
 [1568   56]
 [1568   54]
 [1568   52]
 [1568   51]
 [1568   50]
 [1568   50]
 [1568   48]
 [1568   46]
 [1568   44]
 [1567   42]
 [1567   40]
 [1566   38]
 [1565   37]
 [1564   35]
 [1562   34]
 [1561   33]
 [1559   33]
 [1556   33]
 [1555   33]
 [1554   33]]
Fuhrman 3, [[1898  534]
 [1896  535]
 [1895  536]
 [1894  537]
 [1893  538]
 [1891  540]
 [1889  542]
 [1888  544]
 [1886  547]
 [1885  549]
 [1884  550]
 [1883  553]
 [1883  555]
 [1883  557]
 [1883  559]
 [1883  560]
 [1885  561]
 [1886  562]
 [1889  563]
 [1891  563]
 [1894  563]
 [1896  563]
 [1898  562]
 [1900  562]
 [1902  561]
 [1904  559]
 [1906  557]
 [1909  554]
 [1910  552]
 [1912  550]
 [1913  548]
 [1913  546]
 [1915  545]
 [1916  544]
 [1916  542]
 [1916  539]
 [1916  537]
 [1915  535]
 [1914  533]
 [1913  532]
 [1912  531]
 [1910  530]
 [1908  530]
 [1906  530]
 [1903  530]
 [1901  531]
 [1900  532]
 [1900  532]
 [1899  533]
 [1898  534]]
Fuhrman 3, [[1632  697]
 [1630  700]
 [1630  703]
 [1629  705]
 [1628  706]
 [1628  708]
 [1628  709]
 [1627  711]
 [1626  712]
 [1624  715]
 [1623  717]
 [1622  719]
 [1622  721]
 [1621  723]
 [1621  726]
 [1621  729]
 [1622  730]
 [1623  732]
 [1624  734]
 [1626  736]
 [1628  737]
 [1630  738]
 [1632  738]
 [1634  739]
 [1636  738]
 [1638  737]
 [1640  736]
 [1641  735]
 [1643  734]
 [1644  733]
 [1644  732]
 [1646  731]
 [1648  730]
 [1649  729]
 [1651  728]
 [1652  726]
 [1653  722]
 [1653  717]
 [1653  714]
 [1653  710]
 [1652  707]
 [1650  704]
 [1649  702]
 [1648  700]
 [1646  698]
 [1644  697]
 [1642  696]
 [1641  696]
 [1640  695]
 [1638  694]
 [1637  694]
 [1635  694]
 [1634  695]
 [1633  696]
 [1631  698]]
Fuhrman 3, [[1137  781]
 [1135  781]
 [1133  782]
 [1132  783]
 [1130  784]
 [1129  786]
 [1128  787]
 [1127  788]
 [1127  790]
 [1128  793]
 [1128  795]
 [1130  798]
 [1132  799]
 [1134  801]
 [1137  802]
 [1140  804]
 [1143  805]
 [1146  805]
 [1148  806]
 [1150  806]
 [1153  806]
 [1156  806]
 [1158  805]
 [1159  804]
 [1160  803]
 [1161  802]
 [1161  801]
 [1162  799]
 [1162  799]
 [1163  798]
 [1164  797]
 [1164  795]
 [1163  793]
 [1163  791]
 [1162  789]
 [1161  787]
 [1159  786]
 [1158  785]
 [1156  784]
 [1154  783]
 [1153  782]
 [1152  782]
 [1151  781]
 [1149  781]
 [1146  780]
 [1144  780]
 [1141  780]
 [1139  781]
 [1138  781]
 [1137  781]]
Fuhrman 3, [[158 922]
 [156 924]
 [154 926]
 [153 927]
 [152 929]
 [152 932]
 [151 936]
 [150 938]
 [150 941]
 [150 943]
 [151 945]
 [152 948]
 [154 950]
 [156 952]
 [158 953]
 [160 953]
 [161 953]
 [165 953]
 [168 953]
 [172 952]
 [174 951]
 [176 950]
 [177 949]
 [179 947]
 [180 946]
 [181 945]
 [182 943]
 [183 942]
 [184 941]
 [185 938]
 [185 935]
 [185 932]
 [185 930]
 [184 927]
 [183 925]
 [182 924]
 [181 922]
 [179 921]
 [177 920]
 [176 918]
 [174 918]
 [172 917]
 [169 917]
 [167 918]
 [164 919]
 [162 920]
 [160 921]
 [158 922]]
Fuhrman 3, [[1212  259]
 [1210  259]
 [1209  259]
 [1209  260]
 [1208  261]
 [1206  263]
 [1205  264]
 [1203  266]
 [1203  268]
 [1202  270]
 [1202  273]
 [1202  275]
 [1202  278]
 [1202  281]
 [1203  283]
 [1204  285]
 [1205  287]
 [1206  289]
 [1207  290]
 [1209  292]
 [1211  293]
 [1213  294]
 [1215  295]
 [1217  295]
 [1219  296]
 [1221  296]
 [1223  296]
 [1225  295]
 [1227  295]
 [1228  294]
 [1229  292]
 [1231  290]
 [1232  289]
 [1233  288]
 [1233  286]
 [1234  285]
 [1234  283]
 [1235  281]
 [1235  278]
 [1235  275]
 [1234  273]
 [1233  271]
 [1232  269]
 [1230  266]
 [1229  264]
 [1228  262]
 [1226  260]
 [1223  258]
 [1221  258]
 [1219  257]
 [1217  257]
 [1215  258]
 [1213  258]
 [1211  259]]
Fuhrman 3, [[1147  188]
 [1145  189]
 [1144  190]
 [1144  192]
 [1143  192]
 [1142  193]
 [1142  194]
 [1141  194]
 [1140  196]
 [1138  198]
 [1136  199]
 [1135  200]
 [1134  202]
 [1133  204]
 [1132  205]
 [1132  207]
 [1132  209]
 [1132  211]
 [1133  212]
 [1135  214]
 [1136  215]
 [1137  216]
 [1139  217]
 [1141  218]
 [1143  218]
 [1146  218]
 [1149  218]
 [1152  218]
 [1155  217]
 [1157  216]
 [1159  214]
 [1161  213]
 [1163  211]
 [1164  210]
 [1165  209]
 [1166  207]
 [1167  207]
 [1168  205]
 [1168  204]
 [1168  202]
 [1169  201]
 [1170  199]
 [1170  197]
 [1170  195]
 [1170  194]
 [1169  193]
 [1169  191]
 [1168  190]
 [1167  188]
 [1165  186]
 [1163  185]
 [1161  184]
 [1159  183]
 [1157  183]
 [1154  184]
 [1151  184]
 [1150  184]
 [1149  185]
 [1149  186]
 [1148  187]
 [1147  188]
 [1147  189]]
Fuhrman 3, [[805 700]
 [803 700]
 [802 701]
 [800 701]
 [799 702]
 [796 702]
 [793 702]
 [792 702]
 [791 703]
 [790 704]
 [789 706]
 [788 707]
 [787 707]
 [786 708]
 [784 709]
 [783 709]
 [782 712]
 [782 713]
 [783 715]
 [783 717]
 [784 718]
 [786 719]
 [788 720]
 [790 721]
 [791 722]
 [792 723]
 [793 724]
 [795 724]
 [797 724]
 [800 724]
 [801 724]
 [803 723]
 [804 722]
 [805 723]
 [807 723]
 [808 723]
 [809 723]
 [811 722]
 [813 721]
 [815 720]
 [816 719]
 [818 717]
 [820 716]
 [821 715]
 [822 714]
 [822 713]
 [823 712]
 [823 710]
 [822 709]
 [822 708]
 [822 707]
 [821 706]
 [820 705]
 [820 705]
 [819 704]
 [817 704]
 [817 704]
 [816 703]
 [814 702]
 [813 701]
 [812 700]
 [809 700]
 [807 700]
 [805 700]]
Fuhrman 3, [[1222  387]
 [1220  389]
 [1219  390]
 [1218  392]
 [1218  395]
 [1218  398]
 [1218  401]
 [1219  404]
 [1219  407]
 [1220  410]
 [1221  412]
 [1222  415]
 [1225  417]
 [1226  419]
 [1228  420]
 [1229  421]
 [1231  421]
 [1232  421]
 [1234  421]
 [1235  421]
 [1237  421]
 [1239  420]
 [1241  419]
 [1242  417]
 [1243  416]
 [1245  414]
 [1246  412]
 [1246  410]
 [1247  409]
 [1247  407]
 [1247  405]
 [1246  404]
 [1245  402]
 [1244  401]
 [1243  401]
 [1243  399]
 [1243  398]
 [1243  396]
 [1243  393]
 [1243  391]
 [1242  389]
 [1241  387]
 [1239  386]
 [1237  385]
 [1235  384]
 [1232  384]
 [1229  384]
 [1227  384]
 [1225  385]
 [1224  386]
 [1222  386]
 [1221  387]]
Fuhrman 3, [[1515  590]
 [1512  591]
 [1510  592]
 [1508  592]
 [1506  594]
 [1505  597]
 [1504  599]
 [1502  601]
 [1502  604]
 [1502  607]
 [1503  609]
 [1504  611]
 [1506  614]
 [1508  615]
 [1510  617]
 [1512  618]
 [1514  619]
 [1517  620]
 [1519  620]
 [1520  620]
 [1522  620]
 [1525  620]
 [1528  619]
 [1530  618]
 [1533  617]
 [1535  615]
 [1538  613]
 [1540  610]
 [1542  608]
 [1543  607]
 [1543  605]
 [1543  603]
 [1543  601]
 [1541  598]
 [1540  597]
 [1539  595]
 [1538  593]
 [1537  592]
 [1535  592]
 [1533  591]
 [1531  591]
 [1529  591]
 [1526  591]
 [1523  591]
 [1521  590]
 [1519  590]
 [1517  590]
 [1515  590]]
Fuhrman 3, [[1660  583]
 [1658  585]
 [1656  587]
 [1655  589]
 [1654  592]
 [1653  595]
 [1653  598]
 [1654  601]
 [1655  605]
 [1656  606]
 [1658  608]
 [1660  610]
 [1662  611]
 [1665  611]
 [1668  612]
 [1671  611]
 [1673  611]
 [1675  609]
 [1677  608]
 [1679  607]
 [1681  605]
 [1683  603]
 [1683  601]
 [1684  600]
 [1684  597]
 [1684  594]
 [1683  591]
 [1683  588]
 [1681  587]
 [1681  586]
 [1680  585]
 [1679  584]
 [1678  583]
 [1677  582]
 [1675  581]
 [1674  580]
 [1672  580]
 [1670  579]
 [1668  579]
 [1665  580]
 [1663  580]
 [1662  582]
 [1660  583]]
