Fuhrman 3, [[ 72 399]
 [ 69 396]
 [ 67 395]
 [ 65 394]
 [ 62 394]
 [ 59 397]
 [ 56 398]
 [ 54 400]
 [ 52 402]
 [ 52 404]
 [ 51 407]
 [ 52 409]
 [ 52 410]
 [ 53 412]
 [ 53 414]
 [ 54 415]
 [ 54 416]
 [ 55 417]
 [ 55 418]
 [ 58 422]
 [ 59 424]
 [ 61 426]
 [ 62 427]
 [ 63 427]
 [ 64 427]
 [ 67 428]
 [ 70 429]
 [ 72 429]
 [ 76 428]
 [ 79 427]
 [ 81 426]
 [ 83 424]
 [ 83 422]
 [ 84 418]
 [ 84 417]
 [ 83 414]
 [ 81 413]
 [ 81 411]
 [ 81 409]
 [ 80 407]
 [ 79 405]
 [ 77 404]
 [ 75 402]
 [ 74 401]
 [ 72 398]]
Fuhrman 3, [[248 382]
 [245 379]
 [242 378]
 [239 377]
 [234 376]
 [229 376]
 [225 376]
 [223 377]
 [221 379]
 [219 382]
 [218 386]
 [216 389]
 [214 392]
 [213 394]
 [213 397]
 [213 400]
 [214 403]
 [215 407]
 [217 410]
 [219 412]
 [221 414]
 [224 415]
 [226 416]
 [229 416]
 [232 415]
 [234 412]
 [235 411]
 [239 410]
 [244 409]
 [248 407]
 [251 404]
 [253 402]
 [254 399]
 [254 396]
 [254 392]
 [252 388]
 [251 385]
 [248 382]]
Fuhrman 3, [[306 397]
 [307 398]
 [309 399]
 [311 400]
 [313 402]
 [314 403]
 [315 403]
 [316 404]
 [317 403]
 [319 401]
 [322 399]
 [323 398]
 [324 396]
 [324 394]
 [326 394]
 [327 393]
 [328 392]
 [328 391]
 [329 389]
 [329 387]
 [329 385]
 [328 382]
 [328 378]
 [326 376]
 [325 376]
 [324 374]
 [323 372]
 [321 369]
 [318 367]
 [314 364]
 [310 362]
 [306 362]
 [303 361]
 [300 362]
 [298 363]
 [295 365]
 [293 367]
 [292 369]
 [292 371]
 [293 374]
 [293 375]
 [294 376]
 [294 378]
 [294 380]
 [294 382]
 [295 386]
 [295 388]
 [296 390]
 [299 392]
 [300 394]
 [302 395]
 [304 395]
 [305 396]
 [306 397]]
Fuhrman 3, [[403 427]
 [401 424]
 [398 422]
 [395 421]
 [393 420]
 [389 419]
 [386 420]
 [384 420]
 [381 422]
 [378 425]
 [376 427]
 [376 429]
 [375 432]
 [375 435]
 [376 438]
 [376 441]
 [378 443]
 [379 444]
 [381 445]
 [381 447]
 [381 449]
 [382 452]
 [383 454]
 [385 456]
 [388 457]
 [390 458]
 [393 459]
 [395 459]
 [398 459]
 [399 458]
 [401 457]
 [403 455]
 [406 453]
 [408 451]
 [409 449]
 [410 447]
 [410 445]
 [410 442]
 [409 440]
 [408 438]
 [408 435]
 [407 433]
 [406 431]
 [405 430]
 [404 429]
 [404 428]
 [403 427]]
Fuhrman 3, [[509 146]
 [511 146]
 [514 145]
 [516 144]
 [519 143]
 [520 141]
 [521 140]
 [522 138]
 [523 136]
 [524 133]
 [523 130]
 [522 127]
 [520 125]
 [518 122]
 [515 119]
 [512 117]
 [508 115]
 [503 113]
 [501 113]
 [497 113]
 [494 114]
 [491 115]
 [488 115]
 [487 116]
 [486 118]
 [486 120]
 [486 121]
 [485 126]
 [485 128]
 [486 130]
 [487 131]
 [488 132]
 [489 134]
 [490 134]
 [490 136]
 [491 138]
 [493 140]
 [494 142]
 [497 143]
 [499 144]
 [502 145]
 [505 145]
 [506 145]
 [508 146]
 [509 146]]
Fuhrman 3, [[899  83]
 [895  84]
 [893  84]
 [889  85]
 [887  86]
 [886  87]
 [885  88]
 [884  91]
 [884  93]
 [884  96]
 [885  99]
 [887 101]
 [888 103]
 [889 104]
 [890 106]
 [891 107]
 [893 108]
 [895 109]
 [896 110]
 [898 111]
 [899 113]
 [899 113]
 [901 113]
 [902 114]
 [904 114]
 [905 114]
 [908 115]
 [910 115]
 [912 115]
 [914 114]
 [915 113]
 [917 112]
 [918 111]
 [919 109]
 [919 106]
 [919 105]
 [919 104]
 [919 101]
 [917  98]
 [916  95]
 [916  93]
 [915  92]
 [914  92]
 [912  90]
 [911  89]
 [910  87]
 [907  85]
 [905  84]
 [902  83]
 [900  83]
 [899  83]]
Fuhrman 3, [[793 281]
 [791 282]
 [790 283]
 [789 284]
 [789 285]
 [788 286]
 [787 288]
 [787 289]
 [788 291]
 [788 292]
 [790 293]
 [791 295]
 [794 296]
 [795 298]
 [796 298]
 [797 300]
 [799 301]
 [801 303]
 [802 304]
 [804 305]
 [806 306]
 [808 306]
 [810 306]
 [811 306]
 [812 305]
 [813 305]
 [814 306]
 [815 306]
 [818 306]
 [820 305]
 [822 304]
 [823 303]
 [825 301]
 [826 298]
 [826 297]
 [825 295]
 [824 293]
 [824 292]
 [824 291]
 [825 290]
 [824 289]
 [822 288]
 [819 286]
 [817 284]
 [815 283]
 [814 281]
 [812 281]
 [809 281]
 [805 282]
 [802 282]
 [799 282]
 [796 281]
 [795 281]
 [793 281]]
Fuhrman 3, [[641 671]
 [638 673]
 [636 674]
 [634 676]
 [632 678]
 [630 680]
 [629 681]
 [628 681]
 [626 682]
 [625 683]
 [625 685]
 [625 687]
 [626 688]
 [627 689]
 [629 691]
 [630 693]
 [631 694]
 [633 696]
 [635 697]
 [636 698]
 [638 698]
 [640 698]
 [642 697]
 [644 697]
 [645 697]
 [647 699]
 [649 699]
 [652 700]
 [655 699]
 [658 698]
 [660 697]
 [662 696]
 [663 694]
 [664 693]
 [664 691]
 [663 689]
 [663 688]
 [662 686]
 [662 684]
 [661 682]
 [660 680]
 [658 678]
 [656 677]
 [655 676]
 [655 674]
 [655 673]
 [655 673]
 [654 672]
 [653 673]
 [652 673]
 [652 673]
 [650 672]
 [649 671]
 [647 670]
 [645 670]
 [643 671]
 [641 671]]
Fuhrman 3, [[635 790]
 [633 789]
 [631 789]
 [628 790]
 [626 791]
 [624 792]
 [622 793]
 [621 795]
 [620 796]
 [619 798]
 [618 800]
 [618 802]
 [619 803]
 [619 805]
 [620 807]
 [621 809]
 [622 811]
 [623 813]
 [625 814]
 [627 815]
 [629 816]
 [631 816]
 [633 817]
 [634 817]
 [635 819]
 [637 820]
 [639 820]
 [642 820]
 [645 820]
 [649 820]
 [652 820]
 [656 820]
 [660 819]
 [663 818]
 [665 817]
 [668 814]
 [670 812]
 [671 810]
 [672 809]
 [673 807]
 [673 805]
 [672 803]
 [671 801]
 [669 800]
 [667 798]
 [664 797]
 [662 796]
 [659 796]
 [658 796]
 [656 794]
 [654 794]
 [651 792]
 [649 792]
 [647 791]
 [645 791]
 [643 790]
 [641 791]
 [639 791]
 [638 791]
 [636 791]
 [635 790]]
Fuhrman 3, [[569 966]
 [568 967]
 [567 968]
 [566 970]
 [564 971]
 [563 972]
 [562 973]
 [561 975]
 [561 977]
 [561 979]
 [562 981]
 [563 981]
 [563 983]
 [563 985]
 [564 986]
 [565 987]
 [566 989]
 [568 990]
 [570 992]
 [571 993]
 [573 993]
 [574 994]
 [576 995]
 [578 995]
 [583 995]
 [585 995]
 [587 994]
 [589 993]
 [590 991]
 [592 989]
 [592 987]
 [593 985]
 [594 982]
 [594 980]
 [595 976]
 [595 972]
 [594 968]
 [592 965]
 [590 963]
 [588 961]
 [586 961]
 [583 960]
 [579 960]
 [577 961]
 [574 962]
 [572 963]
 [571 964]
 [570 965]
 [568 966]]
Fuhrman 3, [[862 914]
 [859 916]
 [857 917]
 [856 917]
 [854 916]
 [852 915]
 [850 914]
 [848 916]
 [846 917]
 [845 919]
 [844 921]
 [844 923]
 [844 925]
 [845 927]
 [846 929]
 [847 931]
 [847 933]
 [847 935]
 [848 937]
 [849 938]
 [851 940]
 [852 941]
 [854 943]
 [856 944]
 [858 946]
 [861 947]
 [864 949]
 [866 950]
 [870 951]
 [872 951]
 [876 951]
 [879 949]
 [881 948]
 [884 946]
 [886 944]
 [888 942]
 [889 940]
 [889 937]
 [889 933]
 [889 928]
 [888 924]
 [886 920]
 [884 917]
 [881 914]
 [879 912]
 [876 912]
 [873 911]
 [870 911]
 [867 911]
 [865 912]
 [862 914]]
Fuhrman 3, [[1126  875]
 [1129  876]
 [1132  876]
 [1135  876]
 [1137  876]
 [1139  875]
 [1141  874]
 [1143  874]
 [1145  873]
 [1145  872]
 [1146  871]
 [1146  869]
 [1145  867]
 [1144  864]
 [1142  860]
 [1140  857]
 [1137  851]
 [1136  849]
 [1135  849]
 [1134  848]
 [1134  846]
 [1133  843]
 [1131  842]
 [1130  840]
 [1129  839]
 [1129  836]
 [1128  832]
 [1127  829]
 [1125  827]
 [1124  825]
 [1122  825]
 [1120  825]
 [1118  825]
 [1116  826]
 [1113  829]
 [1110  831]
 [1109  833]
 [1108  834]
 [1106  835]
 [1105  837]
 [1105  839]
 [1105  841]
 [1105  844]
 [1105  846]
 [1106  849]
 [1106  851]
 [1107  853]
 [1107  854]
 [1108  856]
 [1109  858]
 [1109  860]
 [1110  861]
 [1112  863]
 [1114  866]
 [1116  867]
 [1118  869]
 [1120  871]
 [1122  873]
 [1124  875]
 [1125  875]
 [1126  875]]
Fuhrman 3, [[1328  479]
 [1330  476]
 [1331  474]
 [1332  471]
 [1332  468]
 [1331  465]
 [1330  461]
 [1327  459]
 [1324  457]
 [1321  456]
 [1321  455]
 [1319  454]
 [1316  454]
 [1313  454]
 [1310  453]
 [1305  454]
 [1303  455]
 [1301  456]
 [1300  457]
 [1298  459]
 [1297  461]
 [1297  463]
 [1296  466]
 [1297  468]
 [1298  471]
 [1299  473]
 [1300  475]
 [1301  477]
 [1303  478]
 [1305  479]
 [1307  480]
 [1308  481]
 [1310  482]
 [1312  483]
 [1315  484]
 [1317  485]
 [1319  486]
 [1321  486]
 [1323  486]
 [1324  485]
 [1326  485]
 [1327  484]
 [1328  482]
 [1328  480]
 [1328  479]]
Fuhrman 3, [[1335  646]
 [1333  645]
 [1332  643]
 [1330  643]
 [1329  643]
 [1326  643]
 [1324  645]
 [1323  646]
 [1322  648]
 [1321  650]
 [1320  652]
 [1320  655]
 [1320  657]
 [1320  659]
 [1320  661]
 [1320  662]
 [1321  663]
 [1322  664]
 [1322  665]
 [1323  668]
 [1324  669]
 [1325  671]
 [1327  671]
 [1328  673]
 [1329  674]
 [1331  675]
 [1333  675]
 [1334  676]
 [1336  677]
 [1338  678]
 [1342  678]
 [1344  677]
 [1347  677]
 [1349  675]
 [1351  675]
 [1352  674]
 [1353  672]
 [1354  671]
 [1354  668]
 [1355  665]
 [1355  661]
 [1354  657]
 [1353  655]
 [1352  654]
 [1349  652]
 [1347  651]
 [1345  650]
 [1343  649]
 [1342  648]
 [1340  647]
 [1338  647]
 [1337  647]
 [1336  647]
 [1335  646]]
Fuhrman 3, [[1592  531]
 [1591  533]
 [1591  535]
 [1590  539]
 [1591  541]
 [1592  542]
 [1592  543]
 [1593  544]
 [1593  545]
 [1593  546]
 [1592  547]
 [1592  549]
 [1592  551]
 [1592  554]
 [1592  557]
 [1593  558]
 [1594  559]
 [1598  559]
 [1601  560]
 [1606  560]
 [1610  560]
 [1614  560]
 [1617  560]
 [1620  560]
 [1623  559]
 [1625  559]
 [1627  558]
 [1629  558]
 [1630  557]
 [1631  556]
 [1631  555]
 [1631  554]
 [1631  553]
 [1629  551]
 [1628  550]
 [1627  549]
 [1626  547]
 [1625  545]
 [1624  544]
 [1624  543]
 [1623  541]
 [1621  540]
 [1620  539]
 [1620  538]
 [1618  537]
 [1617  535]
 [1616  531]
 [1614  529]
 [1609  527]
 [1607  527]
 [1604  526]
 [1601  526]
 [1599  526]
 [1596  527]
 [1594  529]
 [1593  530]
 [1592  531]]
Fuhrman 3, [[1507  582]
 [1506  581]
 [1505  580]
 [1503  580]
 [1502  580]
 [1500  580]
 [1498  580]
 [1495  580]
 [1492  580]
 [1489  580]
 [1488  581]
 [1487  582]
 [1486  583]
 [1486  584]
 [1485  585]
 [1484  586]
 [1484  588]
 [1483  589]
 [1482  590]
 [1481  592]
 [1480  594]
 [1480  597]
 [1480  600]
 [1481  602]
 [1483  605]
 [1485  607]
 [1488  609]
 [1490  610]
 [1493  611]
 [1496  612]
 [1497  613]
 [1499  613]
 [1501  614]
 [1503  614]
 [1505  613]
 [1509  613]
 [1512  612]
 [1513  611]
 [1515  609]
 [1517  607]
 [1519  605]
 [1520  602]
 [1520  599]
 [1520  596]
 [1519  593]
 [1517  590]
 [1516  588]
 [1514  586]
 [1513  585]
 [1512  584]
 [1510  583]
 [1509  583]
 [1508  582]
 [1507  582]]
Fuhrman 3, [[1296  171]
 [1292  170]
 [1289  169]
 [1285  169]
 [1281  168]
 [1278  168]
 [1275  168]
 [1274  169]
 [1273  170]
 [1272  171]
 [1272  173]
 [1272  175]
 [1272  177]
 [1273  179]
 [1275  182]
 [1277  184]
 [1278  186]
 [1279  187]
 [1280  188]
 [1281  189]
 [1283  190]
 [1285  192]
 [1287  193]
 [1290  195]
 [1292  198]
 [1294  200]
 [1296  201]
 [1297  202]
 [1299  204]
 [1302  205]
 [1305  206]
 [1306  206]
 [1309  205]
 [1311  204]
 [1313  203]
 [1314  201]
 [1314  198]
 [1314  195]
 [1314  191]
 [1312  187]
 [1311  183]
 [1309  180]
 [1307  178]
 [1305  175]
 [1303  174]
 [1301  172]
 [1298  171]
 [1296  171]]
Fuhrman 3, [[1540   34]
 [1540   32]
 [1539   30]
 [1539   27]
 [1539   25]
 [1539   23]
 [1539   21]
 [1539   19]
 [1539   18]
 [1538   18]
 [1536   17]
 [1532   17]
 [1528   18]
 [1524   20]
 [1522   21]
 [1520   23]
 [1518   25]
 [1517   27]
 [1516   30]
 [1516   32]
 [1516   34]
 [1517   37]
 [1518   40]
 [1519   41]
 [1521   44]
 [1523   45]
 [1525   46]
 [1528   46]
 [1530   46]
 [1532   46]
 [1534   45]
 [1535   44]
 [1536   44]
 [1537   43]
 [1537   41]
 [1538   40]
 [1539   39]
 [1539   37]
 [1540   36]
 [1540   35]
 [1541   34]]
Fuhrman 3, [[1785  367]
 [1783  369]
 [1781  370]
 [1780  372]
 [1779  373]
 [1778  375]
 [1777  377]
 [1778  380]
 [1778  383]
 [1780  385]
 [1781  386]
 [1783  387]
 [1784  389]
 [1785  390]
 [1787  391]
 [1789  392]
 [1792  393]
 [1795  394]
 [1798  394]
 [1801  393]
 [1803  392]
 [1805  392]
 [1807  391]
 [1809  389]
 [1809  388]
 [1810  386]
 [1811  385]
 [1811  384]
 [1812  381]
 [1811  377]
 [1810  375]
 [1808  372]
 [1806  370]
 [1804  368]
 [1802  367]
 [1801  366]
 [1800  366]
 [1797  365]
 [1794  365]
 [1791  366]
 [1789  366]
 [1787  366]
 [1785  367]]
Fuhrman 3, [[718 712]
 [718 709]
 [719 708]
 [718 705]
 [717 703]
 [715 701]
 [714 698]
 [711 697]
 [708 697]
 [705 697]
 [704 697]
 [702 697]
 [700 698]
 [697 699]
 [694 702]
 [692 703]
 [691 706]
 [690 709]
 [690 712]
 [689 714]
 [690 717]
 [690 719]
 [691 722]
 [693 724]
 [694 727]
 [696 729]
 [697 729]
 [698 730]
 [700 732]
 [701 733]
 [703 734]
 [704 735]
 [706 735]
 [708 735]
 [711 735]
 [713 735]
 [715 734]
 [716 733]
 [717 731]
 [718 729]
 [718 726]
 [718 723]
 [717 721]
 [717 719]
 [717 717]
 [717 714]
 [718 712]]
