Fuhrman 3, [[191 153]
 [190 156]
 [188 157]
 [188 159]
 [187 162]
 [186 166]
 [186 171]
 [186 177]
 [187 181]
 [188 186]
 [189 189]
 [190 191]
 [190 191]
 [191 191]
 [192 192]
 [192 193]
 [193 195]
 [195 197]
 [196 198]
 [199 198]
 [201 198]
 [203 198]
 [204 197]
 [206 196]
 [207 195]
 [208 194]
 [209 193]
 [211 193]
 [211 192]
 [212 191]
 [212 190]
 [211 189]
 [211 188]
 [211 187]
 [212 185]
 [213 184]
 [214 183]
 [215 181]
 [216 180]
 [216 178]
 [217 176]
 [217 175]
 [217 173]
 [217 172]
 [217 170]
 [216 168]
 [216 167]
 [215 165]
 [213 162]
 [212 160]
 [211 159]
 [210 158]
 [209 157]
 [208 155]
 [206 153]
 [204 152]
 [203 151]
 [200 150]
 [198 150]
 [195 150]
 [193 152]
 [192 153]
 [191 153]]
Fuhrman 3, [[278 213]
 [277 214]
 [276 214]
 [275 216]
 [274 216]
 [274 217]
 [273 218]
 [272 220]
 [272 223]
 [272 227]
 [272 229]
 [273 231]
 [274 233]
 [276 234]
 [278 235]
 [279 237]
 [281 238]
 [283 239]
 [286 240]
 [289 240]
 [291 241]
 [293 240]
 [295 240]
 [298 239]
 [299 238]
 [301 237]
 [302 235]
 [303 233]
 [304 232]
 [304 230]
 [304 228]
 [304 226]
 [304 223]
 [304 221]
 [303 219]
 [302 218]
 [300 216]
 [299 215]
 [297 215]
 [296 214]
 [295 213]
 [294 212]
 [292 211]
 [291 210]
 [289 209]
 [286 209]
 [284 210]
 [282 211]
 [280 212]
 [278 213]]
Fuhrman 3, [[323 860]
 [320 862]
 [319 863]
 [319 864]
 [318 866]
 [318 868]
 [318 870]
 [320 872]
 [322 875]
 [325 878]
 [327 880]
 [329 881]
 [331 882]
 [332 882]
 [334 882]
 [336 882]
 [338 882]
 [339 882]
 [341 883]
 [342 883]
 [344 883]
 [345 882]
 [346 881]
 [348 881]
 [351 881]
 [352 881]
 [354 880]
 [356 880]
 [357 879]
 [357 877]
 [358 875]
 [358 874]
 [358 872]
 [357 870]
 [357 869]
 [356 867]
 [355 865]
 [354 864]
 [352 862]
 [351 861]
 [350 860]
 [349 860]
 [346 859]
 [345 858]
 [342 857]
 [337 856]
 [334 856]
 [331 857]
 [327 859]
 [325 860]
 [323 860]]
Fuhrman 3, [[266 801]
 [264 801]
 [264 802]
 [263 802]
 [262 803]
 [261 804]
 [261 805]
 [260 805]
 [259 805]
 [258 806]
 [256 806]
 [255 806]
 [254 807]
 [254 809]
 [253 809]
 [252 810]
 [251 810]
 [250 810]
 [249 811]
 [248 812]
 [247 812]
 [247 813]
 [246 814]
 [245 816]
 [245 817]
 [245 819]
 [246 821]
 [246 822]
 [247 823]
 [247 825]
 [248 826]
 [249 826]
 [250 826]
 [252 827]
 [252 826]
 [253 826]
 [254 826]
 [255 826]
 [255 827]
 [256 828]
 [256 829]
 [257 830]
 [258 831]
 [259 831]
 [261 832]
 [262 832]
 [264 832]
 [264 832]
 [264 832]
 [264 834]
 [265 835]
 [266 836]
 [267 837]
 [268 836]
 [270 836]
 [271 835]
 [272 835]
 [274 834]
 [275 834]
 [277 833]
 [278 832]
 [280 831]
 [281 831]
 [281 830]
 [282 829]
 [283 828]
 [284 827]
 [284 825]
 [284 824]
 [284 822]
 [284 820]
 [283 819]
 [283 818]
 [283 817]
 [283 817]
 [282 816]
 [281 815]
 [281 814]
 [280 814]
 [280 813]
 [279 813]
 [278 812]
 [277 811]
 [277 810]
 [277 809]
 [277 808]
 [276 807]
 [275 806]
 [274 805]
 [273 805]
 [273 804]
 [272 803]
 [272 803]
 [271 802]
 [270 802]
 [269 802]
 [268 801]
 [266 801]
 [266 801]]
Fuhrman 3, [[230 697]
 [227 697]
 [224 698]
 [223 699]
 [221 700]
 [220 701]
 [219 702]
 [218 704]
 [217 704]
 [217 704]
 [216 705]
 [216 706]
 [215 708]
 [215 710]
 [215 711]
 [215 713]
 [216 715]
 [217 716]
 [217 716]
 [218 716]
 [219 717]
 [220 718]
 [221 719]
 [222 720]
 [223 721]
 [225 721]
 [226 721]
 [228 721]
 [228 721]
 [229 721]
 [230 722]
 [231 722]
 [234 722]
 [238 722]
 [240 722]
 [242 722]
 [243 722]
 [244 722]
 [245 722]
 [245 721]
 [246 721]
 [248 721]
 [249 720]
 [250 720]
 [251 719]
 [252 718]
 [253 716]
 [254 715]
 [254 714]
 [255 713]
 [254 712]
 [254 710]
 [254 708]
 [254 708]
 [254 707]
 [253 706]
 [252 706]
 [252 704]
 [252 703]
 [251 702]
 [250 701]
 [249 700]
 [248 699]
 [247 698]
 [246 697]
 [245 697]
 [244 697]
 [242 696]
 [241 696]
 [240 696]
 [239 696]
 [239 697]
 [238 697]
 [237 697]
 [234 697]
 [233 697]
 [231 697]
 [230 697]]
Fuhrman 3, [[595 640]
 [594 642]
 [593 642]
 [592 642]
 [591 642]
 [591 643]
 [590 645]
 [591 649]
 [591 652]
 [592 655]
 [594 657]
 [595 660]
 [597 662]
 [600 666]
 [602 668]
 [604 670]
 [607 672]
 [608 673]
 [610 674]
 [613 675]
 [615 676]
 [616 676]
 [616 677]
 [617 677]
 [619 678]
 [622 678]
 [624 678]
 [626 678]
 [628 677]
 [629 676]
 [630 676]
 [631 675]
 [631 673]
 [632 672]
 [632 670]
 [632 668]
 [632 667]
 [633 666]
 [633 665]
 [633 662]
 [633 659]
 [632 657]
 [632 655]
 [631 654]
 [630 652]
 [629 650]
 [628 649]
 [628 648]
 [627 648]
 [626 647]
 [625 646]
 [625 645]
 [623 644]
 [622 643]
 [621 642]
 [619 642]
 [619 641]
 [618 640]
 [617 640]
 [616 639]
 [613 638]
 [610 638]
 [606 637]
 [604 637]
 [600 637]
 [598 638]
 [597 639]
 [595 641]]
Fuhrman 3, [[643 507]
 [641 506]
 [640 505]
 [640 504]
 [638 504]
 [637 504]
 [636 505]
 [636 506]
 [635 506]
 [633 507]
 [632 507]
 [630 507]
 [629 509]
 [629 510]
 [629 512]
 [628 512]
 [626 514]
 [625 515]
 [624 517]
 [624 519]
 [623 521]
 [624 524]
 [623 528]
 [623 528]
 [622 529]
 [622 530]
 [621 532]
 [621 534]
 [622 536]
 [622 537]
 [623 538]
 [625 539]
 [627 541]
 [628 542]
 [630 543]
 [631 543]
 [632 544]
 [633 545]
 [635 546]
 [638 547]
 [640 547]
 [642 547]
 [645 546]
 [647 546]
 [650 545]
 [652 544]
 [652 543]
 [653 541]
 [655 539]
 [656 538]
 [657 537]
 [658 535]
 [658 533]
 [658 531]
 [658 530]
 [657 528]
 [656 527]
 [656 525]
 [656 524]
 [656 522]
 [657 521]
 [656 519]
 [656 515]
 [655 514]
 [654 513]
 [653 512]
 [652 511]
 [650 511]
 [648 510]
 [646 508]
 [644 507]
 [643 507]]
Fuhrman 3, [[664 444]
 [662 445]
 [660 445]
 [658 446]
 [657 447]
 [656 448]
 [655 450]
 [655 452]
 [655 454]
 [655 456]
 [656 458]
 [657 461]
 [659 463]
 [661 464]
 [663 465]
 [665 465]
 [668 465]
 [671 465]
 [672 465]
 [673 466]
 [675 467]
 [676 467]
 [678 467]
 [680 467]
 [681 467]
 [683 466]
 [684 465]
 [685 465]
 [685 464]
 [685 462]
 [685 461]
 [686 460]
 [687 458]
 [688 457]
 [688 455]
 [688 453]
 [687 451]
 [686 450]
 [685 449]
 [684 448]
 [682 446]
 [680 445]
 [677 444]
 [673 444]
 [670 444]
 [667 444]
 [664 444]]
Fuhrman 3, [[729 452]
 [727 453]
 [726 453]
 [724 454]
 [723 455]
 [723 456]
 [722 457]
 [721 458]
 [721 459]
 [720 461]
 [719 464]
 [718 465]
 [718 467]
 [718 470]
 [718 473]
 [719 476]
 [721 478]
 [722 479]
 [726 480]
 [729 480]
 [732 480]
 [734 480]
 [736 480]
 [738 480]
 [740 480]
 [741 479]
 [743 478]
 [744 476]
 [745 474]
 [745 471]
 [745 469]
 [745 467]
 [745 466]
 [745 464]
 [745 463]
 [744 461]
 [743 460]
 [742 458]
 [742 458]
 [741 457]
 [740 456]
 [740 455]
 [739 454]
 [738 453]
 [736 452]
 [735 452]
 [733 452]
 [731 452]
 [729 452]]
Fuhrman 3, [[1190  758]
 [1185  758]
 [1182  758]
 [1181  758]
 [1180  756]
 [1179  755]
 [1177  753]
 [1174  752]
 [1171  753]
 [1168  753]
 [1165  754]
 [1163  756]
 [1162  758]
 [1161  760]
 [1161  761]
 [1160  764]
 [1160  767]
 [1160  771]
 [1160  774]
 [1160  777]
 [1161  779]
 [1161  779]
 [1163  780]
 [1164  781]
 [1167  781]
 [1169  782]
 [1171  783]
 [1174  783]
 [1176  783]
 [1176  784]
 [1178  785]
 [1181  785]
 [1185  785]
 [1188  785]
 [1189  784]
 [1192  784]
 [1194  784]
 [1195  784]
 [1196  783]
 [1198  783]
 [1199  782]
 [1201  780]
 [1203  779]
 [1204  777]
 [1205  775]
 [1206  774]
 [1206  772]
 [1207  771]
 [1206  769]
 [1206  767]
 [1205  766]
 [1204  764]
 [1203  763]
 [1202  763]
 [1200  762]
 [1200  760]
 [1199  759]
 [1198  758]
 [1196  758]
 [1195  758]
 [1193  758]
 [1192  758]
 [1190  758]]
Fuhrman 3, [[925 834]
 [925 833]
 [924 832]
 [923 832]
 [921 832]
 [917 832]
 [914 833]
 [913 834]
 [912 835]
 [910 836]
 [910 837]
 [909 838]
 [908 839]
 [908 840]
 [907 843]
 [907 845]
 [908 847]
 [908 849]
 [910 852]
 [911 853]
 [911 853]
 [912 854]
 [912 855]
 [913 856]
 [915 857]
 [916 858]
 [918 859]
 [920 859]
 [922 860]
 [922 862]
 [923 862]
 [925 863]
 [927 863]
 [929 863]
 [931 863]
 [934 863]
 [936 862]
 [937 862]
 [938 861]
 [939 861]
 [941 859]
 [942 858]
 [943 856]
 [944 855]
 [944 853]
 [944 852]
 [944 849]
 [943 848]
 [943 847]
 [942 846]
 [942 845]
 [941 844]
 [940 843]
 [939 844]
 [937 843]
 [937 841]
 [937 840]
 [933 839]
 [932 838]
 [930 837]
 [929 837]
 [929 836]
 [928 835]
 [927 835]
 [925 834]]
Fuhrman 3, [[1421  302]
 [1419  303]
 [1417  304]
 [1416  304]
 [1415  304]
 [1414  304]
 [1414  306]
 [1413  307]
 [1412  307]
 [1411  308]
 [1410  310]
 [1410  311]
 [1410  313]
 [1410  316]
 [1410  318]
 [1411  320]
 [1412  322]
 [1414  323]
 [1416  325]
 [1418  326]
 [1421  327]
 [1423  328]
 [1426  328]
 [1428  328]
 [1433  328]
 [1436  327]
 [1439  327]
 [1440  327]
 [1441  326]
 [1444  326]
 [1448  325]
 [1449  324]
 [1451  323]
 [1453  323]
 [1454  322]
 [1456  322]
 [1457  320]
 [1458  319]
 [1458  318]
 [1458  317]
 [1458  316]
 [1458  314]
 [1457  313]
 [1456  312]
 [1455  311]
 [1453  310]
 [1452  309]
 [1451  309]
 [1451  308]
 [1450  307]
 [1448  306]
 [1446  305]
 [1444  304]
 [1442  303]
 [1440  303]
 [1438  302]
 [1436  302]
 [1434  301]
 [1430  301]
 [1427  301]
 [1425  301]
 [1421  302]]
Fuhrman 3, [[1841  502]
 [1839  503]
 [1837  504]
 [1834  505]
 [1832  507]
 [1831  509]
 [1830  512]
 [1829  514]
 [1827  518]
 [1827  519]
 [1826  519]
 [1825  520]
 [1825  523]
 [1825  525]
 [1825  527]
 [1826  530]
 [1827  532]
 [1829  533]
 [1831  535]
 [1833  536]
 [1836  538]
 [1840  539]
 [1842  538]
 [1843  538]
 [1844  539]
 [1846  539]
 [1847  538]
 [1849  538]
 [1850  536]
 [1851  537]
 [1853  537]
 [1855  537]
 [1856  536]
 [1858  535]
 [1860  533]
 [1861  531]
 [1862  530]
 [1863  528]
 [1865  527]
 [1866  525]
 [1868  524]
 [1868  522]
 [1869  520]
 [1869  516]
 [1869  514]
 [1869  512]
 [1868  510]
 [1868  509]
 [1867  507]
 [1865  505]
 [1864  504]
 [1863  503]
 [1860  502]
 [1858  502]
 [1856  501]
 [1855  501]
 [1850  500]
 [1848  500]
 [1845  500]
 [1842  501]
 [1841  502]]
Fuhrman 3, [[1533  489]
 [1532  489]
 [1531  489]
 [1530  489]
 [1528  490]
 [1527  491]
 [1526  492]
 [1524  494]
 [1523  495]
 [1523  496]
 [1522  496]
 [1521  499]
 [1521  501]
 [1521  504]
 [1522  507]
 [1524  510]
 [1526  518]
 [1527  521]
 [1528  523]
 [1528  526]
 [1528  528]
 [1528  531]
 [1528  534]
 [1530  537]
 [1532  539]
 [1534  540]
 [1536  541]
 [1539  541]
 [1541  541]
 [1544  540]
 [1545  540]
 [1546  538]
 [1548  538]
 [1550  537]
 [1552  537]
 [1553  536]
 [1555  536]
 [1556  535]
 [1557  533]
 [1559  532]
 [1560  531]
 [1561  531]
 [1562  529]
 [1563  528]
 [1565  526]
 [1566  524]
 [1567  522]
 [1568  520]
 [1568  517]
 [1568  515]
 [1568  513]
 [1568  511]
 [1567  509]
 [1567  508]
 [1566  507]
 [1565  506]
 [1564  505]
 [1563  504]
 [1562  503]
 [1560  501]
 [1560  500]
 [1559  499]
 [1558  498]
 [1557  498]
 [1556  497]
 [1555  496]
 [1553  496]
 [1552  494]
 [1550  493]
 [1544  491]
 [1542  491]
 [1541  490]
 [1540  490]
 [1538  489]
 [1537  489]
 [1536  489]
 [1535  489]
 [1533  489]]
Fuhrman 3, [[1632  929]
 [1630  930]
 [1628  932]
 [1627  934]
 [1626  936]
 [1625  937]
 [1625  938]
 [1624  940]
 [1624  943]
 [1623  945]
 [1622  947]
 [1621  949]
 [1621  951]
 [1620  953]
 [1619  956]
 [1619  959]
 [1620  960]
 [1621  961]
 [1622  961]
 [1623  961]
 [1624  961]
 [1624  963]
 [1625  965]
 [1627  967]
 [1631  968]
 [1634  968]
 [1638  968]
 [1641  967]
 [1644  967]
 [1648  966]
 [1651  965]
 [1654  963]
 [1656  962]
 [1659  960]
 [1660  958]
 [1661  956]
 [1661  955]
 [1662  953]
 [1663  953]
 [1664  952]
 [1664  952]
 [1665  950]
 [1665  949]
 [1666  947]
 [1666  946]
 [1666  944]
 [1665  943]
 [1664  942]
 [1664  940]
 [1663  939]
 [1662  937]
 [1661  936]
 [1661  935]
 [1661  934]
 [1661  933]
 [1660  931]
 [1659  930]
 [1658  929]
 [1656  927]
 [1654  927]
 [1652  927]
 [1650  926]
 [1649  925]
 [1648  925]
 [1646  925]
 [1642  925]
 [1641  925]
 [1638  926]
 [1635  927]
 [1634  926]
 [1633  926]
 [1633  927]
 [1632  928]
 [1632  929]]
Fuhrman 3, [[ 355 1003]
 [ 353 1002]
 [ 353 1001]
 [ 352 1000]
 [ 351 1000]
 [ 349 1000]
 [ 348 1001]
 [ 347 1001]
 [ 346 1002]
 [ 345 1003]
 [ 344 1005]
 [ 344 1006]
 [ 343 1007]
 [ 342 1007]
 [ 341 1008]
 [ 340 1009]
 [ 339 1009]
 [ 338 1009]
 [ 336 1009]
 [ 334 1010]
 [ 333 1011]
 [ 332 1013]
 [ 332 1015]
 [ 332 1017]
 [ 332 1018]
 [ 333 1020]
 [ 334 1022]
 [ 335 1023]
 [ 336 1024]
 [ 337 1025]
 [ 339 1027]
 [ 341 1028]
 [ 342 1029]
 [ 344 1030]
 [ 345 1030]
 [ 346 1031]
 [ 348 1032]
 [ 349 1032]
 [ 351 1032]
 [ 353 1031]
 [ 355 1030]
 [ 358 1029]
 [ 360 1028]
 [ 361 1027]
 [ 362 1026]
 [ 363 1024]
 [ 364 1023]
 [ 365 1023]
 [ 366 1022]
 [ 366 1021]
 [ 366 1020]
 [ 366 1017]
 [ 367 1016]
 [ 367 1015]
 [ 368 1013]
 [ 368 1012]
 [ 368 1011]
 [ 367 1010]
 [ 367 1009]
 [ 367 1008]
 [ 366 1007]
 [ 365 1006]
 [ 365 1005]
 [ 364 1004]
 [ 362 1004]
 [ 361 1003]
 [ 360 1003]
 [ 359 1003]
 [ 358 1003]
 [ 356 1003]
 [ 355 1003]]
Fuhrman 3, [[453 830]
 [451 832]
 [449 833]
 [448 833]
 [447 834]
 [446 836]
 [446 838]
 [445 839]
 [444 840]
 [443 842]
 [443 844]
 [443 847]
 [444 851]
 [445 854]
 [446 856]
 [447 858]
 [448 860]
 [449 863]
 [449 865]
 [451 866]
 [453 866]
 [454 866]
 [456 866]
 [458 866]
 [460 866]
 [463 866]
 [465 866]
 [466 864]
 [466 863]
 [468 862]
 [469 861]
 [470 861]
 [471 860]
 [471 859]
 [472 857]
 [472 856]
 [472 854]
 [472 851]
 [472 849]
 [472 847]
 [472 846]
 [472 844]
 [472 842]
 [472 840]
 [471 838]
 [470 837]
 [469 835]
 [467 834]
 [465 833]
 [465 832]
 [464 830]
 [462 829]
 [460 829]
 [457 829]
 [454 829]
 [453 830]]
Fuhrman 3, [[1232  411]
 [1231  412]
 [1229  413]
 [1229  413]
 [1228  413]
 [1226  414]
 [1224  414]
 [1223  413]
 [1221  413]
 [1219  413]
 [1217  414]
 [1216  415]
 [1213  417]
 [1212  419]
 [1212  421]
 [1211  424]
 [1212  427]
 [1213  430]
 [1215  433]
 [1217  435]
 [1219  436]
 [1220  437]
 [1222  438]
 [1224  438]
 [1226  437]
 [1228  437]
 [1230  437]
 [1231  438]
 [1233  439]
 [1234  440]
 [1236  440]
 [1237  440]
 [1240  441]
 [1243  441]
 [1244  440]
 [1246  440]
 [1248  439]
 [1250  439]
 [1252  437]
 [1254  436]
 [1256  436]
 [1257  435]
 [1258  434]
 [1259  433]
 [1260  432]
 [1262  429]
 [1263  429]
 [1263  427]
 [1264  426]
 [1264  425]
 [1264  423]
 [1263  421]
 [1263  420]
 [1262  418]
 [1262  417]
 [1261  416]
 [1260  415]
 [1259  414]
 [1257  412]
 [1256  411]
 [1255  410]
 [1254  410]
 [1251  408]
 [1250  407]
 [1248  407]
 [1246  407]
 [1245  406]
 [1243  406]
 [1240  406]
 [1239  407]
 [1237  407]
 [1236  407]
 [1235  408]
 [1234  408]
 [1234  409]
 [1233  410]
 [1232  411]]
Fuhrman 3, [[688 145]
 [685 145]
 [684 146]
 [682 147]
 [681 148]
 [680 150]
 [680 153]
 [680 155]
 [681 158]
 [683 161]
 [685 163]
 [688 166]
 [692 168]
 [698 170]
 [702 171]
 [705 172]
 [709 172]
 [711 172]
 [712 173]
 [715 173]
 [718 174]
 [722 173]
 [725 173]
 [727 172]
 [730 171]
 [732 169]
 [733 168]
 [734 167]
 [734 165]
 [735 164]
 [734 162]
 [734 160]
 [733 160]
 [733 158]
 [733 157]
 [731 155]
 [730 154]
 [728 153]
 [725 154]
 [724 154]
 [723 154]
 [722 152]
 [722 151]
 [721 150]
 [719 149]
 [718 149]
 [715 149]
 [714 147]
 [712 146]
 [706 144]
 [703 143]
 [702 143]
 [699 143]
 [697 144]
 [694 144]
 [690 145]
 [688 145]]
Fuhrman 3, [[ 985  660]
 [ 983  662]
 [ 982  663]
 [ 981  664]
 [ 981  665]
 [ 980  666]
 [ 979  668]
 [ 978  671]
 [ 978  673]
 [ 977  677]
 [ 978  679]
 [ 978  682]
 [ 979  682]
 [ 979  684]
 [ 980  685]
 [ 981  686]
 [ 984  686]
 [ 986  686]
 [ 989  686]
 [ 990  686]
 [ 991  686]
 [ 991  686]
 [ 992  686]
 [ 993  685]
 [ 994  685]
 [ 997  685]
 [ 998  685]
 [1000  685]
 [1002  685]
 [1003  685]
 [1005  684]
 [1005  684]
 [1005  683]
 [1006  682]
 [1007  682]
 [1008  681]
 [1008  680]
 [1009  680]
 [1010  679]
 [1010  677]
 [1011  676]
 [1011  674]
 [1011  673]
 [1010  670]
 [1010  669]
 [1010  668]
 [1009  667]
 [1009  666]
 [1008  665]
 [1006  663]
 [1005  662]
 [1003  661]
 [1002  660]
 [1001  658]
 [1000  657]
 [ 998  656]
 [ 996  656]
 [ 994  657]
 [ 992  657]
 [ 991  657]
 [ 990  657]
 [ 989  657]
 [ 988  658]
 [ 987  659]
 [ 986  660]
 [ 985  660]]
