Fuhrman 3, [[355  79]
 [354  79]
 [353  79]
 [351  79]
 [349  80]
 [346  80]
 [344  81]
 [343  81]
 [342  82]
 [340  84]
 [338  85]
 [337  87]
 [336  88]
 [334  90]
 [333  92]
 [332  95]
 [332  98]
 [332  99]
 [331 101]
 [331 103]
 [331 105]
 [331 107]
 [332 108]
 [332 110]
 [333 113]
 [333 115]
 [333 117]
 [334 118]
 [335 119]
 [335 120]
 [336 120]
 [338 121]
 [339 122]
 [341 122]
 [343 121]
 [344 121]
 [347 120]
 [349 119]
 [350 118]
 [351 117]
 [352 117]
 [353 117]
 [353 116]
 [355 115]
 [356 114]
 [358 113]
 [359 112]
 [361 111]
 [362 110]
 [363 109]
 [364 108]
 [365 107]
 [366 105]
 [366 103]
 [367 102]
 [367 100]
 [367  98]
 [367  96]
 [367  95]
 [367  93]
 [365  92]
 [364  91]
 [364  90]
 [365  88]
 [364  87]
 [364  85]
 [363  84]
 [362  83]
 [359  81]
 [358  80]
 [356  80]
 [355  79]]
Fuhrman 3, [[373 136]
 [370 136]
 [369 137]
 [367 138]
 [365 140]
 [363 143]
 [361 147]
 [359 147]
 [358 148]
 [357 150]
 [357 151]
 [356 154]
 [356 158]
 [356 160]
 [356 164]
 [356 167]
 [356 168]
 [357 169]
 [358 170]
 [358 171]
 [359 173]
 [360 174]
 [361 174]
 [362 174]
 [363 175]
 [364 176]
 [366 176]
 [368 176]
 [370 176]
 [372 175]
 [373 175]
 [375 174]
 [376 173]
 [378 173]
 [379 172]
 [379 171]
 [380 169]
 [381 168]
 [381 167]
 [382 166]
 [383 164]
 [384 163]
 [385 162]
 [386 160]
 [387 159]
 [387 157]
 [388 155]
 [389 153]
 [389 151]
 [389 148]
 [389 147]
 [389 145]
 [389 143]
 [387 142]
 [385 140]
 [384 139]
 [383 138]
 [383 137]
 [381 136]
 [378 136]
 [376 136]
 [374 136]
 [373 136]]
Fuhrman 3, [[186 378]
 [184 376]
 [183 375]
 [180 375]
 [178 375]
 [175 375]
 [172 376]
 [168 379]
 [163 383]
 [161 385]
 [159 387]
 [157 388]
 [156 390]
 [153 392]
 [151 394]
 [149 396]
 [147 399]
 [145 401]
 [143 404]
 [141 407]
 [141 410]
 [141 413]
 [141 415]
 [143 417]
 [144 418]
 [146 419]
 [148 420]
 [149 421]
 [151 423]
 [153 423]
 [156 424]
 [159 425]
 [161 426]
 [163 427]
 [166 427]
 [169 427]
 [171 426]
 [174 425]
 [177 425]
 [179 425]
 [180 424]
 [181 424]
 [183 423]
 [185 422]
 [187 421]
 [189 419]
 [191 417]
 [192 415]
 [194 413]
 [194 411]
 [194 409]
 [193 407]
 [193 405]
 [192 403]
 [193 401]
 [193 399]
 [193 397]
 [193 395]
 [193 393]
 [193 390]
 [193 388]
 [194 386]
 [193 384]
 [193 382]
 [192 380]
 [190 379]
 [188 378]
 [186 378]]
Fuhrman 3, [[229 464]
 [227 465]
 [225 466]
 [223 466]
 [222 468]
 [220 470]
 [218 472]
 [217 473]
 [215 474]
 [215 476]
 [214 476]
 [213 478]
 [212 480]
 [212 484]
 [211 489]
 [212 492]
 [212 495]
 [213 497]
 [215 501]
 [216 504]
 [218 507]
 [220 510]
 [222 511]
 [224 513]
 [227 514]
 [228 515]
 [229 517]
 [230 519]
 [232 521]
 [234 521]
 [236 521]
 [237 521]
 [239 520]
 [239 519]
 [240 518]
 [240 518]
 [242 518]
 [243 518]
 [246 518]
 [249 516]
 [251 514]
 [253 512]
 [255 510]
 [257 509]
 [258 507]
 [258 505]
 [258 504]
 [258 503]
 [258 500]
 [258 498]
 [259 496]
 [259 492]
 [259 489]
 [258 488]
 [258 486]
 [258 484]
 [258 483]
 [258 482]
 [257 481]
 [255 481]
 [253 479]
 [252 478]
 [249 475]
 [247 473]
 [246 471]
 [245 471]
 [242 469]
 [241 467]
 [240 466]
 [238 465]
 [237 464]
 [234 464]
 [232 464]
 [230 464]
 [228 464]]
Fuhrman 3, [[400 352]
 [396 354]
 [393 355]
 [390 356]
 [387 358]
 [385 359]
 [384 362]
 [383 363]
 [382 366]
 [381 369]
 [382 372]
 [383 374]
 [384 376]
 [383 378]
 [384 380]
 [385 381]
 [386 382]
 [387 382]
 [390 381]
 [391 381]
 [393 382]
 [395 384]
 [397 385]
 [400 386]
 [403 385]
 [405 386]
 [408 386]
 [410 385]
 [413 385]
 [415 384]
 [418 382]
 [420 380]
 [422 377]
 [423 375]
 [423 372]
 [423 369]
 [422 365]
 [421 362]
 [420 360]
 [419 357]
 [418 356]
 [416 354]
 [414 354]
 [412 354]
 [411 354]
 [409 353]
 [407 352]
 [404 352]
 [400 352]]
Fuhrman 3, [[422 215]
 [419 216]
 [417 217]
 [415 217]
 [413 218]
 [412 220]
 [411 221]
 [410 222]
 [408 224]
 [407 227]
 [407 230]
 [406 233]
 [407 235]
 [407 236]
 [407 238]
 [407 239]
 [407 241]
 [408 243]
 [409 246]
 [411 248]
 [413 250]
 [415 251]
 [418 252]
 [421 253]
 [424 253]
 [426 252]
 [428 251]
 [432 250]
 [434 249]
 [436 248]
 [438 247]
 [438 245]
 [439 243]
 [439 241]
 [439 238]
 [438 235]
 [438 233]
 [438 230]
 [438 228]
 [437 226]
 [437 224]
 [436 222]
 [435 220]
 [434 219]
 [432 218]
 [430 217]
 [428 216]
 [425 216]
 [423 215]
 [421 215]]
Fuhrman 3, [[253 752]
 [253 752]
 [251 751]
 [248 752]
 [246 753]
 [245 754]
 [244 756]
 [244 759]
 [244 762]
 [245 766]
 [247 769]
 [248 772]
 [250 775]
 [251 778]
 [253 781]
 [254 784]
 [254 786]
 [255 787]
 [256 789]
 [257 791]
 [258 793]
 [259 794]
 [260 795]
 [262 797]
 [264 798]
 [265 799]
 [267 799]
 [268 800]
 [270 801]
 [273 801]
 [275 801]
 [278 800]
 [280 799]
 [282 797]
 [284 796]
 [285 795]
 [285 793]
 [285 791]
 [285 789]
 [284 786]
 [283 783]
 [282 780]
 [281 778]
 [280 776]
 [279 774]
 [278 771]
 [276 769]
 [275 767]
 [274 765]
 [272 764]
 [271 762]
 [271 760]
 [270 759]
 [268 758]
 [267 757]
 [264 756]
 [262 754]
 [260 753]
 [257 752]
 [255 752]
 [253 752]]
Fuhrman 3, [[919 100]
 [916 100]
 [915 101]
 [914 101]
 [913 102]
 [912 103]
 [911 104]
 [910 105]
 [909 106]
 [908 107]
 [907 109]
 [906 111]
 [906 114]
 [906 117]
 [907 120]
 [907 123]
 [909 126]
 [910 128]
 [911 129]
 [912 129]
 [913 130]
 [914 132]
 [915 134]
 [917 135]
 [919 136]
 [922 136]
 [923 136]
 [925 136]
 [926 137]
 [928 136]
 [929 136]
 [931 136]
 [932 136]
 [933 136]
 [935 136]
 [936 136]
 [937 135]
 [938 133]
 [939 132]
 [940 130]
 [941 128]
 [942 127]
 [942 125]
 [941 124]
 [940 124]
 [939 123]
 [939 121]
 [939 118]
 [939 117]
 [938 116]
 [936 115]
 [935 115]
 [933 115]
 [933 113]
 [933 110]
 [933 108]
 [932 106]
 [930 103]
 [928 101]
 [925 100]
 [923 100]
 [921 100]
 [919 100]]
Fuhrman 3, [[586 427]
 [584 426]
 [583 425]
 [581 425]
 [580 425]
 [578 425]
 [577 425]
 [576 426]
 [574 427]
 [571 427]
 [569 427]
 [567 427]
 [565 428]
 [563 428]
 [561 430]
 [559 432]
 [559 433]
 [557 434]
 [557 436]
 [557 440]
 [557 443]
 [558 445]
 [558 447]
 [559 449]
 [560 449]
 [562 450]
 [564 451]
 [566 451]
 [569 451]
 [571 451]
 [574 451]
 [576 451]
 [578 451]
 [580 451]
 [581 451]
 [582 452]
 [584 452]
 [585 453]
 [587 454]
 [588 454]
 [590 454]
 [591 454]
 [592 454]
 [592 455]
 [593 456]
 [593 456]
 [593 456]
 [594 456]
 [595 456]
 [597 456]
 [598 455]
 [599 454]
 [599 453]
 [599 452]
 [600 450]
 [600 449]
 [601 447]
 [601 445]
 [601 442]
 [601 440]
 [600 438]
 [599 436]
 [598 432]
 [596 431]
 [594 430]
 [593 429]
 [592 428]
 [590 428]
 [589 427]
 [587 427]
 [586 427]
 [586 427]]
Fuhrman 3, [[785 409]
 [785 408]
 [784 407]
 [782 407]
 [781 407]
 [779 406]
 [777 407]
 [775 408]
 [772 408]
 [770 410]
 [768 411]
 [767 412]
 [766 414]
 [765 417]
 [764 420]
 [764 425]
 [764 428]
 [764 431]
 [764 432]
 [765 434]
 [766 436]
 [768 437]
 [770 438]
 [772 439]
 [773 439]
 [775 440]
 [776 441]
 [778 441]
 [781 441]
 [782 441]
 [784 441]
 [786 441]
 [788 441]
 [790 440]
 [791 439]
 [792 439]
 [793 439]
 [795 439]
 [797 438]
 [798 437]
 [799 436]
 [801 436]
 [803 436]
 [805 435]
 [807 434]
 [809 433]
 [810 431]
 [811 429]
 [811 428]
 [812 426]
 [811 424]
 [810 423]
 [808 422]
 [806 421]
 [804 420]
 [803 419]
 [802 418]
 [800 418]
 [797 416]
 [796 416]
 [795 415]
 [794 414]
 [793 414]
 [792 413]
 [791 413]
 [788 411]
 [787 411]
 [787 410]
 [786 409]
 [786 409]
 [785 409]]
Fuhrman 3, [[972 614]
 [970 613]
 [969 612]
 [967 611]
 [965 611]
 [964 609]
 [963 608]
 [959 608]
 [957 609]
 [955 609]
 [953 609]
 [951 609]
 [949 609]
 [947 608]
 [945 608]
 [944 610]
 [943 612]
 [943 614]
 [943 617]
 [944 620]
 [944 623]
 [944 626]
 [944 629]
 [945 632]
 [946 634]
 [947 635]
 [948 636]
 [949 637]
 [950 639]
 [952 640]
 [954 641]
 [955 641]
 [957 642]
 [959 643]
 [960 644]
 [961 645]
 [962 645]
 [964 645]
 [965 645]
 [967 646]
 [969 645]
 [970 644]
 [972 644]
 [975 644]
 [977 643]
 [979 642]
 [980 641]
 [982 640]
 [984 639]
 [985 637]
 [985 637]
 [986 635]
 [987 634]
 [988 632]
 [987 630]
 [987 629]
 [987 627]
 [986 626]
 [985 624]
 [984 623]
 [983 622]
 [982 622]
 [981 621]
 [980 620]
 [979 619]
 [977 619]
 [977 618]
 [976 616]
 [975 615]
 [973 614]
 [972 614]]
Fuhrman 3, [[912 872]
 [910 872]
 [908 872]
 [907 873]
 [906 873]
 [904 873]
 [903 873]
 [901 874]
 [899 875]
 [897 876]
 [896 878]
 [895 879]
 [894 881]
 [894 882]
 [894 884]
 [894 886]
 [894 888]
 [894 889]
 [895 890]
 [896 890]
 [896 891]
 [896 891]
 [897 892]
 [900 892]
 [903 892]
 [905 892]
 [908 892]
 [910 892]
 [910 893]
 [911 893]
 [912 894]
 [912 894]
 [913 895]
 [914 895]
 [915 896]
 [916 897]
 [917 898]
 [919 899]
 [920 900]
 [921 901]
 [923 901]
 [925 902]
 [927 902]
 [929 901]
 [930 901]
 [931 900]
 [931 899]
 [931 897]
 [931 895]
 [931 893]
 [931 891]
 [932 890]
 [932 889]
 [933 888]
 [933 887]
 [933 885]
 [932 883]
 [932 882]
 [930 880]
 [929 879]
 [926 877]
 [924 876]
 [922 875]
 [918 874]
 [917 873]
 [916 873]
 [914 872]
 [913 872]
 [912 872]]
Fuhrman 3, [[ 806 1015]
 [ 803 1016]
 [ 801 1016]
 [ 798 1018]
 [ 796 1020]
 [ 795 1022]
 [ 794 1024]
 [ 793 1027]
 [ 793 1030]
 [ 793 1033]
 [ 794 1036]
 [ 795 1039]
 [ 796 1040]
 [ 797 1041]
 [ 797 1042]
 [ 798 1044]
 [ 799 1045]
 [ 800 1045]
 [ 800 1047]
 [ 801 1047]
 [ 803 1048]
 [ 805 1049]
 [ 807 1049]
 [ 808 1049]
 [ 810 1050]
 [ 812 1050]
 [ 814 1050]
 [ 816 1050]
 [ 818 1049]
 [ 821 1047]
 [ 822 1046]
 [ 823 1045]
 [ 824 1044]
 [ 824 1042]
 [ 825 1039]
 [ 825 1038]
 [ 826 1037]
 [ 827 1036]
 [ 827 1035]
 [ 826 1034]
 [ 826 1032]
 [ 826 1030]
 [ 826 1028]
 [ 826 1025]
 [ 825 1023]
 [ 824 1021]
 [ 822 1018]
 [ 820 1017]
 [ 817 1015]
 [ 814 1015]
 [ 810 1015]
 [ 807 1015]
 [ 805 1015]]
Fuhrman 3, [[1311 1021]
 [1310 1021]
 [1308 1021]
 [1306 1021]
 [1305 1021]
 [1304 1022]
 [1302 1022]
 [1299 1022]
 [1298 1023]
 [1296 1024]
 [1295 1024]
 [1293 1025]
 [1291 1026]
 [1289 1027]
 [1287 1029]
 [1286 1030]
 [1285 1032]
 [1285 1034]
 [1285 1035]
 [1285 1037]
 [1286 1037]
 [1286 1038]
 [1286 1040]
 [1286 1042]
 [1287 1043]
 [1288 1043]
 [1288 1045]
 [1289 1046]
 [1290 1047]
 [1292 1049]
 [1295 1050]
 [1298 1051]
 [1301 1051]
 [1304 1051]
 [1308 1052]
 [1311 1051]
 [1313 1051]
 [1316 1051]
 [1319 1050]
 [1322 1050]
 [1324 1049]
 [1326 1048]
 [1328 1047]
 [1330 1045]
 [1332 1043]
 [1332 1041]
 [1333 1039]
 [1333 1037]
 [1333 1035]
 [1332 1033]
 [1332 1031]
 [1330 1030]
 [1329 1029]
 [1328 1028]
 [1327 1027]
 [1326 1026]
 [1324 1025]
 [1323 1025]
 [1321 1024]
 [1321 1023]
 [1320 1022]
 [1318 1021]
 [1316 1021]
 [1313 1021]
 [1312 1021]
 [1311 1021]]
Fuhrman 3, [[1497  643]
 [1494  643]
 [1492  643]
 [1490  644]
 [1489  644]
 [1484  643]
 [1481  644]
 [1477  645]
 [1474  647]
 [1473  649]
 [1472  652]
 [1471  654]
 [1471  658]
 [1471  663]
 [1471  667]
 [1470  670]
 [1471  672]
 [1472  673]
 [1472  674]
 [1473  676]
 [1475  678]
 [1477  681]
 [1479  683]
 [1480  685]
 [1482  686]
 [1484  688]
 [1485  690]
 [1486  691]
 [1488  692]
 [1490  692]
 [1492  693]
 [1494  692]
 [1496  692]
 [1497  691]
 [1498  690]
 [1499  690]
 [1502  688]
 [1504  687]
 [1506  685]
 [1508  683]
 [1510  680]
 [1511  678]
 [1512  675]
 [1512  671]
 [1512  668]
 [1512  665]
 [1512  662]
 [1511  660]
 [1510  658]
 [1509  655]
 [1508  653]
 [1506  650]
 [1503  646]
 [1500  644]
 [1498  644]
 [1497  643]]
Fuhrman 3, [[1259  525]
 [1256  526]
 [1254  527]
 [1253  528]
 [1252  529]
 [1250  529]
 [1248  530]
 [1247  532]
 [1244  534]
 [1242  537]
 [1241  540]
 [1240  542]
 [1240  545]
 [1240  548]
 [1240  550]
 [1241  552]
 [1243  554]
 [1245  555]
 [1248  557]
 [1251  558]
 [1253  558]
 [1256  558]
 [1261  558]
 [1263  557]
 [1265  555]
 [1267  553]
 [1268  552]
 [1269  551]
 [1271  550]
 [1272  548]
 [1274  546]
 [1274  544]
 [1275  542]
 [1275  540]
 [1275  537]
 [1275  536]
 [1274  534]
 [1274  534]
 [1273  533]
 [1272  532]
 [1272  530]
 [1272  529]
 [1271  527]
 [1270  526]
 [1268  525]
 [1266  525]
 [1264  525]
 [1262  524]
 [1260  525]
 [1259  525]]
Fuhrman 3, [[1631   57]
 [1630   57]
 [1629   57]
 [1628   57]
 [1627   58]
 [1625   58]
 [1622   59]
 [1619   60]
 [1617   61]
 [1616   62]
 [1614   63]
 [1613   64]
 [1612   66]
 [1611   68]
 [1611   70]
 [1611   73]
 [1611   76]
 [1612   77]
 [1613   78]
 [1614   79]
 [1616   80]
 [1618   80]
 [1621   80]
 [1624   81]
 [1625   80]
 [1627   80]
 [1628   80]
 [1631   80]
 [1632   79]
 [1633   78]
 [1634   78]
 [1636   77]
 [1638   76]
 [1639   75]
 [1641   73]
 [1641   72]
 [1642   70]
 [1643   69]
 [1643   67]
 [1643   65]
 [1643   63]
 [1642   62]
 [1641   60]
 [1640   59]
 [1638   58]
 [1636   57]
 [1633   57]
 [1632   57]
 [1630   57]]
Fuhrman 3, [[1803  377]
 [1800  377]
 [1797  377]
 [1796  378]
 [1793  380]
 [1791  382]
 [1791  383]
 [1791  384]
 [1790  385]
 [1788  384]
 [1786  384]
 [1784  384]
 [1783  385]
 [1782  388]
 [1782  389]
 [1780  389]
 [1779  390]
 [1777  391]
 [1777  393]
 [1777  396]
 [1777  399]
 [1779  401]
 [1781  404]
 [1782  406]
 [1784  408]
 [1786  410]
 [1787  411]
 [1789  412]
 [1791  413]
 [1792  415]
 [1793  416]
 [1795  416]
 [1797  415]
 [1799  416]
 [1800  417]
 [1801  419]
 [1803  419]
 [1806  419]
 [1809  418]
 [1810  417]
 [1812  417]
 [1814  416]
 [1816  416]
 [1817  415]
 [1818  415]
 [1820  414]
 [1823  413]
 [1824  413]
 [1826  411]
 [1827  410]
 [1828  409]
 [1828  408]
 [1829  406]
 [1829  404]
 [1830  402]
 [1830  399]
 [1830  396]
 [1829  392]
 [1829  390]
 [1828  388]
 [1826  386]
 [1825  385]
 [1825  383]
 [1823  381]
 [1821  379]
 [1818  377]
 [1816  376]
 [1814  375]
 [1813  373]
 [1812  372]
 [1810  372]
 [1809  372]
 [1808  374]
 [1807  375]
 [1805  376]
 [1804  377]
 [1803  377]]
Fuhrman 3, [[1872  363]
 [1869  364]
 [1867  365]
 [1863  368]
 [1862  369]
 [1860  371]
 [1859  372]
 [1858  374]
 [1857  375]
 [1855  378]
 [1855  380]
 [1855  382]
 [1855  383]
 [1855  386]
 [1855  388]
 [1855  390]
 [1855  394]
 [1855  397]
 [1855  399]
 [1856  400]
 [1857  399]
 [1859  399]
 [1860  399]
 [1861  399]
 [1862  400]
 [1864  401]
 [1865  403]
 [1867  404]
 [1870  405]
 [1872  405]
 [1874  405]
 [1876  405]
 [1878  404]
 [1879  403]
 [1880  402]
 [1881  401]
 [1882  400]
 [1883  400]
 [1885  399]
 [1887  397]
 [1888  395]
 [1889  393]
 [1890  392]
 [1891  391]
 [1891  388]
 [1891  385]
 [1891  382]
 [1891  381]
 [1890  379]
 [1889  378]
 [1888  378]
 [1887  378]
 [1886  377]
 [1886  375]
 [1886  374]
 [1885  371]
 [1884  369]
 [1882  367]
 [1880  366]
 [1877  364]
 [1876  364]
 [1874  363]
 [1873  363]
 [1871  363]]
Fuhrman 3, [[1078  809]
 [1076  810]
 [1074  810]
 [1072  811]
 [1070  812]
 [1068  815]
 [1066  818]
 [1064  820]
 [1064  822]
 [1063  824]
 [1063  827]
 [1063  830]
 [1064  834]
 [1065  836]
 [1065  837]
 [1066  838]
 [1068  840]
 [1069  843]
 [1070  845]
 [1072  847]
 [1072  848]
 [1073  850]
 [1075  852]
 [1077  853]
 [1079  854]
 [1081  854]
 [1083  854]
 [1085  855]
 [1087  854]
 [1089  854]
 [1091  853]
 [1092  851]
 [1094  850]
 [1095  849]
 [1096  847]
 [1097  845]
 [1097  842]
 [1097  840]
 [1097  837]
 [1097  836]
 [1097  834]
 [1096  833]
 [1096  832]
 [1096  830]
 [1095  829]
 [1095  828]
 [1094  827]
 [1094  825]
 [1094  824]
 [1093  823]
 [1091  821]
 [1091  819]
 [1090  817]
 [1089  815]
 [1088  813]
 [1087  812]
 [1087  811]
 [1085  809]
 [1083  809]
 [1082  808]
 [1080  808]
 [1078  809]]
