Fuhrman 3, [[268 232]
 [266 234]
 [265 236]
 [264 239]
 [263 242]
 [263 245]
 [263 248]
 [264 251]
 [265 253]
 [267 256]
 [268 258]
 [271 260]
 [272 262]
 [273 263]
 [275 264]
 [276 265]
 [279 266]
 [281 267]
 [283 268]
 [285 269]
 [288 270]
 [290 271]
 [293 271]
 [295 271]
 [298 271]
 [301 270]
 [303 269]
 [305 268]
 [308 266]
 [310 263]
 [312 261]
 [312 259]
 [312 255]
 [312 253]
 [312 250]
 [311 248]
 [310 246]
 [308 243]
 [307 241]
 [306 240]
 [304 238]
 [303 235]
 [300 234]
 [298 232]
 [297 231]
 [295 230]
 [292 228]
 [289 228]
 [284 227]
 [281 227]
 [279 227]
 [276 228]
 [273 229]
 [270 230]
 [269 231]
 [268 232]]
Fuhrman 3, [[ 42 374]
 [ 40 375]
 [ 40 376]
 [ 38 376]
 [ 36 377]
 [ 33 378]
 [ 32 380]
 [ 31 380]
 [ 29 381]
 [ 28 382]
 [ 28 383]
 [ 27 383]
 [ 26 383]
 [ 25 383]
 [ 24 383]
 [ 23 384]
 [ 22 385]
 [ 22 386]
 [ 22 387]
 [ 22 390]
 [ 22 391]
 [ 22 392]
 [ 21 393]
 [ 20 393]
 [ 19 394]
 [ 19 395]
 [ 18 396]
 [ 18 397]
 [ 19 398]
 [ 20 399]
 [ 22 400]
 [ 23 401]
 [ 24 401]
 [ 26 401]
 [ 27 401]
 [ 28 402]
 [ 29 403]
 [ 31 404]
 [ 33 404]
 [ 35 405]
 [ 37 406]
 [ 39 407]
 [ 42 407]
 [ 44 407]
 [ 46 408]
 [ 48 407]
 [ 50 407]
 [ 53 406]
 [ 55 404]
 [ 57 403]
 [ 58 402]
 [ 59 400]
 [ 60 399]
 [ 61 397]
 [ 63 395]
 [ 63 393]
 [ 64 391]
 [ 65 388]
 [ 65 385]
 [ 63 382]
 [ 62 381]
 [ 59 379]
 [ 57 377]
 [ 56 376]
 [ 54 376]
 [ 51 375]
 [ 49 374]
 [ 47 374]
 [ 45 374]
 [ 43 374]
 [ 42 375]
 [ 42 375]]
Fuhrman 3, [[239 384]
 [237 385]
 [236 387]
 [235 390]
 [235 392]
 [236 395]
 [237 399]
 [239 401]
 [241 404]
 [244 407]
 [246 409]
 [249 410]
 [252 412]
 [256 413]
 [260 413]
 [262 414]
 [264 415]
 [267 416]
 [269 416]
 [273 416]
 [276 415]
 [278 414]
 [280 412]
 [281 410]
 [283 410]
 [285 410]
 [287 409]
 [289 408]
 [289 404]
 [289 402]
 [290 401]
 [291 401]
 [292 400]
 [292 398]
 [291 397]
 [290 396]
 [289 395]
 [288 393]
 [288 390]
 [287 387]
 [285 386]
 [283 385]
 [282 385]
 [281 384]
 [280 383]
 [277 382]
 [273 380]
 [272 379]
 [270 379]
 [268 378]
 [265 378]
 [264 378]
 [263 378]
 [260 377]
 [256 377]
 [253 377]
 [251 378]
 [248 378]
 [246 379]
 [243 380]
 [242 381]
 [241 382]
 [240 383]
 [239 384]]
Fuhrman 3, [[553 434]
 [551 436]
 [550 438]
 [549 440]
 [548 441]
 [547 441]
 [547 442]
 [546 444]
 [546 445]
 [545 447]
 [544 450]
 [543 452]
 [543 455]
 [543 458]
 [544 460]
 [545 463]
 [546 464]
 [548 465]
 [550 465]
 [553 465]
 [556 465]
 [558 464]
 [561 463]
 [563 462]
 [564 461]
 [565 459]
 [566 458]
 [567 456]
 [568 453]
 [568 450]
 [568 446]
 [568 443]
 [567 440]
 [566 438]
 [565 435]
 [564 434]
 [562 433]
 [561 432]
 [558 432]
 [556 432]
 [554 433]
 [554 433]
 [553 434]]
Fuhrman 3, [[908 235]
 [906 237]
 [903 240]
 [901 242]
 [900 245]
 [899 247]
 [899 250]
 [899 252]
 [899 255]
 [899 257]
 [900 260]
 [901 262]
 [902 264]
 [904 266]
 [906 267]
 [907 269]
 [909 269]
 [911 270]
 [912 271]
 [912 271]
 [912 272]
 [913 273]
 [914 273]
 [914 274]
 [915 275]
 [917 275]
 [920 275]
 [923 275]
 [926 275]
 [928 275]
 [930 274]
 [932 273]
 [935 272]
 [937 270]
 [939 268]
 [941 266]
 [943 265]
 [943 264]
 [944 261]
 [946 259]
 [947 256]
 [947 252]
 [947 249]
 [946 247]
 [944 244]
 [943 242]
 [942 241]
 [941 240]
 [940 239]
 [939 236]
 [937 235]
 [935 234]
 [933 233]
 [931 232]
 [929 232]
 [926 231]
 [922 231]
 [920 231]
 [918 231]
 [916 231]
 [915 231]
 [913 231]
 [912 232]
 [911 233]
 [910 234]
 [908 235]]
Fuhrman 3, [[960 364]
 [959 364]
 [957 365]
 [957 366]
 [956 367]
 [956 368]
 [954 368]
 [951 368]
 [949 368]
 [947 369]
 [945 369]
 [944 370]
 [943 372]
 [942 373]
 [941 376]
 [941 378]
 [941 380]
 [942 382]
 [942 383]
 [944 385]
 [946 385]
 [946 386]
 [947 387]
 [948 387]
 [949 387]
 [950 387]
 [951 387]
 [952 388]
 [953 389]
 [955 390]
 [957 391]
 [960 391]
 [962 391]
 [965 391]
 [968 390]
 [970 389]
 [972 388]
 [974 387]
 [975 385]
 [976 384]
 [977 382]
 [977 380]
 [977 377]
 [977 375]
 [976 373]
 [975 371]
 [974 369]
 [973 367]
 [971 366]
 [969 365]
 [969 364]
 [967 363]
 [965 363]
 [964 363]
 [962 363]
 [961 363]
 [960 364]]
Fuhrman 3, [[455 936]
 [454 934]
 [454 932]
 [453 932]
 [452 931]
 [450 930]
 [449 930]
 [448 929]
 [447 927]
 [445 927]
 [443 926]
 [441 927]
 [438 927]
 [436 928]
 [434 929]
 [433 931]
 [432 933]
 [431 935]
 [431 937]
 [431 940]
 [431 943]
 [432 946]
 [433 947]
 [433 948]
 [432 949]
 [431 950]
 [430 952]
 [429 955]
 [429 957]
 [429 959]
 [429 960]
 [428 961]
 [428 963]
 [428 965]
 [429 967]
 [429 968]
 [430 969]
 [432 970]
 [434 971]
 [436 972]
 [439 972]
 [442 972]
 [445 972]
 [447 972]
 [450 971]
 [451 970]
 [453 969]
 [454 968]
 [455 966]
 [457 964]
 [458 962]
 [460 960]
 [461 957]
 [462 954]
 [462 953]
 [462 950]
 [462 948]
 [462 945]
 [461 944]
 [460 943]
 [460 942]
 [459 941]
 [458 940]
 [457 939]
 [457 938]
 [456 937]
 [455 936]
 [455 935]]
Fuhrman 3, [[865 858]
 [863 859]
 [861 859]
 [859 861]
 [858 862]
 [855 864]
 [854 864]
 [853 864]
 [853 865]
 [852 865]
 [852 866]
 [851 867]
 [851 869]
 [852 870]
 [852 871]
 [851 872]
 [851 873]
 [851 875]
 [851 877]
 [851 880]
 [852 881]
 [854 883]
 [855 885]
 [857 887]
 [859 888]
 [860 889]
 [862 891]
 [863 892]
 [864 893]
 [867 893]
 [870 894]
 [873 894]
 [875 893]
 [878 893]
 [879 892]
 [881 890]
 [882 888]
 [882 887]
 [884 886]
 [887 885]
 [889 883]
 [889 883]
 [889 881]
 [889 880]
 [888 878]
 [888 876]
 [888 875]
 [889 873]
 [889 870]
 [888 868]
 [887 866]
 [885 864]
 [883 863]
 [882 862]
 [881 861]
 [880 859]
 [879 858]
 [877 858]
 [876 858]
 [874 858]
 [874 857]
 [872 857]
 [870 857]
 [868 857]
 [867 858]
 [865 858]]
Fuhrman 3, [[963 779]
 [960 779]
 [958 780]
 [956 781]
 [955 781]
 [953 781]
 [952 782]
 [951 784]
 [950 784]
 [948 784]
 [948 785]
 [947 787]
 [947 788]
 [947 791]
 [946 792]
 [946 794]
 [945 797]
 [944 800]
 [944 802]
 [943 806]
 [943 810]
 [943 813]
 [943 816]
 [943 817]
 [943 818]
 [944 818]
 [945 818]
 [948 818]
 [950 818]
 [953 818]
 [956 817]
 [959 816]
 [961 814]
 [963 814]
 [965 813]
 [965 813]
 [966 811]
 [968 811]
 [971 810]
 [974 809]
 [978 806]
 [979 805]
 [981 803]
 [982 801]
 [983 798]
 [983 796]
 [984 795]
 [984 794]
 [984 793]
 [983 792]
 [982 790]
 [982 788]
 [981 787]
 [981 785]
 [981 785]
 [980 784]
 [978 784]
 [976 783]
 [974 783]
 [972 782]
 [970 783]
 [969 782]
 [968 782]
 [967 780]
 [966 779]
 [965 779]
 [964 778]
 [964 778]
 [963 779]]
Fuhrman 3, [[841 968]
 [840 968]
 [840 968]
 [839 969]
 [838 970]
 [838 970]
 [837 971]
 [837 972]
 [836 973]
 [836 974]
 [835 976]
 [835 977]
 [834 978]
 [834 978]
 [833 980]
 [833 982]
 [833 984]
 [834 987]
 [836 990]
 [838 992]
 [840 993]
 [842 993]
 [845 994]
 [848 994]
 [851 994]
 [852 994]
 [854 993]
 [856 992]
 [858 991]
 [859 989]
 [861 987]
 [863 985]
 [864 983]
 [865 981]
 [865 979]
 [865 975]
 [865 972]
 [864 971]
 [863 970]
 [862 969]
 [861 968]
 [859 968]
 [858 967]
 [857 967]
 [856 966]
 [854 965]
 [852 965]
 [850 965]
 [847 965]
 [845 965]
 [843 966]
 [842 967]
 [841 968]]
Fuhrman 3, [[ 995  941]
 [ 992  943]
 [ 990  945]
 [ 988  948]
 [ 987  950]
 [ 986  951]
 [ 986  951]
 [ 985  953]
 [ 985  955]
 [ 985  957]
 [ 986  958]
 [ 987  959]
 [ 987  960]
 [ 988  961]
 [ 988  963]
 [ 988  965]
 [ 988  966]
 [ 989  968]
 [ 990  969]
 [ 991  971]
 [ 991  972]
 [ 992  973]
 [ 993  974]
 [ 995  974]
 [ 996  974]
 [ 998  974]
 [1001  973]
 [1005  972]
 [1008  971]
 [1012  970]
 [1015  969]
 [1017  969]
 [1019  968]
 [1020  967]
 [1020  966]
 [1021  964]
 [1020  960]
 [1020  958]
 [1019  956]
 [1019  954]
 [1019  952]
 [1019  949]
 [1018  946]
 [1017  944]
 [1015  942]
 [1013  940]
 [1011  939]
 [1008  938]
 [1005  937]
 [1003  938]
 [1001  938]
 [ 998  939]
 [ 996  940]
 [ 995  941]]
Fuhrman 3, [[1343  109]
 [1342  111]
 [1341  112]
 [1340  113]
 [1339  114]
 [1338  117]
 [1338  121]
 [1338  124]
 [1337  128]
 [1338  132]
 [1338  135]
 [1339  139]
 [1340  143]
 [1342  145]
 [1343  147]
 [1344  149]
 [1346  150]
 [1349  152]
 [1350  153]
 [1352  153]
 [1355  153]
 [1358  152]
 [1361  150]
 [1364  148]
 [1365  147]
 [1366  145]
 [1367  144]
 [1368  143]
 [1370  142]
 [1372  140]
 [1373  138]
 [1374  135]
 [1375  132]
 [1375  130]
 [1374  127]
 [1373  124]
 [1373  122]
 [1372  120]
 [1371  118]
 [1369  115]
 [1367  112]
 [1364  110]
 [1363  108]
 [1361  106]
 [1357  105]
 [1354  104]
 [1351  104]
 [1349  105]
 [1346  106]
 [1345  108]
 [1343  109]]
Fuhrman 3, [[1506   51]
 [1504   51]
 [1503   53]
 [1502   54]
 [1500   54]
 [1497   54]
 [1494   54]
 [1490   55]
 [1489   54]
 [1487   54]
 [1485   54]
 [1483   55]
 [1481   57]
 [1481   60]
 [1480   63]
 [1480   66]
 [1480   67]
 [1481   68]
 [1481   70]
 [1480   72]
 [1481   74]
 [1481   75]
 [1482   76]
 [1484   76]
 [1486   76]
 [1487   76]
 [1488   77]
 [1489   78]
 [1490   79]
 [1490   81]
 [1490   83]
 [1491   86]
 [1492   87]
 [1493   87]
 [1496   87]
 [1498   87]
 [1500   87]
 [1502   86]
 [1503   85]
 [1504   84]
 [1506   84]
 [1508   83]
 [1509   82]
 [1510   81]
 [1511   79]
 [1513   78]
 [1514   77]
 [1515   76]
 [1517   75]
 [1519   74]
 [1521   72]
 [1523   70]
 [1524   68]
 [1524   66]
 [1524   63]
 [1523   60]
 [1523   57]
 [1521   55]
 [1521   54]
 [1520   52]
 [1518   51]
 [1517   50]
 [1514   50]
 [1511   50]
 [1510   50]
 [1508   51]
 [1506   51]]
Fuhrman 3, [[1567  185]
 [1566  185]
 [1564  186]
 [1562  187]
 [1561  188]
 [1560  190]
 [1558  192]
 [1557  195]
 [1555  196]
 [1555  198]
 [1554  198]
 [1553  199]
 [1552  199]
 [1552  201]
 [1551  202]
 [1550  205]
 [1549  207]
 [1549  209]
 [1548  212]
 [1549  214]
 [1550  216]
 [1551  218]
 [1552  219]
 [1554  220]
 [1556  221]
 [1558  222]
 [1559  222]
 [1562  223]
 [1565  222]
 [1567  222]
 [1570  221]
 [1574  219]
 [1577  218]
 [1578  218]
 [1579  217]
 [1581  217]
 [1583  216]
 [1585  214]
 [1587  213]
 [1590  209]
 [1592  206]
 [1593  202]
 [1593  198]
 [1593  195]
 [1592  193]
 [1593  192]
 [1593  190]
 [1592  189]
 [1591  188]
 [1591  186]
 [1588  184]
 [1586  183]
 [1583  182]
 [1580  181]
 [1577  181]
 [1574  182]
 [1571  182]
 [1569  183]
 [1568  184]
 [1567  185]]
Fuhrman 3, [[1860  182]
 [1862  178]
 [1862  176]
 [1862  173]
 [1860  170]
 [1856  167]
 [1854  166]
 [1851  165]
 [1848  164]
 [1844  164]
 [1841  164]
 [1840  164]
 [1837  164]
 [1835  165]
 [1833  165]
 [1832  166]
 [1831  168]
 [1830  169]
 [1828  170]
 [1827  172]
 [1827  173]
 [1827  175]
 [1826  178]
 [1826  180]
 [1826  182]
 [1827  184]
 [1828  185]
 [1829  185]
 [1830  185]
 [1830  187]
 [1830  189]
 [1831  191]
 [1833  193]
 [1835  194]
 [1837  195]
 [1841  195]
 [1845  196]
 [1848  196]
 [1849  196]
 [1850  196]
 [1852  195]
 [1854  194]
 [1856  192]
 [1857  191]
 [1857  189]
 [1857  187]
 [1857  185]
 [1858  185]
 [1859  185]
 [1860  184]
 [1860  183]
 [1861  182]]
Fuhrman 3, [[1869  177]
 [1867  178]
 [1865  179]
 [1864  180]
 [1862  183]
 [1861  184]
 [1860  186]
 [1859  187]
 [1859  188]
 [1858  189]
 [1858  191]
 [1858  193]
 [1858  195]
 [1858  197]
 [1858  199]
 [1859  200]
 [1860  201]
 [1861  202]
 [1862  203]
 [1866  204]
 [1869  205]
 [1872  206]
 [1874  206]
 [1877  206]
 [1880  206]
 [1882  205]
 [1885  205]
 [1888  204]
 [1891  203]
 [1894  203]
 [1897  202]
 [1900  201]
 [1902  200]
 [1905  198]
 [1908  196]
 [1909  194]
 [1911  192]
 [1912  189]
 [1911  187]
 [1910  184]
 [1909  181]
 [1907  179]
 [1905  178]
 [1904  176]
 [1903  175]
 [1902  174]
 [1899  174]
 [1897  174]
 [1895  173]
 [1893  172]
 [1890  171]
 [1887  171]
 [1884  171]
 [1881  172]
 [1879  172]
 [1875  173]
 [1872  175]
 [1871  176]
 [1869  177]]
Fuhrman 3, [[1526  560]
 [1524  563]
 [1523  563]
 [1522  565]
 [1521  568]
 [1520  570]
 [1519  573]
 [1519  575]
 [1520  577]
 [1520  579]
 [1519  580]
 [1518  582]
 [1518  584]
 [1518  586]
 [1519  589]
 [1520  591]
 [1521  592]
 [1522  592]
 [1524  593]
 [1527  593]
 [1528  593]
 [1529  594]
 [1530  595]
 [1533  595]
 [1534  595]
 [1537  595]
 [1540  594]
 [1542  593]
 [1545  591]
 [1547  590]
 [1549  589]
 [1549  589]
 [1550  587]
 [1552  585]
 [1554  583]
 [1556  580]
 [1557  577]
 [1558  573]
 [1559  570]
 [1559  566]
 [1558  563]
 [1557  559]
 [1555  556]
 [1554  554]
 [1552  552]
 [1551  551]
 [1550  550]
 [1548  549]
 [1545  549]
 [1542  549]
 [1540  550]
 [1538  550]
 [1535  552]
 [1533  553]
 [1530  554]
 [1529  556]
 [1528  557]
 [1528  558]
 [1528  559]
 [1527  559]
 [1527  560]
 [1526  560]]
Fuhrman 3, [[1783  635]
 [1780  637]
 [1779  638]
 [1778  638]
 [1777  639]
 [1775  641]
 [1774  643]
 [1774  645]
 [1774  647]
 [1774  648]
 [1776  650]
 [1777  651]
 [1779  652]
 [1781  653]
 [1783  654]
 [1784  655]
 [1784  656]
 [1785  656]
 [1787  657]
 [1788  657]
 [1789  657]
 [1791  658]
 [1794  658]
 [1796  657]
 [1798  657]
 [1801  657]
 [1804  657]
 [1808  657]
 [1812  655]
 [1814  654]
 [1817  652]
 [1819  650]
 [1820  648]
 [1820  646]
 [1820  645]
 [1821  644]
 [1822  641]
 [1821  639]
 [1820  637]
 [1819  636]
 [1818  636]
 [1817  635]
 [1816  633]
 [1815  632]
 [1813  631]
 [1810  630]
 [1807  629]
 [1804  629]
 [1802  629]
 [1799  629]
 [1796  630]
 [1794  630]
 [1791  631]
 [1788  632]
 [1786  633]
 [1784  634]
 [1783  635]]
Fuhrman 3, [[1147  758]
 [1146  759]
 [1145  760]
 [1144  761]
 [1143  763]
 [1142  763]
 [1140  764]
 [1138  766]
 [1135  768]
 [1134  770]
 [1133  772]
 [1132  773]
 [1131  775]
 [1131  777]
 [1131  779]
 [1132  781]
 [1134  784]
 [1136  786]
 [1138  787]
 [1139  787]
 [1142  788]
 [1144  788]
 [1147  788]
 [1150  788]
 [1152  788]
 [1155  787]
 [1158  787]
 [1159  786]
 [1161  784]
 [1162  782]
 [1164  780]
 [1166  778]
 [1168  776]
 [1170  774]
 [1171  772]
 [1171  771]
 [1173  769]
 [1174  767]
 [1175  765]
 [1174  763]
 [1172  760]
 [1170  759]
 [1169  758]
 [1168  757]
 [1167  754]
 [1165  753]
 [1163  752]
 [1160  752]
 [1158  753]
 [1156  752]
 [1153  753]
 [1152  753]
 [1150  753]
 [1149  753]
 [1147  754]
 [1147  755]
 [1148  756]
 [1148  757]
 [1148  758]
 [1148  758]
 [1147  758]]
Fuhrman 3, [[1375  943]
 [1373  944]
 [1371  944]
 [1370  945]
 [1369  946]
 [1367  948]
 [1366  949]
 [1364  952]
 [1363  954]
 [1362  956]
 [1362  958]
 [1362  960]
 [1362  963]
 [1363  965]
 [1364  967]
 [1365  968]
 [1367  969]
 [1368  971]
 [1370  972]
 [1372  973]
 [1374  974]
 [1377  975]
 [1380  975]
 [1383  975]
 [1386  974]
 [1389  974]
 [1391  972]
 [1393  971]
 [1394  969]
 [1398  967]
 [1402  964]
 [1405  962]
 [1408  960]
 [1410  959]
 [1411  957]
 [1412  955]
 [1412  952]
 [1412  949]
 [1412  946]
 [1410  944]
 [1408  941]
 [1406  939]
 [1403  938]
 [1400  937]
 [1397  937]
 [1394  936]
 [1392  936]
 [1388  937]
 [1385  938]
 [1382  939]
 [1379  941]
 [1377  942]
 [1376  943]
 [1375  943]]
