Fuhrman 3, [[ 33 304]
 [ 33 308]
 [ 33 312]
 [ 33 313]
 [ 33 315]
 [ 33 317]
 [ 33 318]
 [ 34 318]
 [ 36 319]
 [ 37 319]
 [ 38 321]
 [ 39 321]
 [ 40 321]
 [ 41 321]
 [ 44 321]
 [ 46 321]
 [ 47 321]
 [ 49 321]
 [ 50 322]
 [ 52 322]
 [ 53 320]
 [ 55 319]
 [ 57 319]
 [ 60 317]
 [ 62 315]
 [ 64 313]
 [ 65 312]
 [ 66 309]
 [ 66 306]
 [ 67 304]
 [ 67 301]
 [ 66 298]
 [ 65 295]
 [ 63 293]
 [ 60 290]
 [ 58 289]
 [ 55 288]
 [ 53 288]
 [ 48 289]
 [ 46 289]
 [ 43 289]
 [ 41 291]
 [ 40 292]
 [ 40 292]
 [ 38 294]
 [ 36 296]
 [ 35 298]
 [ 34 299]
 [ 34 301]
 [ 33 303]
 [ 33 304]]
Fuhrman 3, [[195 273]
 [198 272]
 [201 270]
 [203 267]
 [205 265]
 [205 260]
 [205 259]
 [205 255]
 [203 252]
 [201 249]
 [198 248]
 [194 246]
 [190 246]
 [186 246]
 [183 248]
 [180 249]
 [177 252]
 [175 254]
 [173 258]
 [173 262]
 [173 265]
 [173 268]
 [174 273]
 [176 276]
 [177 277]
 [179 278]
 [181 278]
 [185 278]
 [187 277]
 [189 276]
 [191 276]
 [193 276]
 [194 275]
 [195 273]]
Fuhrman 3, [[214  78]
 [211  79]
 [210  80]
 [209  81]
 [208  83]
 [207  85]
 [207  88]
 [208  92]
 [209  96]
 [209  98]
 [208 100]
 [208 102]
 [208 104]
 [209 106]
 [210 107]
 [211 108]
 [212 108]
 [213 108]
 [214 110]
 [216 113]
 [218 116]
 [221 118]
 [223 120]
 [226 121]
 [229 122]
 [231 122]
 [233 122]
 [236 122]
 [239 121]
 [241 120]
 [243 118]
 [243 115]
 [244 114]
 [245 112]
 [245 108]
 [246 105]
 [246 103]
 [245  99]
 [244  96]
 [242  93]
 [241  90]
 [239  87]
 [237  85]
 [235  82]
 [233  79]
 [230  77]
 [228  75]
 [225  75]
 [222  75]
 [219  75]
 [217  76]
 [215  77]
 [214  78]]
Fuhrman 3, [[351 425]
 [349 425]
 [346 425]
 [343 425]
 [340 425]
 [338 427]
 [336 429]
 [335 433]
 [333 437]
 [332 442]
 [331 445]
 [331 449]
 [332 456]
 [332 460]
 [334 464]
 [336 468]
 [338 472]
 [341 474]
 [343 476]
 [345 477]
 [348 477]
 [352 476]
 [355 475]
 [357 473]
 [359 470]
 [360 467]
 [360 465]
 [361 462]
 [360 459]
 [358 456]
 [357 454]
 [356 452]
 [355 449]
 [354 446]
 [354 442]
 [354 437]
 [353 434]
 [353 430]
 [354 428]
 [354 427]
 [354 426]
 [353 425]
 [352 425]
 [351 425]]
Fuhrman 3, [[366 816]
 [364 817]
 [363 816]
 [360 816]
 [357 817]
 [354 818]
 [351 819]
 [349 821]
 [347 823]
 [346 824]
 [346 826]
 [345 828]
 [346 830]
 [347 832]
 [349 833]
 [351 833]
 [354 834]
 [356 834]
 [357 835]
 [358 837]
 [359 838]
 [361 838]
 [363 839]
 [368 839]
 [373 838]
 [377 838]
 [380 836]
 [382 835]
 [384 833]
 [386 831]
 [387 829]
 [387 827]
 [387 825]
 [386 823]
 [385 821]
 [382 819]
 [380 818]
 [375 817]
 [372 816]
 [369 816]
 [366 816]]
Fuhrman 3, [[505 955]
 [503 956]
 [502 957]
 [501 958]
 [501 959]
 [500 960]
 [499 962]
 [496 963]
 [494 965]
 [492 967]
 [490 968]
 [490 969]
 [490 971]
 [490 973]
 [491 974]
 [492 976]
 [494 977]
 [495 977]
 [495 979]
 [496 981]
 [498 982]
 [501 983]
 [504 983]
 [507 983]
 [510 983]
 [512 982]
 [513 982]
 [514 981]
 [516 980]
 [518 979]
 [520 979]
 [522 978]
 [524 977]
 [525 976]
 [527 975]
 [528 973]
 [529 971]
 [529 968]
 [529 966]
 [528 965]
 [527 964]
 [527 962]
 [526 961]
 [525 959]
 [523 958]
 [521 958]
 [520 957]
 [519 955]
 [517 954]
 [514 953]
 [513 952]
 [510 952]
 [508 952]
 [506 953]
 [505 954]
 [505 955]]
Fuhrman 3, [[920 478]
 [917 477]
 [913 476]
 [909 478]
 [904 480]
 [900 482]
 [897 484]
 [895 487]
 [894 489]
 [893 491]
 [893 495]
 [893 497]
 [894 501]
 [895 503]
 [897 505]
 [900 506]
 [902 507]
 [904 509]
 [906 510]
 [908 511]
 [911 512]
 [915 511]
 [919 511]
 [923 511]
 [926 509]
 [928 507]
 [931 504]
 [934 502]
 [935 500]
 [936 498]
 [936 496]
 [936 493]
 [936 489]
 [934 486]
 [932 483]
 [929 482]
 [928 480]
 [925 479]
 [924 479]
 [921 478]
 [920 478]]
Fuhrman 3, [[575 258]
 [570 255]
 [566 253]
 [559 251]
 [555 251]
 [551 250]
 [547 250]
 [545 251]
 [543 252]
 [542 253]
 [541 256]
 [541 259]
 [543 262]
 [544 266]
 [547 269]
 [550 272]
 [553 274]
 [556 275]
 [560 276]
 [564 277]
 [569 278]
 [574 278]
 [579 279]
 [582 278]
 [584 277]
 [587 276]
 [588 275]
 [588 274]
 [588 272]
 [588 270]
 [586 268]
 [585 266]
 [584 264]
 [581 262]
 [580 260]
 [579 259]
 [577 259]
 [575 259]
 [575 258]]
Fuhrman 3, [[682 221]
 [679 222]
 [678 222]
 [676 223]
 [675 223]
 [673 225]
 [672 229]
 [672 233]
 [672 236]
 [673 239]
 [674 240]
 [675 241]
 [676 242]
 [677 243]
 [678 244]
 [680 245]
 [682 245]
 [684 246]
 [688 246]
 [691 245]
 [694 245]
 [696 244]
 [697 243]
 [699 244]
 [701 244]
 [704 244]
 [706 243]
 [707 242]
 [709 239]
 [710 237]
 [711 235]
 [711 233]
 [712 231]
 [711 229]
 [710 228]
 [707 225]
 [704 223]
 [701 221]
 [697 220]
 [694 219]
 [692 219]
 [691 218]
 [690 217]
 [688 217]
 [687 217]
 [686 218]
 [685 219]
 [684 220]
 [682 221]]
Fuhrman 3, [[758 536]
 [755 537]
 [753 538]
 [751 540]
 [748 542]
 [746 545]
 [745 547]
 [745 549]
 [745 552]
 [745 554]
 [744 556]
 [744 561]
 [744 563]
 [745 566]
 [746 568]
 [747 569]
 [747 570]
 [748 573]
 [750 575]
 [752 576]
 [754 578]
 [756 579]
 [760 580]
 [762 581]
 [764 581]
 [768 581]
 [773 580]
 [776 580]
 [780 579]
 [783 578]
 [786 576]
 [789 575]
 [791 574]
 [791 572]
 [793 568]
 [793 567]
 [794 566]
 [795 565]
 [795 563]
 [796 560]
 [797 558]
 [798 555]
 [798 552]
 [796 549]
 [795 547]
 [793 546]
 [791 544]
 [788 542]
 [785 540]
 [782 540]
 [778 540]
 [775 540]
 [772 540]
 [770 540]
 [769 540]
 [768 540]
 [766 539]
 [764 537]
 [762 537]
 [759 536]
 [758 537]]
Fuhrman 3, [[1208   30]
 [1206   31]
 [1204   31]
 [1203   32]
 [1202   34]
 [1202   37]
 [1202   39]
 [1202   42]
 [1203   45]
 [1204   47]
 [1206   49]
 [1207   50]
 [1208   51]
 [1209   53]
 [1209   55]
 [1210   55]
 [1211   56]
 [1213   56]
 [1214   56]
 [1216   56]
 [1218   58]
 [1221   58]
 [1223   58]
 [1226   57]
 [1229   56]
 [1232   54]
 [1234   53]
 [1235   51]
 [1236   50]
 [1236   48]
 [1236   45]
 [1236   42]
 [1235   40]
 [1234   37]
 [1232   35]
 [1230   33]
 [1229   32]
 [1226   31]
 [1223   29]
 [1221   28]
 [1218   28]
 [1214   28]
 [1211   28]
 [1209   29]
 [1208   30]]
Fuhrman 3, [[1093  102]
 [1090  101]
 [1088   99]
 [1085   98]
 [1083   97]
 [1081   96]
 [1079   96]
 [1077   96]
 [1074   97]
 [1072   99]
 [1070  101]
 [1069  102]
 [1068  104]
 [1068  107]
 [1069  110]
 [1071  112]
 [1072  113]
 [1073  113]
 [1072  114]
 [1072  116]
 [1072  118]
 [1073  120]
 [1075  121]
 [1076  122]
 [1078  123]
 [1080  124]
 [1082  125]
 [1083  125]
 [1084  124]
 [1085  123]
 [1086  120]
 [1087  120]
 [1088  121]
 [1090  122]
 [1092  123]
 [1094  124]
 [1096  124]
 [1099  123]
 [1101  121]
 [1102  120]
 [1103  118]
 [1103  117]
 [1103  114]
 [1103  112]
 [1102  110]
 [1102  109]
 [1101  108]
 [1099  107]
 [1098  106]
 [1097  106]
 [1096  105]
 [1095  104]
 [1094  104]
 [1093  103]
 [1092  102]]
Fuhrman 3, [[1722  189]
 [1720  191]
 [1719  192]
 [1718  194]
 [1717  197]
 [1716  200]
 [1715  203]
 [1715  206]
 [1715  208]
 [1716  209]
 [1718  210]
 [1719  211]
 [1722  213]
 [1724  214]
 [1725  215]
 [1728  215]
 [1731  215]
 [1734  215]
 [1736  215]
 [1738  214]
 [1741  212]
 [1744  209]
 [1746  207]
 [1749  205]
 [1751  202]
 [1752  200]
 [1753  197]
 [1753  195]
 [1753  192]
 [1752  190]
 [1748  187]
 [1745  186]
 [1741  185]
 [1737  185]
 [1731  185]
 [1727  186]
 [1724  188]
 [1722  189]]
Fuhrman 3, [[1894  314]
 [1890  314]
 [1888  314]
 [1886  314]
 [1885  315]
 [1884  315]
 [1883  315]
 [1881  316]
 [1879  317]
 [1878  318]
 [1877  320]
 [1877  321]
 [1877  322]
 [1878  323]
 [1879  324]
 [1881  325]
 [1881  325]
 [1881  327]
 [1880  327]
 [1880  328]
 [1879  328]
 [1878  328]
 [1877  329]
 [1876  331]
 [1877  334]
 [1878  336]
 [1879  337]
 [1880  338]
 [1882  340]
 [1883  341]
 [1884  342]
 [1886  344]
 [1886  345]
 [1887  345]
 [1889  346]
 [1892  346]
 [1893  346]
 [1895  346]
 [1897  346]
 [1899  346]
 [1901  345]
 [1903  343]
 [1903  342]
 [1904  341]
 [1904  340]
 [1904  338]
 [1905  336]
 [1906  334]
 [1907  332]
 [1909  331]
 [1910  330]
 [1910  329]
 [1910  327]
 [1910  325]
 [1910  323]
 [1909  321]
 [1908  319]
 [1907  318]
 [1905  316]
 [1904  315]
 [1902  315]
 [1901  314]
 [1899  314]
 [1898  314]
 [1898  313]
 [1896  313]
 [1895  313]
 [1894  313]
 [1893  314]]
Fuhrman 3, [[1536  770]
 [1532  773]
 [1529  775]
 [1527  778]
 [1524  781]
 [1523  784]
 [1523  787]
 [1521  791]
 [1521  792]
 [1520  792]
 [1520  795]
 [1520  798]
 [1522  801]
 [1523  804]
 [1526  805]
 [1528  806]
 [1531  805]
 [1535  804]
 [1539  803]
 [1542  801]
 [1545  798]
 [1547  795]
 [1549  791]
 [1550  788]
 [1553  784]
 [1554  781]
 [1555  779]
 [1555  776]
 [1554  773]
 [1553  770]
 [1553  767]
 [1552  765]
 [1550  764]
 [1548  764]
 [1546  764]
 [1543  764]
 [1541  766]
 [1540  767]
 [1539  768]
 [1538  769]
 [1536  770]]
Fuhrman 3, [[1290  887]
 [1287  888]
 [1285  889]
 [1284  890]
 [1282  892]
 [1281  894]
 [1280  896]
 [1280  898]
 [1281  900]
 [1281  902]
 [1283  904]
 [1285  906]
 [1288  908]
 [1291  909]
 [1295  910]
 [1298  911]
 [1300  911]
 [1302  910]
 [1307  909]
 [1310  907]
 [1312  906]
 [1313  904]
 [1315  903]
 [1316  901]
 [1317  900]
 [1317  897]
 [1317  895]
 [1316  893]
 [1315  892]
 [1314  890]
 [1312  889]
 [1310  887]
 [1307  886]
 [1305  886]
 [1303  886]
 [1301  885]
 [1300  885]
 [1297  885]
 [1294  885]
 [1292  886]
 [1290  887]]
Fuhrman 3, [[1294  926]
 [1290  926]
 [1287  926]
 [1285  928]
 [1283  930]
 [1282  933]
 [1281  936]
 [1281  940]
 [1282  943]
 [1283  945]
 [1286  946]
 [1289  948]
 [1292  950]
 [1294  951]
 [1297  953]
 [1298  953]
 [1300  954]
 [1303  955]
 [1304  955]
 [1307  955]
 [1309  955]
 [1312  955]
 [1316  955]
 [1321  954]
 [1324  954]
 [1327  954]
 [1328  952]
 [1330  951]
 [1331  950]
 [1332  948]
 [1331  945]
 [1329  942]
 [1327  939]
 [1324  936]
 [1321  935]
 [1318  934]
 [1317  931]
 [1315  930]
 [1311  929]
 [1308  929]
 [1305  928]
 [1304  926]
 [1301  925]
 [1298  925]
 [1296  926]
 [1294  926]]
Fuhrman 3, [[  35 1030]
 [  33 1031]
 [  33 1033]
 [  32 1036]
 [  33 1038]
 [  33 1041]
 [  34 1043]
 [  36 1045]
 [  38 1047]
 [  40 1050]
 [  42 1051]
 [  45 1052]
 [  47 1053]
 [  49 1053]
 [  52 1052]
 [  54 1051]
 [  57 1049]
 [  59 1047]
 [  60 1044]
 [  60 1041]
 [  61 1039]
 [  61 1037]
 [  60 1035]
 [  59 1034]
 [  57 1032]
 [  56 1031]
 [  54 1029]
 [  53 1027]
 [  53 1025]
 [  51 1024]
 [  49 1024]
 [  48 1023]
 [  45 1023]
 [  43 1024]
 [  41 1024]
 [  38 1026]
 [  36 1027]
 [  35 1029]
 [  35 1030]]
Fuhrman 3, [[1777  872]
 [1773  872]
 [1771  871]
 [1769  871]
 [1766  870]
 [1763  871]
 [1759  872]
 [1758  872]
 [1757  873]
 [1756  874]
 [1755  876]
 [1755  879]
 [1755  882]
 [1756  884]
 [1758  887]
 [1760  889]
 [1762  891]
 [1764  893]
 [1767  895]
 [1769  896]
 [1771  897]
 [1775  899]
 [1779  899]
 [1783  900]
 [1788  900]
 [1791  900]
 [1794  899]
 [1796  899]
 [1798  897]
 [1800  896]
 [1801  893]
 [1802  890]
 [1803  888]
 [1803  885]
 [1803  883]
 [1801  881]
 [1799  879]
 [1799  877]
 [1797  875]
 [1795  874]
 [1794  872]
 [1792  872]
 [1790  872]
 [1789  872]
 [1788  873]
 [1786  873]
 [1785  872]
 [1783  872]
 [1781  872]
 [1780  872]
 [1777  872]]
Fuhrman 3, [[349 277]
 [350 274]
 [350 270]
 [351 266]
 [350 261]
 [348 258]
 [345 256]
 [341 255]
 [337 256]
 [334 257]
 [330 260]
 [328 264]
 [326 268]
 [324 272]
 [323 278]
 [323 284]
 [322 288]
 [322 291]
 [322 294]
 [323 296]
 [323 300]
 [323 303]
 [325 307]
 [326 309]
 [328 311]
 [330 311]
 [331 311]
 [333 310]
 [335 307]
 [337 305]
 [340 303]
 [343 299]
 [345 296]
 [347 293]
 [348 288]
 [349 288]
 [350 287]
 [352 285]
 [352 284]
 [352 282]
 [352 281]
 [351 280]
 [350 279]
 [349 278]
 [349 277]]
