Fuhrman 3, [[83 52]
 [80 51]
 [79 51]
 [77 51]
 [76 52]
 [75 53]
 [73 54]
 [71 55]
 [70 56]
 [70 56]
 [68 58]
 [66 60]
 [64 62]
 [62 63]
 [62 65]
 [62 67]
 [61 70]
 [62 72]
 [62 73]
 [63 75]
 [64 76]
 [65 76]
 [66 76]
 [67 77]
 [67 78]
 [67 80]
 [67 82]
 [68 83]
 [69 84]
 [70 85]
 [72 86]
 [74 86]
 [76 86]
 [78 86]
 [80 85]
 [81 85]
 [82 84]
 [82 83]
 [83 83]
 [84 82]
 [85 81]
 [86 81]
 [87 81]
 [88 81]
 [90 80]
 [91 80]
 [92 79]
 [93 78]
 [94 77]
 [94 77]
 [94 76]
 [94 75]
 [93 74]
 [94 73]
 [94 73]
 [95 73]
 [96 72]
 [96 72]
 [96 71]
 [97 69]
 [97 68]
 [97 67]
 [97 66]
 [97 65]
 [97 65]
 [97 65]
 [96 64]
 [95 64]
 [95 64]
 [95 63]
 [95 62]
 [95 62]
 [96 61]
 [97 60]
 [97 59]
 [97 58]
 [97 57]
 [96 56]
 [95 55]
 [94 55]
 [92 54]
 [91 53]
 [90 52]
 [88 52]
 [85 52]
 [84 52]
 [83 52]]
Fuhrman 3, [[170 108]
 [169 108]
 [168 107]
 [167 105]
 [167 104]
 [166 104]
 [165 103]
 [163 103]
 [161 104]
 [160 105]
 [159 105]
 [157 105]
 [154 106]
 [152 107]
 [151 109]
 [150 110]
 [149 112]
 [147 113]
 [146 115]
 [146 117]
 [146 120]
 [146 122]
 [146 124]
 [147 127]
 [149 129]
 [150 130]
 [152 131]
 [154 131]
 [158 131]
 [160 131]
 [161 132]
 [162 132]
 [164 132]
 [165 132]
 [166 131]
 [167 130]
 [168 129]
 [170 128]
 [172 127]
 [173 126]
 [174 124]
 [175 123]
 [175 122]
 [175 120]
 [176 118]
 [176 117]
 [176 116]
 [176 115]
 [176 114]
 [175 113]
 [174 113]
 [173 112]
 [173 111]
 [172 110]
 [172 109]
 [171 109]
 [170 108]]
Fuhrman 3, [[297 199]
 [296 198]
 [295 197]
 [294 196]
 [293 196]
 [292 194]
 [291 194]
 [290 194]
 [289 194]
 [287 194]
 [285 195]
 [284 194]
 [283 195]
 [283 196]
 [282 196]
 [279 197]
 [278 198]
 [277 199]
 [276 199]
 [274 200]
 [273 200]
 [271 200]
 [270 201]
 [270 203]
 [269 204]
 [269 205]
 [268 206]
 [268 207]
 [267 208]
 [266 209]
 [265 210]
 [265 211]
 [264 212]
 [264 214]
 [264 215]
 [264 217]
 [264 219]
 [265 221]
 [266 222]
 [267 223]
 [268 224]
 [269 225]
 [270 226]
 [271 226]
 [273 227]
 [274 227]
 [276 228]
 [278 227]
 [280 227]
 [281 227]
 [283 227]
 [284 227]
 [286 227]
 [287 226]
 [288 226]
 [288 225]
 [289 225]
 [290 225]
 [291 224]
 [292 224]
 [292 223]
 [293 222]
 [294 221]
 [295 220]
 [296 219]
 [296 218]
 [297 217]
 [297 216]
 [297 216]
 [298 215]
 [299 215]
 [299 214]
 [300 212]
 [300 211]
 [300 209]
 [300 207]
 [300 205]
 [300 204]
 [300 203]
 [299 203]
 [299 203]
 [298 202]
 [298 201]
 [297 200]
 [297 199]]
Fuhrman 3, [[306 459]
 [306 457]
 [305 456]
 [305 454]
 [303 453]
 [302 452]
 [301 451]
 [299 450]
 [297 450]
 [296 450]
 [295 449]
 [293 449]
 [292 449]
 [290 450]
 [289 451]
 [288 452]
 [286 453]
 [284 454]
 [283 456]
 [282 458]
 [281 461]
 [281 463]
 [280 464]
 [279 466]
 [278 467]
 [277 469]
 [276 470]
 [276 472]
 [276 473]
 [277 478]
 [277 480]
 [278 482]
 [280 484]
 [282 485]
 [285 485]
 [287 486]
 [289 486]
 [292 486]
 [293 485]
 [294 484]
 [296 483]
 [297 482]
 [298 481]
 [298 480]
 [299 479]
 [301 479]
 [302 478]
 [304 477]
 [305 476]
 [305 474]
 [305 473]
 [306 473]
 [307 472]
 [307 471]
 [307 469]
 [308 467]
 [308 466]
 [308 465]
 [307 464]
 [307 462]
 [307 461]
 [306 459]]
Fuhrman 3, [[382 438]
 [379 439]
 [377 439]
 [376 440]
 [374 442]
 [372 444]
 [371 445]
 [371 446]
 [370 448]
 [369 448]
 [368 451]
 [367 453]
 [367 455]
 [367 458]
 [367 462]
 [368 463]
 [368 465]
 [368 465]
 [369 466]
 [369 467]
 [370 467]
 [370 468]
 [370 469]
 [371 469]
 [372 469]
 [373 470]
 [373 471]
 [374 471]
 [376 471]
 [378 471]
 [380 471]
 [382 471]
 [384 471]
 [387 470]
 [389 469]
 [391 468]
 [393 466]
 [394 466]
 [395 465]
 [395 464]
 [395 463]
 [396 461]
 [396 460]
 [397 459]
 [398 459]
 [399 458]
 [399 456]
 [399 454]
 [399 451]
 [399 449]
 [398 447]
 [398 445]
 [397 444]
 [396 443]
 [395 441]
 [394 441]
 [394 440]
 [393 439]
 [391 438]
 [389 438]
 [387 437]
 [385 437]
 [383 437]
 [382 438]]
Fuhrman 3, [[288 559]
 [288 563]
 [289 567]
 [290 570]
 [292 573]
 [293 575]
 [294 576]
 [296 577]
 [297 578]
 [298 579]
 [298 580]
 [299 581]
 [300 581]
 [302 582]
 [304 582]
 [306 583]
 [308 583]
 [309 584]
 [311 584]
 [313 584]
 [314 584]
 [316 584]
 [317 583]
 [319 583]
 [321 582]
 [322 582]
 [322 582]
 [322 580]
 [323 580]
 [325 579]
 [326 579]
 [327 578]
 [328 578]
 [328 576]
 [328 575]
 [328 573]
 [328 572]
 [329 571]
 [328 570]
 [328 569]
 [327 569]
 [326 568]
 [325 567]
 [324 566]
 [323 565]
 [322 564]
 [320 564]
 [319 564]
 [318 564]
 [317 564]
 [317 563]
 [316 561]
 [316 560]
 [315 560]
 [315 558]
 [314 557]
 [313 556]
 [312 556]
 [312 554]
 [312 553]
 [310 552]
 [309 551]
 [307 551]
 [305 550]
 [303 549]
 [301 549]
 [300 549]
 [298 549]
 [297 550]
 [295 551]
 [293 552]
 [293 552]
 [292 553]
 [291 555]
 [289 556]
 [288 558]
 [288 559]]
Fuhrman 3, [[454 859]
 [452 859]
 [450 859]
 [448 859]
 [447 859]
 [445 859]
 [443 859]
 [441 860]
 [440 861]
 [438 862]
 [437 863]
 [436 864]
 [435 864]
 [434 864]
 [434 867]
 [434 869]
 [435 873]
 [436 876]
 [436 878]
 [436 881]
 [437 884]
 [438 886]
 [439 888]
 [439 888]
 [441 889]
 [442 889]
 [442 890]
 [443 891]
 [444 892]
 [446 892]
 [447 892]
 [448 893]
 [450 894]
 [452 895]
 [454 896]
 [455 897]
 [455 897]
 [457 897]
 [459 897]
 [462 898]
 [464 897]
 [467 897]
 [469 895]
 [471 894]
 [472 893]
 [473 891]
 [474 889]
 [474 888]
 [474 887]
 [475 886]
 [476 884]
 [476 883]
 [476 881]
 [475 880]
 [475 879]
 [474 878]
 [473 877]
 [473 876]
 [472 873]
 [472 871]
 [471 869]
 [471 867]
 [470 866]
 [469 865]
 [468 865]
 [466 864]
 [465 863]
 [463 863]
 [463 862]
 [461 861]
 [459 860]
 [458 860]
 [456 860]
 [454 859]]
Fuhrman 3, [[576 218]
 [577 217]
 [578 217]
 [578 216]
 [577 215]
 [577 214]
 [577 213]
 [577 212]
 [578 210]
 [578 209]
 [579 208]
 [580 208]
 [581 207]
 [582 206]
 [582 204]
 [582 202]
 [582 201]
 [583 200]
 [584 199]
 [584 197]
 [584 196]
 [584 194]
 [583 192]
 [582 191]
 [581 189]
 [579 188]
 [578 187]
 [575 186]
 [571 186]
 [569 186]
 [568 187]
 [567 188]
 [565 189]
 [564 189]
 [563 190]
 [563 190]
 [562 192]
 [562 193]
 [560 194]
 [559 196]
 [558 197]
 [557 198]
 [556 199]
 [555 200]
 [555 202]
 [554 204]
 [554 206]
 [554 208]
 [554 211]
 [553 213]
 [553 216]
 [554 216]
 [555 217]
 [555 217]
 [556 217]
 [556 218]
 [556 219]
 [557 220]
 [557 221]
 [558 222]
 [559 223]
 [560 224]
 [561 224]
 [561 224]
 [563 224]
 [565 224]
 [566 224]
 [568 223]
 [570 223]
 [571 222]
 [572 221]
 [572 220]
 [574 218]
 [574 218]
 [575 218]
 [576 218]]
Fuhrman 3, [[703 437]
 [701 438]
 [699 439]
 [698 440]
 [697 441]
 [696 442]
 [695 443]
 [694 444]
 [694 447]
 [694 452]
 [694 454]
 [694 456]
 [695 458]
 [696 459]
 [696 460]
 [697 460]
 [698 461]
 [699 462]
 [700 463]
 [701 464]
 [702 465]
 [704 466]
 [705 466]
 [707 466]
 [710 466]
 [711 466]
 [713 465]
 [715 464]
 [717 463]
 [718 462]
 [719 461]
 [720 460]
 [721 459]
 [722 458]
 [723 457]
 [724 456]
 [724 455]
 [724 453]
 [724 451]
 [724 449]
 [723 447]
 [723 446]
 [722 445]
 [721 444]
 [721 443]
 [721 441]
 [720 441]
 [719 440]
 [718 440]
 [717 439]
 [716 438]
 [715 437]
 [714 437]
 [713 437]
 [712 437]
 [711 436]
 [710 436]
 [708 435]
 [706 436]
 [705 436]
 [704 437]
 [703 437]
 [702 437]]
Fuhrman 3, [[718 505]
 [716 505]
 [715 505]
 [714 506]
 [713 506]
 [712 506]
 [711 506]
 [711 506]
 [709 506]
 [708 507]
 [707 508]
 [705 509]
 [704 509]
 [703 510]
 [703 511]
 [702 512]
 [702 513]
 [701 515]
 [700 516]
 [699 518]
 [697 519]
 [697 521]
 [696 523]
 [696 526]
 [696 527]
 [696 529]
 [696 529]
 [696 530]
 [697 531]
 [697 532]
 [698 532]
 [698 533]
 [699 534]
 [700 534]
 [701 535]
 [702 535]
 [703 535]
 [704 535]
 [704 536]
 [705 536]
 [706 536]
 [707 536]
 [708 536]
 [710 536]
 [711 536]
 [713 536]
 [713 535]
 [714 535]
 [714 534]
 [715 534]
 [716 533]
 [716 532]
 [717 532]
 [718 532]
 [719 532]
 [721 531]
 [721 531]
 [721 530]
 [722 529]
 [722 529]
 [723 529]
 [724 529]
 [724 528]
 [724 527]
 [725 526]
 [725 525]
 [725 524]
 [725 523]
 [726 522]
 [726 520]
 [727 519]
 [727 518]
 [727 517]
 [727 515]
 [727 513]
 [727 512]
 [726 510]
 [725 509]
 [724 508]
 [723 507]
 [722 506]
 [721 506]
 [721 505]
 [720 505]
 [719 505]
 [718 505]]
Fuhrman 3, [[658 766]
 [656 766]
 [655 767]
 [654 767]
 [652 767]
 [651 768]
 [650 769]
 [650 770]
 [649 770]
 [648 771]
 [647 773]
 [647 774]
 [646 774]
 [646 774]
 [645 775]
 [645 777]
 [645 778]
 [645 779]
 [645 780]
 [646 781]
 [646 782]
 [647 783]
 [647 784]
 [647 785]
 [648 786]
 [648 790]
 [648 792]
 [648 794]
 [649 796]
 [649 797]
 [650 799]
 [651 800]
 [652 802]
 [653 804]
 [655 806]
 [656 806]
 [657 807]
 [659 807]
 [662 808]
 [665 807]
 [668 807]
 [670 807]
 [672 806]
 [673 805]
 [675 804]
 [676 803]
 [676 802]
 [676 801]
 [677 801]
 [678 800]
 [679 800]
 [679 799]
 [679 798]
 [679 796]
 [679 795]
 [679 793]
 [679 792]
 [680 791]
 [680 791]
 [680 790]
 [680 789]
 [680 788]
 [679 787]
 [678 787]
 [677 787]
 [677 786]
 [676 784]
 [676 783]
 [675 782]
 [674 782]
 [673 781]
 [673 780]
 [673 779]
 [672 778]
 [671 778]
 [670 777]
 [670 776]
 [669 776]
 [669 774]
 [668 773]
 [667 771]
 [666 771]
 [666 770]
 [665 769]
 [664 768]
 [663 767]
 [662 767]
 [660 767]
 [659 766]
 [658 767]]
Fuhrman 3, [[949 817]
 [947 816]
 [946 816]
 [944 816]
 [942 816]
 [940 816]
 [937 818]
 [936 819]
 [936 819]
 [935 819]
 [934 820]
 [934 821]
 [933 822]
 [932 822]
 [931 823]
 [930 825]
 [929 826]
 [929 828]
 [928 830]
 [927 832]
 [926 834]
 [926 837]
 [927 839]
 [927 841]
 [928 843]
 [929 843]
 [931 845]
 [932 846]
 [934 848]
 [935 849]
 [937 849]
 [938 850]
 [940 850]
 [942 850]
 [944 850]
 [946 850]
 [948 849]
 [950 848]
 [951 847]
 [952 845]
 [953 844]
 [954 843]
 [954 841]
 [955 840]
 [955 839]
 [956 837]
 [956 834]
 [956 830]
 [956 828]
 [955 825]
 [955 823]
 [954 821]
 [953 820]
 [951 818]
 [949 817]
 [949 817]]
Fuhrman 3, [[1342  764]
 [1341  763]
 [1340  762]
 [1340  760]
 [1339  759]
 [1338  758]
 [1337  758]
 [1336  757]
 [1334  756]
 [1333  755]
 [1332  754]
 [1331  752]
 [1331  750]
 [1331  749]
 [1330  748]
 [1328  748]
 [1326  748]
 [1325  748]
 [1323  748]
 [1322  748]
 [1321  749]
 [1320  750]
 [1320  751]
 [1319  753]
 [1319  754]
 [1319  756]
 [1320  758]
 [1320  759]
 [1320  762]
 [1320  764]
 [1321  765]
 [1321  767]
 [1322  768]
 [1323  769]
 [1323  770]
 [1324  771]
 [1325  772]
 [1326  774]
 [1327  775]
 [1327  777]
 [1327  778]
 [1328  779]
 [1328  780]
 [1329  782]
 [1330  783]
 [1331  783]
 [1333  784]
 [1335  785]
 [1337  785]
 [1340  785]
 [1342  785]
 [1344  785]
 [1346  784]
 [1347  783]
 [1347  782]
 [1348  781]
 [1350  780]
 [1350  779]
 [1351  778]
 [1351  777]
 [1350  775]
 [1350  773]
 [1349  772]
 [1349  770]
 [1348  769]
 [1347  767]
 [1346  767]
 [1345  766]
 [1344  765]
 [1343  765]
 [1342  764]]
Fuhrman 3, [[1799   63]
 [1798   63]
 [1796   63]
 [1794   63]
 [1793   63]
 [1792   64]
 [1790   64]
 [1788   65]
 [1785   67]
 [1783   68]
 [1781   71]
 [1780   73]
 [1779   75]
 [1778   78]
 [1778   80]
 [1779   83]
 [1779   85]
 [1781   88]
 [1783   89]
 [1785   91]
 [1787   92]
 [1789   93]
 [1792   93]
 [1795   93]
 [1797   93]
 [1799   92]
 [1801   92]
 [1803   90]
 [1804   90]
 [1806   90]
 [1807   89]
 [1808   88]
 [1809   87]
 [1810   86]
 [1811   85]
 [1813   84]
 [1813   83]
 [1814   81]
 [1815   79]
 [1815   77]
 [1815   76]
 [1815   74]
 [1814   72]
 [1813   70]
 [1812   69]
 [1811   68]
 [1810   67]
 [1809   66]
 [1808   65]
 [1807   64]
 [1805   63]
 [1803   63]
 [1802   63]
 [1800   63]
 [1799   63]]
Fuhrman 3, [[1771  263]
 [1772  261]
 [1773  260]
 [1774  259]
 [1775  258]
 [1775  257]
 [1776  256]
 [1776  253]
 [1776  252]
 [1776  250]
 [1775  248]
 [1775  247]
 [1774  245]
 [1773  244]
 [1771  243]
 [1768  241]
 [1766  240]
 [1764  240]
 [1762  239]
 [1760  240]
 [1757  240]
 [1754  241]
 [1752  242]
 [1751  243]
 [1749  244]
 [1747  246]
 [1746  247]
 [1744  249]
 [1742  252]
 [1742  254]
 [1741  256]
 [1741  260]
 [1742  262]
 [1742  262]
 [1743  265]
 [1745  266]
 [1748  267]
 [1751  268]
 [1753  268]
 [1756  269]
 [1759  268]
 [1761  268]
 [1763  268]
 [1766  267]
 [1768  266]
 [1769  265]
 [1770  265]
 [1771  263]
 [1771  263]]
Fuhrman 3, [[1892  241]
 [1889  242]
 [1887  242]
 [1886  243]
 [1884  244]
 [1882  245]
 [1881  246]
 [1880  248]
 [1879  250]
 [1878  252]
 [1878  256]
 [1878  259]
 [1878  260]
 [1877  260]
 [1876  261]
 [1875  262]
 [1875  263]
 [1875  264]
 [1875  267]
 [1875  268]
 [1876  269]
 [1877  271]
 [1878  272]
 [1879  272]
 [1880  273]
 [1880  274]
 [1881  274]
 [1882  275]
 [1883  275]
 [1885  276]
 [1886  277]
 [1888  277]
 [1890  277]
 [1891  277]
 [1892  276]
 [1892  276]
 [1894  276]
 [1896  276]
 [1898  275]
 [1899  275]
 [1900  275]
 [1901  274]
 [1902  273]
 [1903  273]
 [1904  272]
 [1905  271]
 [1905  270]
 [1905  269]
 [1906  268]
 [1906  266]
 [1907  266]
 [1907  265]
 [1908  265]
 [1909  264]
 [1910  263]
 [1910  262]
 [1911  261]
 [1910  257]
 [1910  256]
 [1909  253]
 [1908  250]
 [1907  249]
 [1906  248]
 [1904  247]
 [1904  246]
 [1904  244]
 [1903  244]
 [1902  242]
 [1900  241]
 [1897  241]
 [1895  242]
 [1893  241]
 [1892  242]]
Fuhrman 3, [[1725  905]
 [1724  906]
 [1723  908]
 [1722  909]
 [1721  911]
 [1720  914]
 [1720  916]
 [1721  918]
 [1721  922]
 [1722  924]
 [1724  927]
 [1726  928]
 [1728  930]
 [1731  931]
 [1734  931]
 [1737  931]
 [1742  931]
 [1747  930]
 [1748  930]
 [1750  929]
 [1752  928]
 [1753  926]
 [1755  925]
 [1756  924]
 [1757  922]
 [1757  920]
 [1757  918]
 [1757  916]
 [1757  913]
 [1756  911]
 [1756  909]
 [1756  907]
 [1755  906]
 [1753  904]
 [1751  903]
 [1750  902]
 [1749  900]
 [1748  900]
 [1746  899]
 [1745  899]
 [1744  899]
 [1742  898]
 [1740  898]
 [1737  899]
 [1735  899]
 [1733  900]
 [1732  901]
 [1730  901]
 [1729  902]
 [1727  904]
 [1726  905]
 [1725  905]]
Fuhrman 3, [[1175  485]
 [1173  485]
 [1172  485]
 [1170  486]
 [1168  487]
 [1166  489]
 [1165  490]
 [1164  492]
 [1163  494]
 [1162  497]
 [1162  501]
 [1163  505]
 [1164  507]
 [1166  510]
 [1167  512]
 [1169  514]
 [1171  516]
 [1173  518]
 [1175  520]
 [1178  520]
 [1182  520]
 [1184  519]
 [1187  518]
 [1190  517]
 [1192  515]
 [1193  514]
 [1194  512]
 [1194  510]
 [1194  507]
 [1194  505]
 [1195  504]
 [1195  501]
 [1194  499]
 [1194  496]
 [1193  493]
 [1193  492]
 [1192  490]
 [1191  489]
 [1189  488]
 [1187  488]
 [1186  487]
 [1185  486]
 [1183  485]
 [1180  484]
 [1178  485]
 [1177  485]
 [1176  485]
 [1175  485]]
Fuhrman 3, [[1032  427]
 [1029  428]
 [1027  428]
 [1025  428]
 [1024  428]
 [1022  428]
 [1021  429]
 [1019  430]
 [1018  430]
 [1017  431]
 [1017  432]
 [1016  434]
 [1016  437]
 [1016  441]
 [1016  444]
 [1016  446]
 [1017  446]
 [1017  447]
 [1018  448]
 [1018  450]
 [1019  451]
 [1020  452]
 [1022  453]
 [1023  454]
 [1025  455]
 [1026  455]
 [1028  455]
 [1030  455]
 [1032  454]
 [1033  453]
 [1034  453]
 [1036  452]
 [1038  451]
 [1039  449]
 [1040  449]
 [1041  448]
 [1042  447]
 [1042  446]
 [1042  445]
 [1043  445]
 [1044  443]
 [1044  442]
 [1044  441]
 [1045  440]
 [1045  439]
 [1046  439]
 [1047  438]
 [1047  437]
 [1048  436]
 [1048  435]
 [1048  433]
 [1047  432]
 [1046  431]
 [1045  429]
 [1043  428]
 [1042  427]
 [1040  427]
 [1038  427]
 [1036  427]
 [1035  427]
 [1033  427]
 [1032  427]]
Fuhrman 3, [[1078  952]
 [1075  953]
 [1073  954]
 [1072  955]
 [1072  956]
 [1071  957]
 [1070  958]
 [1070  958]
 [1069  959]
 [1068  960]
 [1068  962]
 [1068  964]
 [1067  966]
 [1067  968]
 [1067  969]
 [1067  971]
 [1068  974]
 [1069  976]
 [1071  978]
 [1072  979]
 [1072  980]
 [1074  981]
 [1075  982]
 [1076  983]
 [1077  984]
 [1079  984]
 [1082  984]
 [1085  983]
 [1087  982]
 [1088  981]
 [1089  980]
 [1091  980]
 [1093  979]
 [1095  978]
 [1096  978]
 [1097  977]
 [1099  976]
 [1099  974]
 [1100  972]
 [1100  970]
 [1100  969]
 [1100  967]
 [1101  965]
 [1100  963]
 [1100  962]
 [1099  961]
 [1098  960]
 [1097  960]
 [1097  959]
 [1097  958]
 [1096  957]
 [1096  956]
 [1095  956]
 [1094  955]
 [1093  955]
 [1092  954]
 [1091  953]
 [1090  952]
 [1088  952]
 [1086  951]
 [1083  951]
 [1080  951]
 [1079  952]
 [1078  952]]
