Fuhrman 3, [[121 273]
 [124 273]
 [126 271]
 [129 270]
 [132 268]
 [135 265]
 [137 262]
 [138 258]
 [139 256]
 [139 251]
 [138 248]
 [136 246]
 [135 244]
 [133 241]
 [129 239]
 [126 239]
 [122 238]
 [119 238]
 [117 238]
 [115 237]
 [112 235]
 [109 234]
 [105 234]
 [103 235]
 [102 236]
 [ 99 236]
 [ 98 238]
 [ 97 240]
 [ 97 243]
 [ 97 246]
 [ 98 248]
 [ 98 250]
 [ 99 252]
 [ 99 254]
 [ 99 257]
 [ 99 259]
 [ 98 260]
 [ 97 262]
 [ 96 264]
 [ 96 267]
 [ 97 269]
 [ 99 271]
 [100 272]
 [103 274]
 [106 275]
 [109 275]
 [112 275]
 [115 275]
 [118 275]
 [120 274]
 [121 273]]
Fuhrman 3, [[286 156]
 [283 159]
 [283 160]
 [283 163]
 [284 166]
 [286 169]
 [288 171]
 [289 173]
 [292 175]
 [294 178]
 [295 182]
 [297 186]
 [299 189]
 [301 190]
 [302 191]
 [303 191]
 [304 190]
 [306 189]
 [307 189]
 [309 189]
 [310 190]
 [311 191]
 [313 192]
 [316 192]
 [318 190]
 [318 187]
 [319 183]
 [319 179]
 [319 174]
 [319 169]
 [318 166]
 [317 164]
 [316 162]
 [314 161]
 [312 160]
 [308 158]
 [305 156]
 [302 155]
 [298 155]
 [294 155]
 [291 155]
 [289 155]
 [285 157]]
Fuhrman 3, [[397 381]
 [399 379]
 [401 378]
 [403 376]
 [404 373]
 [404 369]
 [403 365]
 [402 363]
 [399 359]
 [396 357]
 [391 356]
 [387 356]
 [381 357]
 [377 358]
 [373 359]
 [371 361]
 [369 363]
 [368 365]
 [367 368]
 [367 370]
 [366 372]
 [365 373]
 [363 375]
 [363 377]
 [362 380]
 [363 384]
 [365 386]
 [367 389]
 [369 390]
 [373 392]
 [376 392]
 [380 392]
 [384 391]
 [387 390]
 [390 389]
 [392 388]
 [394 386]
 [396 384]
 [397 382]
 [397 381]]
Fuhrman 3, [[351 484]
 [348 486]
 [345 488]
 [344 491]
 [342 494]
 [342 496]
 [343 498]
 [343 500]
 [342 504]
 [343 508]
 [345 511]
 [348 512]
 [351 514]
 [354 515]
 [356 515]
 [359 515]
 [361 516]
 [364 517]
 [367 517]
 [371 516]
 [374 514]
 [376 513]
 [377 510]
 [378 509]
 [381 509]
 [384 508]
 [386 506]
 [387 503]
 [388 501]
 [387 499]
 [386 497]
 [385 495]
 [384 494]
 [384 492]
 [381 488]
 [379 487]
 [377 486]
 [376 484]
 [375 482]
 [373 481]
 [371 480]
 [368 479]
 [366 479]
 [364 480]
 [362 481]
 [360 481]
 [358 481]
 [356 482]
 [353 483]
 [351 484]]
Fuhrman 3, [[347 890]
 [346 886]
 [345 882]
 [344 879]
 [342 875]
 [340 873]
 [337 871]
 [335 870]
 [332 869]
 [330 870]
 [327 870]
 [325 872]
 [323 873]
 [323 876]
 [322 878]
 [322 882]
 [323 885]
 [323 888]
 [325 891]
 [326 894]
 [327 896]
 [329 899]
 [330 901]
 [332 902]
 [333 903]
 [334 904]
 [336 906]
 [337 907]
 [339 907]
 [341 907]
 [343 906]
 [345 905]
 [347 903]
 [348 900]
 [348 897]
 [348 894]
 [347 892]
 [347 890]]
Fuhrman 3, [[700 781]
 [700 778]
 [701 775]
 [701 772]
 [700 769]
 [699 766]
 [698 764]
 [696 762]
 [694 760]
 [692 758]
 [690 756]
 [687 754]
 [685 753]
 [682 751]
 [677 750]
 [674 750]
 [670 750]
 [667 750]
 [665 751]
 [663 752]
 [660 754]
 [659 756]
 [657 759]
 [657 762]
 [656 765]
 [656 768]
 [658 772]
 [659 775]
 [660 778]
 [663 781]
 [665 784]
 [668 785]
 [671 787]
 [674 789]
 [677 790]
 [681 790]
 [684 790]
 [687 790]
 [691 788]
 [694 786]
 [696 786]
 [698 784]
 [699 783]
 [700 781]]
Fuhrman 3, [[ 736 1006]
 [ 737 1003]
 [ 737  999]
 [ 736  996]
 [ 735  993]
 [ 733  991]
 [ 731  988]
 [ 729  988]
 [ 728  986]
 [ 727  984]
 [ 725  982]
 [ 722  979]
 [ 719  978]
 [ 717  977]
 [ 714  976]
 [ 712  976]
 [ 710  976]
 [ 708  976]
 [ 706  977]
 [ 704  978]
 [ 702  979]
 [ 701  981]
 [ 701  984]
 [ 701  987]
 [ 701  991]
 [ 702  992]
 [ 702  994]
 [ 703  995]
 [ 704  997]
 [ 705 1000]
 [ 708 1002]
 [ 709 1004]
 [ 712 1006]
 [ 714 1007]
 [ 717 1009]
 [ 719 1010]
 [ 721 1011]
 [ 724 1012]
 [ 726 1012]
 [ 729 1013]
 [ 731 1013]
 [ 733 1012]
 [ 734 1011]
 [ 735 1009]
 [ 736 1006]
 [ 736 1006]]
Fuhrman 3, [[824 919]
 [821 920]
 [820 920]
 [818 922]
 [817 925]
 [816 927]
 [816 930]
 [816 933]
 [816 936]
 [817 938]
 [818 941]
 [820 944]
 [823 946]
 [825 946]
 [828 946]
 [831 946]
 [834 945]
 [836 945]
 [839 944]
 [841 942]
 [843 942]
 [845 941]
 [847 940]
 [848 938]
 [850 935]
 [852 934]
 [854 933]
 [856 932]
 [857 930]
 [859 928]
 [859 926]
 [859 922]
 [858 921]
 [857 920]
 [856 918]
 [854 916]
 [852 914]
 [849 914]
 [847 913]
 [844 913]
 [843 913]
 [841 912]
 [839 913]
 [836 913]
 [832 914]
 [829 915]
 [827 916]
 [825 917]
 [824 919]]
Fuhrman 3, [[1116 1029]
 [1114 1031]
 [1112 1033]
 [1111 1035]
 [1110 1037]
 [1110 1039]
 [1110 1040]
 [1112 1040]
 [1114 1040]
 [1115 1041]
 [1115 1042]
 [1117 1044]
 [1119 1046]
 [1122 1048]
 [1123 1049]
 [1123 1051]
 [1124 1053]
 [1126 1055]
 [1127 1055]
 [1128 1057]
 [1130 1059]
 [1130 1059]
 [1131 1060]
 [1133 1060]
 [1135 1060]
 [1137 1060]
 [1140 1060]
 [1143 1058]
 [1145 1058]
 [1146 1056]
 [1147 1053]
 [1147 1049]
 [1147 1046]
 [1146 1043]
 [1145 1040]
 [1143 1038]
 [1142 1036]
 [1140 1035]
 [1140 1034]
 [1140 1033]
 [1138 1031]
 [1137 1031]
 [1135 1029]
 [1132 1028]
 [1131 1028]
 [1128 1027]
 [1126 1026]
 [1123 1026]
 [1121 1026]
 [1119 1026]
 [1118 1027]
 [1116 1028]
 [1116 1029]]
Fuhrman 3, [[993 801]
 [994 799]
 [995 797]
 [996 794]
 [997 791]
 [996 787]
 [994 784]
 [992 780]
 [989 776]
 [986 774]
 [983 773]
 [980 773]
 [976 773]
 [974 773]
 [971 774]
 [969 776]
 [967 779]
 [966 781]
 [964 783]
 [964 785]
 [963 787]
 [963 789]
 [963 791]
 [964 793]
 [964 796]
 [965 798]
 [965 800]
 [966 802]
 [968 804]
 [969 805]
 [971 807]
 [972 808]
 [974 809]
 [977 809]
 [979 809]
 [982 809]
 [983 809]
 [986 809]
 [987 809]
 [989 808]
 [991 806]
 [992 804]
 [993 803]
 [993 801]]
Fuhrman 3, [[1106  641]
 [1103  643]
 [1101  646]
 [1100  648]
 [1099  650]
 [1098  652]
 [1097  655]
 [1098  657]
 [1098  659]
 [1100  660]
 [1102  662]
 [1104  662]
 [1107  663]
 [1109  663]
 [1113  663]
 [1115  663]
 [1118  662]
 [1119  661]
 [1123  661]
 [1128  660]
 [1131  659]
 [1135  658]
 [1137  656]
 [1140  655]
 [1141  654]
 [1142  651]
 [1142  646]
 [1141  643]
 [1140  641]
 [1137  639]
 [1136  637]
 [1133  635]
 [1130  634]
 [1128  633]
 [1125  633]
 [1120  633]
 [1118  634]
 [1115  635]
 [1112  637]
 [1110  638]
 [1107  640]
 [1105  641]]
Fuhrman 3, [[863 535]
 [861 532]
 [859 529]
 [856 526]
 [853 523]
 [850 522]
 [847 522]
 [845 523]
 [844 525]
 [842 527]
 [842 531]
 [843 534]
 [844 538]
 [845 541]
 [847 545]
 [848 548]
 [851 551]
 [853 553]
 [855 555]
 [857 556]
 [859 556]
 [861 555]
 [863 553]
 [865 551]
 [865 549]
 [865 545]
 [865 541]
 [864 539]
 [864 537]
 [863 535]]
Fuhrman 3, [[1132   35]
 [1132   31]
 [1133   28]
 [1134   26]
 [1135   24]
 [1135   21]
 [1134   17]
 [1133   15]
 [1131   12]
 [1128   10]
 [1123    9]
 [1119    9]
 [1116   11]
 [1112   12]
 [1109   15]
 [1108   18]
 [1107   21]
 [1107   25]
 [1107   30]
 [1107   34]
 [1108   37]
 [1109   41]
 [1111   43]
 [1113   45]
 [1115   47]
 [1118   48]
 [1121   48]
 [1124   48]
 [1127   48]
 [1127   47]
 [1128   45]
 [1129   43]
 [1130   41]
 [1132   40]
 [1132   38]
 [1132   35]]
Fuhrman 3, [[1325  427]
 [1322  426]
 [1320  425]
 [1317  424]
 [1313  423]
 [1311  423]
 [1308  423]
 [1305  425]
 [1303  426]
 [1301  428]
 [1300  429]
 [1299  432]
 [1298  434]
 [1299  436]
 [1299  438]
 [1300  441]
 [1301  443]
 [1303  445]
 [1304  447]
 [1305  449]
 [1306  450]
 [1308  451]
 [1309  452]
 [1310  453]
 [1312  454]
 [1313  454]
 [1314  454]
 [1316  454]
 [1317  455]
 [1319  455]
 [1320  456]
 [1321  457]
 [1322  458]
 [1323  459]
 [1324  460]
 [1325  461]
 [1327  462]
 [1329  462]
 [1331  461]
 [1333  461]
 [1335  459]
 [1336  458]
 [1337  456]
 [1338  453]
 [1338  450]
 [1338  448]
 [1337  445]
 [1336  444]
 [1335  441]
 [1334  440]
 [1333  439]
 [1333  437]
 [1333  435]
 [1332  433]
 [1330  432]
 [1329  431]
 [1328  429]
 [1326  428]
 [1325  427]]
Fuhrman 3, [[517  45]
 [514  47]
 [512  50]
 [510  52]
 [509  54]
 [508  56]
 [506  57]
 [504  57]
 [503  60]
 [502  62]
 [502  65]
 [504  69]
 [506  71]
 [508  73]
 [510  74]
 [513  75]
 [517  75]
 [521  75]
 [526  74]
 [529  72]
 [533  69]
 [536  67]
 [539  65]
 [541  63]
 [543  61]
 [543  58]
 [544  56]
 [545  53]
 [546  51]
 [547  49]
 [547  46]
 [546  43]
 [545  42]
 [544  39]
 [545  37]
 [544  35]
 [542  34]
 [540  33]
 [537  33]
 [534  34]
 [531  34]
 [529  35]
 [526  37]
 [524  38]
 [521  41]
 [519  43]
 [517  45]]
Fuhrman 3, [[1307  856]
 [1308  854]
 [1310  852]
 [1310  850]
 [1311  847]
 [1311  845]
 [1311  842]
 [1310  838]
 [1307  835]
 [1305  832]
 [1302  831]
 [1297  831]
 [1294  831]
 [1292  831]
 [1290  831]
 [1289  832]
 [1288  835]
 [1288  837]
 [1287  839]
 [1284  840]
 [1282  843]
 [1280  847]
 [1279  848]
 [1278  850]
 [1278  853]
 [1278  857]
 [1279  860]
 [1280  863]
 [1282  864]
 [1283  866]
 [1286  866]
 [1289  866]
 [1292  866]
 [1294  866]
 [1297  866]
 [1299  864]
 [1302  863]
 [1304  861]
 [1306  858]
 [1307  856]]
Fuhrman 3, [[1430  627]
 [1433  627]
 [1437  625]
 [1439  624]
 [1441  623]
 [1442  621]
 [1443  618]
 [1443  615]
 [1442  611]
 [1441  609]
 [1439  606]
 [1437  605]
 [1435  603]
 [1432  601]
 [1429  601]
 [1427  601]
 [1424  601]
 [1421  601]
 [1418  603]
 [1415  604]
 [1412  607]
 [1410  608]
 [1409  610]
 [1408  611]
 [1408  613]
 [1408  615]
 [1408  617]
 [1409  619]
 [1410  620]
 [1412  621]
 [1414  622]
 [1416  624]
 [1418  625]
 [1421  626]
 [1422  627]
 [1425  627]
 [1427  627]
 [1429  627]
 [1430  627]]
Fuhrman 3, [[ 164 1051]
 [ 165 1049]
 [ 165 1048]
 [ 166 1045]
 [ 165 1042]
 [ 165 1040]
 [ 163 1038]
 [ 161 1036]
 [ 160 1034]
 [ 158 1031]
 [ 156 1029]
 [ 154 1027]
 [ 151 1025]
 [ 148 1024]
 [ 144 1024]
 [ 142 1024]
 [ 138 1025]
 [ 136 1026]
 [ 134 1028]
 [ 132 1030]
 [ 131 1031]
 [ 130 1033]
 [ 130 1036]
 [ 130 1039]
 [ 132 1041]
 [ 134 1045]
 [ 135 1048]
 [ 138 1050]
 [ 140 1052]
 [ 142 1053]
 [ 144 1054]
 [ 147 1055]
 [ 149 1056]
 [ 151 1057]
 [ 154 1057]
 [ 156 1057]
 [ 157 1056]
 [ 158 1055]
 [ 159 1054]
 [ 161 1053]
 [ 163 1052]
 [ 164 1051]]
Fuhrman 3, [[ 998  300]
 [1000  298]
 [1001  295]
 [1002  293]
 [1003  289]
 [1003  285]
 [1003  281]
 [1002  278]
 [ 999  275]
 [ 996  273]
 [ 994  272]
 [ 989  272]
 [ 987  273]
 [ 984  274]
 [ 981  276]
 [ 978  278]
 [ 975  281]
 [ 973  283]
 [ 972  286]
 [ 971  289]
 [ 970  291]
 [ 970  294]
 [ 970  297]
 [ 970  299]
 [ 970  301]
 [ 971  303]
 [ 973  305]
 [ 974  306]
 [ 976  308]
 [ 978  308]
 [ 980  309]
 [ 982  309]
 [ 985  309]
 [ 988  309]
 [ 991  307]
 [ 994  305]
 [ 996  303]
 [ 997  302]
 [ 998  300]]
Fuhrman 3, [[886 239]
 [885 240]
 [884 242]
 [884 245]
 [885 247]
 [886 249]
 [886 250]
 [887 251]
 [888 252]
 [889 253]
 [890 254]
 [891 254]
 [892 255]
 [892 256]
 [892 257]
 [892 258]
 [892 259]
 [892 262]
 [892 263]
 [894 265]
 [895 266]
 [897 266]
 [899 266]
 [900 265]
 [902 264]
 [903 264]
 [904 263]
 [906 262]
 [908 262]
 [910 261]
 [912 259]
 [914 257]
 [916 256]
 [918 255]
 [920 253]
 [921 252]
 [922 250]
 [924 248]
 [926 245]
 [927 242]
 [927 241]
 [927 239]
 [927 237]
 [927 235]
 [926 233]
 [925 232]
 [925 231]
 [924 229]
 [923 228]
 [921 226]
 [919 226]
 [916 226]
 [913 226]
 [910 227]
 [907 227]
 [905 228]
 [903 229]
 [901 229]
 [898 230]
 [896 232]
 [894 233]
 [892 233]
 [890 234]
 [889 236]
 [888 237]
 [886 239]]
