Fuhrman 3, [[337  95]
 [334  98]
 [331  99]
 [330 101]
 [328 103]
 [328 105]
 [328 108]
 [328 111]
 [329 113]
 [331 116]
 [333 118]
 [335 119]
 [338 120]
 [342 121]
 [344 122]
 [347 122]
 [349 122]
 [352 121]
 [355 121]
 [359 120]
 [362 119]
 [365 117]
 [367 116]
 [368 115]
 [369 113]
 [369 111]
 [369 109]
 [369 108]
 [368 106]
 [367 105]
 [365 104]
 [363 104]
 [363 103]
 [363 101]
 [363  98]
 [362  96]
 [361  94]
 [360  92]
 [361  91]
 [361  90]
 [360  89]
 [357  88]
 [354  88]
 [351  89]
 [347  90]
 [346  91]
 [345  91]
 [342  91]
 [341  93]
 [339  94]
 [337  95]]
Fuhrman 3, [[359 297]
 [356 298]
 [353 302]
 [351 304]
 [350 307]
 [349 310]
 [348 314]
 [346 317]
 [345 320]
 [345 323]
 [345 326]
 [346 330]
 [346 332]
 [348 334]
 [350 336]
 [351 338]
 [353 338]
 [355 339]
 [357 340]
 [358 340]
 [361 340]
 [363 339]
 [365 338]
 [367 337]
 [369 336]
 [371 335]
 [373 332]
 [374 329]
 [375 327]
 [376 324]
 [376 320]
 [376 316]
 [376 313]
 [376 310]
 [375 307]
 [374 304]
 [372 302]
 [369 300]
 [368 300]
 [368 298]
 [368 297]
 [367 296]
 [365 295]
 [362 295]
 [360 296]
 [359 297]]
Fuhrman 3, [[355 439]
 [353 441]
 [350 442]
 [347 444]
 [346 445]
 [344 447]
 [343 448]
 [340 449]
 [338 451]
 [337 452]
 [335 453]
 [334 454]
 [333 455]
 [332 457]
 [331 458]
 [331 459]
 [331 461]
 [333 463]
 [334 465]
 [336 467]
 [337 469]
 [339 470]
 [342 471]
 [344 471]
 [346 472]
 [349 471]
 [350 470]
 [352 470]
 [354 471]
 [355 472]
 [357 472]
 [358 472]
 [359 472]
 [360 471]
 [361 470]
 [362 469]
 [365 468]
 [368 468]
 [371 467]
 [374 466]
 [376 465]
 [378 463]
 [379 460]
 [380 458]
 [381 453]
 [381 450]
 [381 447]
 [381 445]
 [380 443]
 [378 441]
 [377 439]
 [376 438]
 [376 436]
 [375 436]
 [373 435]
 [372 435]
 [370 434]
 [367 434]
 [364 435]
 [362 437]
 [361 438]
 [360 439]
 [358 438]
 [356 439]
 [355 439]]
Fuhrman 3, [[180 468]
 [179 472]
 [178 476]
 [178 479]
 [179 482]
 [181 487]
 [185 492]
 [188 495]
 [190 496]
 [192 497]
 [197 497]
 [201 497]
 [204 497]
 [206 497]
 [209 497]
 [210 496]
 [212 494]
 [214 493]
 [215 491]
 [217 487]
 [218 483]
 [218 479]
 [217 475]
 [215 471]
 [213 467]
 [210 464]
 [206 462]
 [202 460]
 [198 459]
 [194 459]
 [191 460]
 [187 461]
 [184 463]
 [182 466]
 [180 468]]
Fuhrman 3, [[536 632]
 [532 636]
 [530 639]
 [530 642]
 [531 644]
 [532 646]
 [535 649]
 [537 650]
 [539 652]
 [541 655]
 [544 657]
 [546 657]
 [549 657]
 [552 656]
 [555 656]
 [558 656]
 [561 656]
 [563 654]
 [567 652]
 [570 650]
 [571 647]
 [572 643]
 [573 639]
 [573 635]
 [573 633]
 [572 631]
 [570 628]
 [569 626]
 [568 625]
 [566 624]
 [564 623]
 [560 622]
 [555 622]
 [551 623]
 [548 624]
 [546 626]
 [543 628]
 [540 629]
 [538 631]
 [536 632]]
Fuhrman 3, [[ 456 1004]
 [ 454 1003]
 [ 453 1002]
 [ 451 1000]
 [ 448 1000]
 [ 445 1001]
 [ 443 1003]
 [ 442 1005]
 [ 441 1007]
 [ 440 1008]
 [ 439 1008]
 [ 438 1010]
 [ 437 1012]
 [ 437 1014]
 [ 436 1016]
 [ 434 1017]
 [ 433 1019]
 [ 433 1020]
 [ 433 1022]
 [ 434 1023]
 [ 435 1024]
 [ 436 1025]
 [ 436 1027]
 [ 437 1030]
 [ 438 1032]
 [ 440 1034]
 [ 441 1036]
 [ 442 1037]
 [ 443 1037]
 [ 445 1037]
 [ 447 1037]
 [ 448 1036]
 [ 450 1035]
 [ 452 1034]
 [ 454 1035]
 [ 456 1035]
 [ 458 1036]
 [ 459 1037]
 [ 461 1037]
 [ 463 1038]
 [ 464 1039]
 [ 466 1040]
 [ 467 1039]
 [ 468 1037]
 [ 469 1036]
 [ 469 1033]
 [ 469 1030]
 [ 470 1029]
 [ 471 1027]
 [ 473 1026]
 [ 475 1025]
 [ 476 1024]
 [ 476 1023]
 [ 475 1021]
 [ 475 1019]
 [ 474 1019]
 [ 473 1018]
 [ 472 1017]
 [ 471 1016]
 [ 470 1014]
 [ 470 1012]
 [ 469 1010]
 [ 468 1009]
 [ 467 1008]
 [ 466 1007]
 [ 464 1006]
 [ 463 1006]
 [ 461 1006]
 [ 459 1006]
 [ 457 1005]
 [ 456 1004]]
Fuhrman 3, [[ 174 1017]
 [ 171 1019]
 [ 169 1020]
 [ 166 1021]
 [ 162 1021]
 [ 159 1023]
 [ 158 1025]
 [ 157 1024]
 [ 154 1024]
 [ 153 1026]
 [ 153 1029]
 [ 153 1032]
 [ 154 1035]
 [ 155 1038]
 [ 157 1041]
 [ 158 1043]
 [ 160 1044]
 [ 162 1045]
 [ 165 1045]
 [ 168 1045]
 [ 172 1044]
 [ 174 1042]
 [ 176 1041]
 [ 178 1040]
 [ 180 1040]
 [ 182 1039]
 [ 184 1039]
 [ 186 1039]
 [ 188 1039]
 [ 190 1039]
 [ 192 1040]
 [ 193 1039]
 [ 194 1037]
 [ 196 1036]
 [ 197 1035]
 [ 198 1034]
 [ 198 1032]
 [ 198 1029]
 [ 197 1026]
 [ 197 1024]
 [ 195 1022]
 [ 194 1021]
 [ 192 1020]
 [ 191 1019]
 [ 190 1018]
 [ 188 1017]
 [ 186 1016]
 [ 184 1016]
 [ 182 1017]
 [ 181 1016]
 [ 179 1016]
 [ 177 1016]
 [ 175 1016]
 [ 174 1017]]
Fuhrman 3, [[694 763]
 [694 767]
 [694 769]
 [692 770]
 [691 771]
 [690 773]
 [689 775]
 [688 777]
 [688 780]
 [689 782]
 [690 784]
 [692 785]
 [694 786]
 [697 787]
 [701 786]
 [704 786]
 [707 785]
 [709 784]
 [710 782]
 [712 781]
 [714 780]
 [717 778]
 [720 775]
 [721 773]
 [723 773]
 [723 772]
 [724 771]
 [724 769]
 [725 767]
 [725 765]
 [727 764]
 [728 763]
 [728 761]
 [727 758]
 [726 756]
 [725 754]
 [723 753]
 [721 752]
 [719 752]
 [718 752]
 [716 751]
 [714 750]
 [712 750]
 [710 750]
 [707 751]
 [705 752]
 [704 753]
 [702 753]
 [700 754]
 [698 755]
 [696 757]
 [695 758]
 [695 760]
 [695 762]
 [694 763]]
Fuhrman 3, [[745 782]
 [742 786]
 [741 789]
 [740 791]
 [739 793]
 [740 796]
 [740 799]
 [741 800]
 [743 801]
 [747 801]
 [749 801]
 [751 801]
 [752 803]
 [754 804]
 [757 804]
 [761 804]
 [764 804]
 [767 803]
 [769 802]
 [771 801]
 [772 801]
 [774 801]
 [776 800]
 [777 799]
 [779 796]
 [780 794]
 [781 791]
 [782 788]
 [783 786]
 [783 783]
 [783 780]
 [781 777]
 [778 775]
 [775 773]
 [771 771]
 [767 770]
 [764 769]
 [761 769]
 [759 769]
 [755 772]
 [752 774]
 [749 777]
 [747 779]
 [745 781]
 [745 782]]
Fuhrman 3, [[750 130]
 [747 134]
 [747 137]
 [747 142]
 [748 145]
 [749 148]
 [750 151]
 [752 154]
 [754 157]
 [757 160]
 [760 162]
 [763 163]
 [766 164]
 [770 165]
 [772 164]
 [774 163]
 [776 161]
 [777 158]
 [778 155]
 [779 152]
 [780 150]
 [781 146]
 [782 142]
 [781 137]
 [781 134]
 [779 133]
 [778 132]
 [777 131]
 [776 129]
 [773 127]
 [770 125]
 [768 124]
 [766 123]
 [763 123]
 [760 124]
 [756 125]
 [753 127]
 [751 129]
 [750 130]]
Fuhrman 3, [[627 110]
 [626 111]
 [625 112]
 [624 115]
 [623 119]
 [623 122]
 [623 126]
 [623 130]
 [623 134]
 [624 138]
 [624 142]
 [625 146]
 [627 148]
 [629 149]
 [631 149]
 [632 150]
 [633 152]
 [635 152]
 [637 152]
 [639 151]
 [641 151]
 [644 150]
 [646 149]
 [649 147]
 [651 144]
 [652 141]
 [652 138]
 [653 133]
 [654 129]
 [654 127]
 [655 124]
 [656 120]
 [656 117]
 [655 113]
 [654 111]
 [652 108]
 [649 106]
 [646 105]
 [643 104]
 [640 104]
 [636 105]
 [634 106]
 [632 107]
 [630 107]
 [629 108]
 [627 110]]
Fuhrman 3, [[809 159]
 [807 161]
 [806 163]
 [806 167]
 [805 170]
 [805 175]
 [806 178]
 [807 182]
 [809 185]
 [811 187]
 [813 189]
 [816 190]
 [818 191]
 [820 191]
 [823 191]
 [827 191]
 [831 190]
 [834 188]
 [836 187]
 [838 184]
 [839 183]
 [839 181]
 [839 179]
 [839 177]
 [838 176]
 [837 175]
 [836 174]
 [837 173]
 [838 171]
 [839 169]
 [839 167]
 [839 165]
 [839 163]
 [837 160]
 [835 158]
 [832 156]
 [829 155]
 [824 155]
 [820 155]
 [817 155]
 [814 156]
 [811 157]
 [810 158]
 [809 159]]
Fuhrman 3, [[847 450]
 [843 451]
 [840 450]
 [840 450]
 [840 450]
 [838 450]
 [837 452]
 [835 454]
 [832 456]
 [829 459]
 [827 463]
 [826 467]
 [825 471]
 [825 473]
 [826 474]
 [827 476]
 [828 478]
 [829 480]
 [832 482]
 [834 485]
 [837 487]
 [840 489]
 [843 491]
 [846 492]
 [849 493]
 [852 495]
 [856 495]
 [860 495]
 [863 495]
 [868 493]
 [872 490]
 [875 487]
 [878 484]
 [881 482]
 [882 481]
 [882 480]
 [883 477]
 [883 473]
 [881 469]
 [879 466]
 [875 462]
 [873 459]
 [870 457]
 [866 456]
 [865 455]
 [863 454]
 [860 452]
 [858 451]
 [855 450]
 [852 450]
 [850 450]
 [847 450]]
Fuhrman 3, [[ 985  418]
 [ 983  420]
 [ 982  421]
 [ 981  422]
 [ 978  422]
 [ 977  424]
 [ 975  426]
 [ 975  429]
 [ 975  431]
 [ 976  434]
 [ 977  436]
 [ 979  438]
 [ 982  441]
 [ 985  443]
 [ 988  445]
 [ 991  446]
 [ 994  447]
 [ 996  447]
 [ 998  446]
 [1000  446]
 [1001  446]
 [1002  447]
 [1005  448]
 [1007  448]
 [1011  448]
 [1014  448]
 [1015  448]
 [1016  446]
 [1018  444]
 [1019  442]
 [1019  440]
 [1019  438]
 [1019  436]
 [1018  433]
 [1018  431]
 [1017  429]
 [1015  427]
 [1013  424]
 [1011  422]
 [1008  420]
 [1005  418]
 [1002  417]
 [1000  416]
 [ 996  416]
 [ 992  416]
 [ 988  417]
 [ 986  418]
 [ 985  418]]
Fuhrman 3, [[819 509]
 [817 510]
 [816 510]
 [815 512]
 [814 512]
 [813 512]
 [811 512]
 [809 512]
 [807 514]
 [806 517]
 [806 519]
 [806 521]
 [806 524]
 [806 526]
 [807 529]
 [808 531]
 [809 533]
 [811 535]
 [813 537]
 [815 538]
 [818 539]
 [821 539]
 [823 538]
 [824 537]
 [825 537]
 [826 538]
 [828 539]
 [829 540]
 [831 541]
 [833 541]
 [835 541]
 [837 540]
 [839 538]
 [841 536]
 [843 534]
 [844 531]
 [844 529]
 [844 528]
 [845 526]
 [845 523]
 [844 521]
 [843 518]
 [841 516]
 [838 514]
 [836 513]
 [835 512]
 [834 511]
 [832 510]
 [830 510]
 [826 510]
 [825 510]
 [824 509]
 [821 509]
 [819 509]
 [819 509]]
Fuhrman 3, [[1174  643]
 [1172  644]
 [1171  645]
 [1170  646]
 [1169  647]
 [1170  649]
 [1171  649]
 [1171  650]
 [1171  652]
 [1170  653]
 [1169  656]
 [1167  658]
 [1164  659]
 [1163  660]
 [1162  662]
 [1162  663]
 [1161  664]
 [1160  665]
 [1158  667]
 [1158  669]
 [1159  671]
 [1160  672]
 [1161  673]
 [1162  675]
 [1164  676]
 [1166  677]
 [1169  678]
 [1173  678]
 [1176  678]
 [1179  677]
 [1181  676]
 [1184  676]
 [1185  675]
 [1185  673]
 [1187  672]
 [1189  671]
 [1190  669]
 [1191  667]
 [1191  665]
 [1191  663]
 [1191  662]
 [1193  661]
 [1195  659]
 [1196  658]
 [1197  655]
 [1197  653]
 [1197  651]
 [1196  648]
 [1194  646]
 [1193  644]
 [1191  643]
 [1189  641]
 [1186  641]
 [1183  640]
 [1179  640]
 [1177  641]
 [1175  642]
 [1174  643]]
Fuhrman 3, [[1036  741]
 [1031  743]
 [1027  746]
 [1025  750]
 [1023  754]
 [1022  758]
 [1023  762]
 [1025  765]
 [1026  766]
 [1027  767]
 [1029  769]
 [1032  772]
 [1034  773]
 [1038  775]
 [1041  776]
 [1044  776]
 [1048  776]
 [1052  773]
 [1055  771]
 [1058  768]
 [1060  765]
 [1061  761]
 [1063  759]
 [1065  756]
 [1067  755]
 [1068  753]
 [1068  751]
 [1067  749]
 [1067  747]
 [1066  744]
 [1064  743]
 [1063  741]
 [1061  740]
 [1060  739]
 [1059  738]
 [1056  737]
 [1053  738]
 [1051  738]
 [1050  738]
 [1049  738]
 [1048  737]
 [1046  736]
 [1043  737]
 [1041  737]
 [1039  737]
 [1038  738]
 [1037  740]
 [1036  741]
 [1036  741]]
Fuhrman 3, [[1211  841]
 [1209  839]
 [1207  838]
 [1205  837]
 [1201  836]
 [1197  836]
 [1195  836]
 [1193  837]
 [1192  839]
 [1191  840]
 [1191  843]
 [1191  846]
 [1191  848]
 [1192  850]
 [1193  853]
 [1195  855]
 [1197  857]
 [1200  858]
 [1202  860]
 [1205  861]
 [1208  861]
 [1211  862]
 [1214  862]
 [1216  861]
 [1217  860]
 [1219  860]
 [1221  860]
 [1223  859]
 [1224  857]
 [1225  855]
 [1225  854]
 [1225  852]
 [1224  850]
 [1223  848]
 [1221  847]
 [1219  846]
 [1218  845]
 [1217  843]
 [1215  842]
 [1214  841]
 [1213  841]
 [1211  841]]
Fuhrman 3, [[1833  767]
 [1836  767]
 [1839  767]
 [1842  767]
 [1845  765]
 [1847  763]
 [1850  761]
 [1851  758]
 [1852  756]
 [1854  755]
 [1856  753]
 [1860  750]
 [1861  748]
 [1862  745]
 [1862  743]
 [1861  741]
 [1858  739]
 [1854  737]
 [1852  736]
 [1849  734]
 [1846  734]
 [1842  734]
 [1837  736]
 [1834  739]
 [1831  742]
 [1827  744]
 [1826  746]
 [1821  748]
 [1819  751]
 [1817  752]
 [1816  754]
 [1815  757]
 [1814  759]
 [1815  761]
 [1815  764]
 [1815  766]
 [1816  768]
 [1818  769]
 [1820  769]
 [1821  770]
 [1823  770]
 [1825  770]
 [1827  769]
 [1829  768]
 [1830  768]
 [1832  767]
 [1833  767]]
Fuhrman 3, [[1755  300]
 [1758  298]
 [1760  295]
 [1762  293]
 [1764  289]
 [1766  286]
 [1767  282]
 [1767  278]
 [1766  276]
 [1766  273]
 [1765  272]
 [1763  269]
 [1761  268]
 [1759  267]
 [1755  266]
 [1750  266]
 [1746  267]
 [1741  269]
 [1739  270]
 [1737  271]
 [1735  273]
 [1733  276]
 [1730  278]
 [1729  281]
 [1727  281]
 [1726  282]
 [1725  284]
 [1725  286]
 [1725  288]
 [1725  291]
 [1725  293]
 [1727  296]
 [1728  298]
 [1730  301]
 [1732  302]
 [1735  303]
 [1738  304]
 [1742  304]
 [1745  304]
 [1748  303]
 [1750  303]
 [1752  302]
 [1754  301]
 [1756  300]]
