Fuhrman 3, [[126  71]
 [122  72]
 [121  73]
 [120  74]
 [119  75]
 [118  77]
 [117  79]
 [114  81]
 [113  84]
 [112  86]
 [112  89]
 [112  93]
 [112  96]
 [114  99]
 [115 101]
 [115 103]
 [117 105]
 [118 106]
 [121 107]
 [124 108]
 [127 109]
 [131 109]
 [134 109]
 [137 109]
 [140 108]
 [143 107]
 [145 107]
 [145 105]
 [145 104]
 [146 103]
 [147 100]
 [148  99]
 [149  97]
 [150  95]
 [150  93]
 [150  88]
 [148  84]
 [147  81]
 [145  78]
 [143  76]
 [141  75]
 [140  74]
 [138  72]
 [135  70]
 [132  70]
 [129  70]
 [127  70]
 [126  71]]
Fuhrman 3, [[156 151]
 [155 154]
 [154 155]
 [153 156]
 [152 158]
 [151 163]
 [150 167]
 [150 171]
 [151 173]
 [152 175]
 [153 177]
 [155 179]
 [156 181]
 [158 182]
 [160 184]
 [162 184]
 [165 185]
 [167 185]
 [171 185]
 [173 184]
 [176 183]
 [178 182]
 [179 181]
 [180 179]
 [180 176]
 [182 173]
 [184 170]
 [185 168]
 [186 166]
 [187 163]
 [188 160]
 [189 157]
 [189 153]
 [189 150]
 [188 148]
 [187 146]
 [186 144]
 [185 143]
 [185 141]
 [183 140]
 [182 139]
 [179 138]
 [177 138]
 [175 138]
 [171 139]
 [168 140]
 [164 142]
 [162 144]
 [160 144]
 [159 144]
 [158 145]
 [157 147]
 [157 148]
 [157 150]
 [156 151]]
Fuhrman 3, [[426 131]
 [423 134]
 [421 136]
 [418 138]
 [416 141]
 [415 143]
 [414 145]
 [413 147]
 [414 150]
 [414 152]
 [415 155]
 [416 156]
 [418 157]
 [421 158]
 [425 158]
 [429 158]
 [432 157]
 [435 155]
 [438 153]
 [442 150]
 [445 148]
 [448 145]
 [450 142]
 [451 140]
 [452 138]
 [453 136]
 [455 136]
 [456 135]
 [457 134]
 [457 132]
 [457 130]
 [456 128]
 [456 126]
 [455 124]
 [453 123]
 [452 122]
 [450 121]
 [448 120]
 [445 120]
 [442 121]
 [439 121]
 [436 123]
 [434 124]
 [431 126]
 [429 128]
 [427 130]
 [426 131]]
Fuhrman 3, [[424 349]
 [419 350]
 [418 351]
 [416 352]
 [413 355]
 [411 358]
 [409 361]
 [408 363]
 [408 364]
 [408 366]
 [409 367]
 [408 368]
 [406 368]
 [404 368]
 [404 369]
 [405 370]
 [406 371]
 [407 373]
 [407 376]
 [407 378]
 [406 379]
 [405 380]
 [405 382]
 [405 383]
 [406 385]
 [407 386]
 [409 387]
 [411 388]
 [413 388]
 [416 389]
 [419 390]
 [421 390]
 [422 391]
 [424 392]
 [425 392]
 [427 392]
 [430 392]
 [433 392]
 [436 390]
 [438 388]
 [441 385]
 [443 382]
 [444 379]
 [446 378]
 [446 375]
 [446 372]
 [446 368]
 [446 363]
 [445 359]
 [444 357]
 [443 356]
 [442 355]
 [439 352]
 [436 351]
 [434 350]
 [433 349]
 [431 349]
 [428 349]
 [426 349]
 [424 349]]
Fuhrman 3, [[107 396]
 [105 396]
 [102 396]
 [101 396]
 [ 99 396]
 [ 96 397]
 [ 96 397]
 [ 93 398]
 [ 90 398]
 [ 88 400]
 [ 85 401]
 [ 83 403]
 [ 82 405]
 [ 82 406]
 [ 81 408]
 [ 82 410]
 [ 82 412]
 [ 84 413]
 [ 85 415]
 [ 86 415]
 [ 87 415]
 [ 89 416]
 [ 91 416]
 [ 93 416]
 [ 94 416]
 [ 96 416]
 [ 96 417]
 [ 98 417]
 [ 99 417]
 [100 417]
 [102 417]
 [103 417]
 [105 417]
 [107 418]
 [110 418]
 [111 419]
 [113 419]
 [114 419]
 [116 419]
 [117 420]
 [119 420]
 [119 420]
 [120 420]
 [121 421]
 [122 421]
 [124 421]
 [126 422]
 [128 422]
 [130 422]
 [132 421]
 [133 420]
 [134 419]
 [135 417]
 [135 416]
 [136 415]
 [136 413]
 [136 411]
 [134 408]
 [133 406]
 [131 404]
 [129 402]
 [125 400]
 [122 398]
 [119 397]
 [117 397]
 [114 396]
 [111 396]
 [109 396]
 [107 396]]
Fuhrman 3, [[672 523]
 [668 524]
 [664 525]
 [660 527]
 [657 529]
 [654 532]
 [652 534]
 [651 536]
 [650 538]
 [650 541]
 [651 543]
 [652 544]
 [654 546]
 [656 548]
 [659 549]
 [660 549]
 [661 549]
 [662 550]
 [665 550]
 [669 550]
 [672 550]
 [673 550]
 [675 550]
 [677 550]
 [679 550]
 [682 550]
 [684 549]
 [685 548]
 [688 547]
 [691 547]
 [694 545]
 [696 543]
 [697 541]
 [698 539]
 [699 537]
 [700 536]
 [700 533]
 [700 530]
 [698 527]
 [696 525]
 [694 525]
 [692 524]
 [690 524]
 [689 524]
 [688 522]
 [687 522]
 [685 522]
 [684 522]
 [683 524]
 [681 524]
 [677 524]
 [676 523]
 [674 523]
 [673 523]
 [672 523]]
Fuhrman 3, [[ 989  471]
 [ 987  471]
 [ 986  471]
 [ 985  472]
 [ 984  473]
 [ 982  473]
 [ 980  473]
 [ 978  473]
 [ 976  474]
 [ 975  476]
 [ 974  479]
 [ 973  482]
 [ 973  485]
 [ 973  487]
 [ 973  489]
 [ 974  490]
 [ 976  491]
 [ 978  493]
 [ 979  493]
 [ 979  494]
 [ 979  496]
 [ 979  497]
 [ 979  499]
 [ 979  503]
 [ 980  506]
 [ 982  508]
 [ 983  509]
 [ 985  509]
 [ 986  509]
 [ 988  509]
 [ 991  509]
 [ 992  509]
 [ 993  509]
 [ 995  509]
 [ 996  509]
 [ 999  509]
 [1000  509]
 [1002  508]
 [1004  508]
 [1005  507]
 [1007  506]
 [1008  506]
 [1009  505]
 [1011  504]
 [1011  503]
 [1012  502]
 [1013  500]
 [1014  498]
 [1014  496]
 [1015  495]
 [1015  494]
 [1015  492]
 [1015  491]
 [1015  489]
 [1014  487]
 [1013  485]
 [1012  483]
 [1011  482]
 [1010  482]
 [1009  481]
 [1008  480]
 [1008  479]
 [1007  478]
 [1007  477]
 [1006  476]
 [1005  475]
 [1004  474]
 [1003  473]
 [1001  472]
 [ 999  472]
 [ 997  472]
 [ 995  472]
 [ 993  472]
 [ 991  472]
 [ 990  471]
 [ 989  471]]
Fuhrman 3, [[590 376]
 [587 377]
 [584 379]
 [581 381]
 [579 383]
 [577 385]
 [577 387]
 [577 389]
 [577 391]
 [576 392]
 [576 394]
 [576 397]
 [577 398]
 [578 399]
 [579 400]
 [581 401]
 [583 401]
 [585 402]
 [586 402]
 [587 403]
 [589 403]
 [591 404]
 [594 404]
 [596 403]
 [599 401]
 [600 400]
 [601 401]
 [603 401]
 [606 399]
 [608 397]
 [610 395]
 [611 393]
 [612 390]
 [614 388]
 [617 387]
 [619 386]
 [620 385]
 [620 383]
 [620 382]
 [620 381]
 [619 380]
 [617 378]
 [615 377]
 [613 376]
 [612 376]
 [610 374]
 [608 373]
 [605 373]
 [599 373]
 [597 373]
 [594 374]
 [592 375]
 [591 376]
 [590 376]]
Fuhrman 3, [[892 842]
 [890 842]
 [887 843]
 [886 843]
 [884 843]
 [882 843]
 [880 844]
 [877 846]
 [876 847]
 [875 848]
 [874 848]
 [874 848]
 [873 849]
 [872 851]
 [871 854]
 [871 856]
 [871 857]
 [871 859]
 [870 860]
 [870 862]
 [869 863]
 [869 865]
 [870 867]
 [871 869]
 [873 871]
 [874 872]
 [875 873]
 [877 874]
 [878 875]
 [880 875]
 [881 876]
 [881 877]
 [882 878]
 [883 878]
 [884 879]
 [886 879]
 [888 879]
 [889 878]
 [891 878]
 [893 877]
 [896 877]
 [897 876]
 [899 874]
 [901 873]
 [902 871]
 [903 869]
 [903 868]
 [905 866]
 [906 865]
 [906 863]
 [906 862]
 [906 860]
 [907 858]
 [906 856]
 [906 854]
 [906 852]
 [906 850]
 [906 848]
 [905 847]
 [905 844]
 [904 844]
 [902 843]
 [899 842]
 [897 842]
 [894 842]
 [893 842]
 [892 842]]
Fuhrman 3, [[ 153 1071]
 [ 156 1072]
 [ 158 1072]
 [ 160 1073]
 [ 162 1074]
 [ 164 1075]
 [ 165 1075]
 [ 167 1075]
 [ 170 1075]
 [ 174 1075]
 [ 177 1075]
 [ 180 1075]
 [ 183 1075]
 [ 185 1074]
 [ 187 1074]
 [ 188 1073]
 [ 190 1072]
 [ 191 1070]
 [ 191 1069]
 [ 192 1067]
 [ 193 1065]
 [ 193 1063]
 [ 193 1060]
 [ 193 1057]
 [ 192 1056]
 [ 192 1055]
 [ 191 1055]
 [ 190 1054]
 [ 189 1052]
 [ 188 1050]
 [ 187 1049]
 [ 185 1048]
 [ 183 1047]
 [ 180 1045]
 [ 179 1045]
 [ 178 1044]
 [ 177 1043]
 [ 175 1042]
 [ 173 1042]
 [ 171 1041]
 [ 170 1041]
 [ 169 1040]
 [ 167 1040]
 [ 166 1039]
 [ 162 1038]
 [ 160 1037]
 [ 158 1036]
 [ 156 1036]
 [ 155 1036]
 [ 153 1036]
 [ 152 1037]
 [ 150 1037]
 [ 147 1038]
 [ 144 1040]
 [ 142 1041]
 [ 140 1042]
 [ 139 1044]
 [ 138 1046]
 [ 138 1048]
 [ 138 1051]
 [ 139 1053]
 [ 140 1055]
 [ 141 1058]
 [ 143 1061]
 [ 145 1063]
 [ 147 1066]
 [ 148 1068]
 [ 150 1070]
 [ 151 1071]
 [ 152 1071]
 [ 153 1071]]
Fuhrman 3, [[222 800]
 [220 803]
 [220 805]
 [218 805]
 [217 806]
 [215 808]
 [214 810]
 [213 813]
 [211 815]
 [210 817]
 [209 819]
 [209 822]
 [209 825]
 [209 828]
 [210 830]
 [211 832]
 [213 833]
 [214 834]
 [216 836]
 [218 836]
 [220 836]
 [223 836]
 [225 836]
 [225 834]
 [228 832]
 [230 831]
 [233 827]
 [235 824]
 [236 820]
 [239 816]
 [240 814]
 [242 813]
 [243 811]
 [243 809]
 [245 808]
 [246 806]
 [247 803]
 [247 801]
 [246 798]
 [245 795]
 [243 792]
 [242 790]
 [240 790]
 [237 790]
 [235 791]
 [234 791]
 [232 792]
 [229 792]
 [227 793]
 [226 795]
 [224 796]
 [224 797]
 [224 798]
 [224 799]
 [223 799]
 [222 800]
 [222 800]]
Fuhrman 3, [[977 619]
 [974 621]
 [972 622]
 [971 622]
 [969 624]
 [968 625]
 [967 628]
 [967 631]
 [967 632]
 [966 632]
 [966 634]
 [966 636]
 [966 639]
 [967 641]
 [968 644]
 [970 646]
 [971 647]
 [972 649]
 [973 650]
 [974 651]
 [976 651]
 [978 652]
 [981 651]
 [984 651]
 [986 650]
 [988 649]
 [988 648]
 [989 648]
 [992 647]
 [993 646]
 [994 645]
 [995 642]
 [996 640]
 [996 639]
 [997 638]
 [997 634]
 [997 632]
 [996 630]
 [997 628]
 [997 625]
 [996 623]
 [995 620]
 [993 619]
 [991 617]
 [989 615]
 [987 615]
 [986 615]
 [985 616]
 [983 616]
 [980 617]
 [979 618]
 [977 619]
 [976 619]]
Fuhrman 3, [[1391  539]
 [1392  537]
 [1392  534]
 [1393  529]
 [1393  526]
 [1391  525]
 [1390  522]
 [1389  520]
 [1387  518]
 [1386  517]
 [1385  516]
 [1384  515]
 [1381  514]
 [1379  515]
 [1376  515]
 [1374  516]
 [1372  517]
 [1371  517]
 [1370  517]
 [1369  518]
 [1369  519]
 [1368  520]
 [1368  521]
 [1366  523]
 [1362  526]
 [1361  528]
 [1359  529]
 [1358  531]
 [1357  532]
 [1356  533]
 [1356  535]
 [1355  537]
 [1355  540]
 [1355  542]
 [1355  544]
 [1355  545]
 [1356  545]
 [1356  547]
 [1357  548]
 [1358  550]
 [1360  551]
 [1363  552]
 [1365  552]
 [1367  552]
 [1370  552]
 [1371  552]
 [1372  552]
 [1374  552]
 [1376  551]
 [1378  551]
 [1380  551]
 [1381  551]
 [1383  550]
 [1384  549]
 [1385  548]
 [1387  547]
 [1388  545]
 [1389  544]
 [1389  543]
 [1390  542]
 [1391  541]
 [1391  540]
 [1391  539]]
Fuhrman 3, [[1425  448]
 [1422  450]
 [1421  451]
 [1419  451]
 [1418  453]
 [1417  455]
 [1416  458]
 [1416  461]
 [1416  465]
 [1417  468]
 [1419  471]
 [1421  474]
 [1423  476]
 [1426  478]
 [1428  479]
 [1430  480]
 [1432  481]
 [1435  481]
 [1438  481]
 [1441  481]
 [1444  480]
 [1448  479]
 [1451  478]
 [1453  477]
 [1455  475]
 [1457  473]
 [1458  470]
 [1458  467]
 [1458  464]
 [1458  460]
 [1456  457]
 [1454  453]
 [1452  451]
 [1449  449]
 [1445  447]
 [1443  446]
 [1442  445]
 [1441  445]
 [1438  444]
 [1435  445]
 [1433  445]
 [1430  446]
 [1427  447]
 [1426  448]
 [1425  448]]
Fuhrman 3, [[1794  838]
 [1793  842]
 [1792  847]
 [1792  853]
 [1794  858]
 [1795  860]
 [1796  864]
 [1798  867]
 [1801  870]
 [1804  872]
 [1806  873]
 [1810  874]
 [1813  874]
 [1815  875]
 [1818  876]
 [1819  876]
 [1822  875]
 [1825  873]
 [1828  871]
 [1830  870]
 [1833  867]
 [1834  866]
 [1836  864]
 [1837  862]
 [1838  858]
 [1838  854]
 [1837  847]
 [1836  841]
 [1834  838]
 [1830  834]
 [1827  831]
 [1824  829]
 [1824  827]
 [1821  826]
 [1818  825]
 [1815  823]
 [1812  823]
 [1808  825]
 [1805  826]
 [1802  828]
 [1800  830]
 [1798  831]
 [1797  831]
 [1796  833]
 [1796  834]
 [1796  836]
 [1794  837]
 [1794  838]]
Fuhrman 3, [[1338  940]
 [1336  942]
 [1334  944]
 [1332  946]
 [1331  950]
 [1330  952]
 [1330  955]
 [1330  957]
 [1329  958]
 [1329  960]
 [1328  963]
 [1328  965]
 [1329  968]
 [1331  970]
 [1333  972]
 [1335  974]
 [1337  975]
 [1339  976]
 [1341  977]
 [1344  977]
 [1346  977]
 [1348  977]
 [1349  976]
 [1351  975]
 [1353  974]
 [1355  973]
 [1357  971]
 [1358  969]
 [1358  966]
 [1358  963]
 [1358  961]
 [1359  959]
 [1359  957]
 [1359  956]
 [1359  954]
 [1358  953]
 [1357  952]
 [1357  950]
 [1357  947]
 [1356  945]
 [1355  943]
 [1353  941]
 [1352  940]
 [1351  938]
 [1349  938]
 [1347  937]
 [1345  937]
 [1342  938]
 [1340  939]
 [1339  940]
 [1338  940]]
Fuhrman 3, [[1108  904]
 [1106  903]
 [1105  902]
 [1104  901]
 [1103  901]
 [1102  900]
 [1101  900]
 [1100  901]
 [1099  903]
 [1098  903]
 [1097  904]
 [1096  906]
 [1095  908]
 [1095  909]
 [1094  911]
 [1093  913]
 [1093  915]
 [1093  918]
 [1093  921]
 [1094  925]
 [1095  928]
 [1097  930]
 [1098  933]
 [1099  936]
 [1101  938]
 [1102  940]
 [1104  941]
 [1105  943]
 [1106  945]
 [1109  947]
 [1111  949]
 [1113  950]
 [1115  950]
 [1117  950]
 [1119  950]
 [1121  949]
 [1125  947]
 [1126  945]
 [1128  943]
 [1128  940]
 [1127  938]
 [1126  936]
 [1125  934]
 [1126  931]
 [1126  929]
 [1125  927]
 [1123  926]
 [1122  925]
 [1121  924]
 [1120  921]
 [1119  920]
 [1119  918]
 [1118  915]
 [1117  913]
 [1115  910]
 [1113  908]
 [1112  907]
 [1111  906]
 [1109  905]
 [1108  904]]
Fuhrman 3, [[ 460  997]
 [ 457  996]
 [ 454  997]
 [ 452  998]
 [ 450  998]
 [ 448  999]
 [ 445 1000]
 [ 442 1000]
 [ 440 1001]
 [ 438 1003]
 [ 436 1007]
 [ 435 1011]
 [ 434 1015]
 [ 434 1019]
 [ 435 1023]
 [ 436 1027]
 [ 438 1031]
 [ 440 1034]
 [ 442 1036]
 [ 443 1038]
 [ 445 1040]
 [ 448 1041]
 [ 451 1042]
 [ 454 1042]
 [ 458 1043]
 [ 461 1043]
 [ 465 1042]
 [ 469 1041]
 [ 473 1039]
 [ 475 1037]
 [ 476 1036]
 [ 477 1034]
 [ 478 1033]
 [ 480 1031]
 [ 481 1028]
 [ 481 1026]
 [ 481 1020]
 [ 481 1017]
 [ 481 1013]
 [ 480 1011]
 [ 480 1008]
 [ 479 1007]
 [ 477 1006]
 [ 475 1006]
 [ 473 1003]
 [ 471 1002]
 [ 469 1000]
 [ 467  999]
 [ 465  999]
 [ 463  998]
 [ 461  998]
 [ 460  997]]
Fuhrman 3, [[815 610]
 [814 607]
 [814 603]
 [815 601]
 [814 597]
 [814 594]
 [813 593]
 [812 591]
 [810 589]
 [807 588]
 [804 587]
 [802 587]
 [800 588]
 [798 589]
 [797 591]
 [797 593]
 [795 594]
 [794 595]
 [791 598]
 [790 601]
 [789 603]
 [789 604]
 [789 605]
 [787 605]
 [785 607]
 [785 609]
 [784 611]
 [783 615]
 [782 618]
 [782 620]
 [782 622]
 [783 626]
 [784 628]
 [784 630]
 [785 633]
 [786 635]
 [788 637]
 [790 639]
 [792 641]
 [794 643]
 [796 643]
 [798 643]
 [801 642]
 [804 641]
 [807 640]
 [808 639]
 [809 637]
 [811 635]
 [812 633]
 [814 630]
 [815 628]
 [815 626]
 [816 625]
 [816 623]
 [816 620]
 [816 618]
 [815 616]
 [815 613]
 [815 610]]
Fuhrman 3, [[1902  211]
 [1901  211]
 [1900  211]
 [1898  210]
 [1897  210]
 [1897  211]
 [1896  213]
 [1896  213]
 [1894  214]
 [1892  215]
 [1891  217]
 [1890  219]
 [1889  220]
 [1889  222]
 [1890  224]
 [1891  226]
 [1892  228]
 [1893  230]
 [1894  235]
 [1895  237]
 [1896  239]
 [1896  241]
 [1896  244]
 [1896  247]
 [1895  249]
 [1894  250]
 [1894  251]
 [1894  253]
 [1894  256]
 [1896  258]
 [1897  259]
 [1899  260]
 [1901  260]
 [1904  259]
 [1906  258]
 [1908  257]
 [1910  254]
 [1912  252]
 [1913  251]
 [1913  249]
 [1914  248]
 [1915  247]
 [1916  246]
 [1917  244]
 [1917  242]
 [1917  240]
 [1917  239]
 [1918  237]
 [1917  234]
 [1917  232]
 [1916  230]
 [1915  228]
 [1914  226]
 [1913  224]
 [1912  222]
 [1912  221]
 [1911  220]
 [1910  216]
 [1909  215]
 [1908  214]
 [1906  213]
 [1905  213]
 [1905  212]
 [1904  211]
 [1903  211]
 [1902  211]
 [1902  211]]
