Fuhrman 3, [[101 357]
 [ 99 358]
 [ 98 358]
 [ 97 359]
 [ 96 360]
 [ 94 360]
 [ 91 360]
 [ 90 361]
 [ 90 362]
 [ 89 363]
 [ 88 364]
 [ 87 365]
 [ 87 366]
 [ 87 367]
 [ 87 368]
 [ 86 368]
 [ 85 368]
 [ 84 369]
 [ 83 371]
 [ 83 373]
 [ 83 375]
 [ 83 378]
 [ 83 379]
 [ 83 380]
 [ 84 381]
 [ 84 382]
 [ 85 384]
 [ 86 385]
 [ 87 386]
 [ 88 387]
 [ 88 388]
 [ 89 388]
 [ 90 389]
 [ 92 389]
 [ 94 389]
 [ 96 389]
 [ 96 389]
 [ 97 390]
 [ 98 391]
 [ 99 391]
 [101 391]
 [103 391]
 [105 390]
 [107 389]
 [109 388]
 [109 388]
 [109 387]
 [110 386]
 [111 386]
 [112 387]
 [113 386]
 [114 386]
 [115 385]
 [117 384]
 [119 383]
 [120 382]
 [121 380]
 [122 380]
 [123 379]
 [123 378]
 [124 376]
 [124 374]
 [124 372]
 [124 369]
 [123 367]
 [121 364]
 [120 363]
 [119 361]
 [117 360]
 [116 359]
 [115 358]
 [114 357]
 [112 357]
 [110 357]
 [107 357]
 [104 357]
 [102 357]
 [101 357]]
Fuhrman 3, [[ 19 605]
 [ 17 605]
 [ 15 605]
 [ 13 606]
 [ 12 607]
 [ 11 608]
 [ 10 610]
 [ 10 612]
 [ 10 614]
 [ 10 616]
 [ 11 617]
 [ 12 618]
 [ 13 619]
 [ 14 620]
 [ 15 620]
 [ 15 621]
 [ 16 621]
 [ 17 623]
 [ 17 625]
 [ 18 627]
 [ 20 628]
 [ 21 629]
 [ 23 630]
 [ 24 631]
 [ 26 631]
 [ 28 632]
 [ 30 633]
 [ 32 633]
 [ 35 634]
 [ 38 634]
 [ 41 634]
 [ 42 633]
 [ 45 633]
 [ 46 633]
 [ 48 632]
 [ 50 631]
 [ 52 629]
 [ 53 627]
 [ 54 626]
 [ 54 624]
 [ 54 622]
 [ 54 621]
 [ 54 620]
 [ 53 619]
 [ 52 618]
 [ 52 616]
 [ 51 614]
 [ 49 613]
 [ 48 612]
 [ 46 611]
 [ 44 611]
 [ 42 611]
 [ 41 610]
 [ 41 609]
 [ 40 608]
 [ 37 608]
 [ 36 607]
 [ 35 607]
 [ 33 606]
 [ 32 606]
 [ 31 605]
 [ 29 605]
 [ 26 604]
 [ 23 604]
 [ 21 604]
 [ 19 605]]
Fuhrman 3, [[323 594]
 [320 596]
 [319 597]
 [318 598]
 [318 599]
 [318 600]
 [319 600]
 [319 601]
 [319 602]
 [319 604]
 [318 605]
 [317 607]
 [317 609]
 [317 610]
 [316 612]
 [316 613]
 [316 615]
 [315 617]
 [315 619]
 [315 621]
 [316 622]
 [317 623]
 [318 624]
 [319 625]
 [319 626]
 [319 628]
 [318 630]
 [319 632]
 [320 633]
 [321 634]
 [323 635]
 [325 635]
 [327 636]
 [328 637]
 [329 638]
 [331 638]
 [332 638]
 [334 637]
 [335 638]
 [336 638]
 [338 639]
 [339 638]
 [341 637]
 [343 637]
 [344 635]
 [346 633]
 [348 631]
 [350 630]
 [352 629]
 [354 628]
 [356 627]
 [357 625]
 [358 624]
 [357 621]
 [357 618]
 [357 616]
 [356 614]
 [355 612]
 [353 610]
 [353 608]
 [352 605]
 [352 603]
 [350 602]
 [349 600]
 [347 597]
 [346 595]
 [344 593]
 [341 591]
 [338 590]
 [333 590]
 [330 590]
 [327 591]
 [325 592]
 [323 594]]
Fuhrman 3, [[516 598]
 [513 595]
 [510 594]
 [508 593]
 [505 594]
 [503 595]
 [501 595]
 [500 596]
 [499 597]
 [498 599]
 [499 601]
 [499 603]
 [497 605]
 [496 607]
 [495 610]
 [494 614]
 [494 618]
 [494 621]
 [495 624]
 [497 627]
 [499 630]
 [501 632]
 [504 634]
 [506 635]
 [510 635]
 [512 636]
 [516 636]
 [518 635]
 [521 634]
 [523 632]
 [525 631]
 [526 628]
 [527 626]
 [527 623]
 [527 620]
 [526 618]
 [525 617]
 [523 615]
 [523 613]
 [524 611]
 [524 609]
 [524 606]
 [522 604]
 [520 601]
 [517 599]
 [516 598]]
Fuhrman 3, [[430 873]
 [428 873]
 [427 873]
 [425 873]
 [424 873]
 [423 875]
 [422 876]
 [421 878]
 [421 880]
 [420 883]
 [420 886]
 [421 889]
 [422 891]
 [424 894]
 [426 895]
 [427 896]
 [429 896]
 [432 897]
 [435 897]
 [437 897]
 [440 897]
 [441 897]
 [444 898]
 [445 898]
 [447 899]
 [448 899]
 [450 900]
 [452 901]
 [454 901]
 [456 901]
 [458 901]
 [459 900]
 [461 899]
 [462 898]
 [462 897]
 [462 895]
 [462 894]
 [462 892]
 [461 891]
 [460 889]
 [458 888]
 [457 887]
 [455 886]
 [453 884]
 [453 883]
 [451 881]
 [449 879]
 [448 877]
 [446 875]
 [443 873]
 [441 872]
 [439 871]
 [436 871]
 [433 871]
 [432 872]
 [430 872]
 [430 872]]
Fuhrman 3, [[514 793]
 [512 796]
 [511 796]
 [510 798]
 [509 801]
 [508 804]
 [508 806]
 [508 807]
 [507 809]
 [506 810]
 [505 813]
 [505 818]
 [506 821]
 [506 824]
 [507 826]
 [508 828]
 [510 830]
 [512 831]
 [514 833]
 [515 834]
 [516 835]
 [518 836]
 [520 836]
 [522 836]
 [524 834]
 [526 832]
 [528 832]
 [529 831]
 [530 829]
 [532 827]
 [533 824]
 [534 822]
 [535 819]
 [535 815]
 [536 813]
 [536 810]
 [536 807]
 [537 805]
 [537 801]
 [537 798]
 [536 796]
 [535 793]
 [533 790]
 [530 789]
 [528 788]
 [526 788]
 [522 788]
 [519 789]
 [517 791]
 [514 793]]
Fuhrman 3, [[ 185 1004]
 [ 183 1003]
 [ 181 1001]
 [ 178 1001]
 [ 176 1001]
 [ 174 1002]
 [ 172 1004]
 [ 170 1006]
 [ 168 1009]
 [ 166 1012]
 [ 165 1015]
 [ 165 1018]
 [ 164 1021]
 [ 163 1024]
 [ 163 1027]
 [ 163 1030]
 [ 163 1033]
 [ 163 1035]
 [ 163 1037]
 [ 164 1039]
 [ 166 1040]
 [ 168 1041]
 [ 171 1042]
 [ 173 1043]
 [ 175 1043]
 [ 177 1043]
 [ 178 1042]
 [ 180 1041]
 [ 181 1041]
 [ 183 1041]
 [ 185 1042]
 [ 186 1043]
 [ 187 1044]
 [ 189 1044]
 [ 190 1044]
 [ 192 1043]
 [ 193 1041]
 [ 193 1040]
 [ 194 1038]
 [ 194 1037]
 [ 193 1034]
 [ 193 1031]
 [ 192 1028]
 [ 192 1026]
 [ 192 1024]
 [ 192 1021]
 [ 190 1019]
 [ 189 1017]
 [ 190 1016]
 [ 190 1014]
 [ 190 1011]
 [ 189 1008]
 [ 187 1006]
 [ 186 1005]
 [ 185 1004]]
Fuhrman 3, [[  74 1022]
 [  71 1021]
 [  69 1019]
 [  67 1019]
 [  65 1019]
 [  63 1020]
 [  61 1021]
 [  60 1022]
 [  58 1023]
 [  57 1024]
 [  55 1026]
 [  54 1028]
 [  53 1032]
 [  53 1036]
 [  53 1040]
 [  53 1043]
 [  53 1046]
 [  53 1048]
 [  54 1049]
 [  54 1050]
 [  56 1053]
 [  57 1056]
 [  59 1057]
 [  59 1057]
 [  60 1059]
 [  60 1061]
 [  61 1064]
 [  62 1065]
 [  64 1066]
 [  67 1067]
 [  69 1068]
 [  71 1069]
 [  74 1068]
 [  75 1067]
 [  77 1066]
 [  79 1064]
 [  80 1061]
 [  81 1058]
 [  82 1055]
 [  83 1051]
 [  83 1049]
 [  84 1046]
 [  84 1043]
 [  84 1040]
 [  84 1037]
 [  84 1035]
 [  84 1032]
 [  83 1030]
 [  82 1028]
 [  81 1026]
 [  80 1025]
 [  78 1025]
 [  76 1024]
 [  75 1024]
 [  74 1022]]
Fuhrman 3, [[914 627]
 [912 627]
 [911 626]
 [910 626]
 [909 626]
 [907 627]
 [906 629]
 [906 631]
 [906 632]
 [905 633]
 [904 635]
 [902 637]
 [902 641]
 [901 643]
 [901 646]
 [901 649]
 [901 652]
 [900 655]
 [900 658]
 [900 660]
 [900 663]
 [901 665]
 [902 666]
 [904 668]
 [906 668]
 [909 668]
 [912 668]
 [915 668]
 [918 667]
 [921 667]
 [922 665]
 [924 664]
 [926 663]
 [928 661]
 [929 659]
 [930 657]
 [932 656]
 [933 655]
 [933 653]
 [934 650]
 [934 647]
 [934 645]
 [933 643]
 [932 641]
 [932 638]
 [931 636]
 [930 633]
 [928 630]
 [926 629]
 [924 628]
 [923 627]
 [921 627]
 [918 627]
 [916 627]
 [914 627]]
Fuhrman 3, [[1163  753]
 [1160  754]
 [1158  755]
 [1156  755]
 [1153  755]
 [1150  755]
 [1148  756]
 [1147  758]
 [1147  761]
 [1146  762]
 [1144  763]
 [1142  763]
 [1140  764]
 [1139  766]
 [1138  768]
 [1138  771]
 [1139  774]
 [1141  777]
 [1143  778]
 [1144  779]
 [1146  781]
 [1148  782]
 [1150  783]
 [1152  783]
 [1154  783]
 [1155  782]
 [1157  782]
 [1159  782]
 [1161  783]
 [1163  783]
 [1166  782]
 [1167  782]
 [1169  781]
 [1172  780]
 [1173  779]
 [1175  777]
 [1176  776]
 [1177  775]
 [1176  772]
 [1176  771]
 [1177  769]
 [1176  768]
 [1176  767]
 [1175  766]
 [1174  766]
 [1173  765]
 [1173  763]
 [1175  763]
 [1176  762]
 [1177  761]
 [1177  760]
 [1177  758]
 [1177  757]
 [1176  756]
 [1174  755]
 [1173  754]
 [1171  754]
 [1168  753]
 [1166  753]
 [1163  753]]
Fuhrman 3, [[762 880]
 [761 880]
 [758 879]
 [753 878]
 [751 878]
 [749 877]
 [747 877]
 [743 877]
 [742 877]
 [741 877]
 [739 877]
 [738 877]
 [737 878]
 [736 880]
 [736 881]
 [735 882]
 [734 883]
 [734 884]
 [734 885]
 [734 887]
 [733 888]
 [733 890]
 [733 891]
 [733 893]
 [733 894]
 [734 895]
 [736 897]
 [737 898]
 [738 899]
 [740 901]
 [742 902]
 [743 902]
 [744 903]
 [746 903]
 [748 903]
 [750 902]
 [752 902]
 [754 901]
 [756 901]
 [758 901]
 [760 900]
 [760 899]
 [761 898]
 [762 898]
 [764 897]
 [766 896]
 [768 895]
 [769 893]
 [770 893]
 [770 891]
 [771 890]
 [771 889]
 [770 888]
 [770 886]
 [769 885]
 [769 884]
 [768 883]
 [766 882]
 [765 881]
 [763 881]
 [762 880]]
Fuhrman 3, [[1092  489]
 [1089  490]
 [1086  491]
 [1084  492]
 [1082  495]
 [1080  498]
 [1078  501]
 [1077  503]
 [1077  505]
 [1077  508]
 [1077  510]
 [1076  511]
 [1074  512]
 [1074  513]
 [1074  515]
 [1075  516]
 [1076  517]
 [1076  518]
 [1076  520]
 [1077  522]
 [1077  524]
 [1077  524]
 [1076  526]
 [1075  527]
 [1075  530]
 [1076  532]
 [1077  535]
 [1079  537]
 [1081  538]
 [1084  539]
 [1086  540]
 [1089  540]
 [1092  540]
 [1095  540]
 [1097  539]
 [1099  538]
 [1101  537]
 [1103  535]
 [1105  534]
 [1107  533]
 [1109  533]
 [1110  532]
 [1111  530]
 [1111  529]
 [1111  528]
 [1109  527]
 [1108  525]
 [1106  525]
 [1105  524]
 [1104  522]
 [1105  518]
 [1105  515]
 [1105  510]
 [1105  506]
 [1105  502]
 [1104  499]
 [1102  496]
 [1101  494]
 [1099  491]
 [1097  490]
 [1095  489]
 [1093  489]
 [1092  489]]
Fuhrman 3, [[1108  617]
 [1106  618]
 [1105  618]
 [1104  617]
 [1104  616]
 [1104  614]
 [1104  613]
 [1104  612]
 [1103  611]
 [1101  610]
 [1098  610]
 [1096  610]
 [1094  610]
 [1092  610]
 [1090  611]
 [1089  612]
 [1088  613]
 [1088  614]
 [1087  615]
 [1086  616]
 [1085  618]
 [1084  619]
 [1083  621]
 [1083  623]
 [1082  625]
 [1082  626]
 [1081  628]
 [1081  630]
 [1082  631]
 [1082  632]
 [1083  632]
 [1084  633]
 [1084  634]
 [1085  637]
 [1085  639]
 [1087  640]
 [1088  641]
 [1090  640]
 [1091  641]
 [1092  642]
 [1093  643]
 [1094  643]
 [1096  644]
 [1099  644]
 [1102  644]
 [1105  645]
 [1105  645]
 [1106  644]
 [1108  644]
 [1109  644]
 [1111  643]
 [1113  641]
 [1114  640]
 [1115  639]
 [1115  638]
 [1116  636]
 [1117  635]
 [1118  634]
 [1118  632]
 [1119  629]
 [1119  628]
 [1119  626]
 [1119  624]
 [1119  623]
 [1118  621]
 [1117  620]
 [1116  620]
 [1116  618]
 [1116  617]
 [1115  617]
 [1114  617]
 [1113  617]
 [1113  617]
 [1112  618]
 [1110  618]
 [1109  617]
 [1108  617]]
Fuhrman 3, [[1310  487]
 [1307  486]
 [1305  486]
 [1303  484]
 [1301  483]
 [1300  483]
 [1298  483]
 [1295  483]
 [1293  485]
 [1292  486]
 [1291  488]
 [1291  490]
 [1291  492]
 [1290  493]
 [1289  496]
 [1288  499]
 [1287  503]
 [1288  507]
 [1288  510]
 [1289  514]
 [1290  517]
 [1292  519]
 [1293  520]
 [1295  521]
 [1296  522]
 [1296  523]
 [1297  524]
 [1299  526]
 [1302  528]
 [1304  528]
 [1307  529]
 [1310  529]
 [1313  530]
 [1315  531]
 [1317  531]
 [1319  531]
 [1320  531]
 [1322  530]
 [1322  529]
 [1323  529]
 [1325  528]
 [1328  527]
 [1329  526]
 [1330  524]
 [1330  521]
 [1330  519]
 [1330  517]
 [1329  514]
 [1328  512]
 [1328  510]
 [1328  509]
 [1328  507]
 [1327  504]
 [1326  501]
 [1324  499]
 [1324  496]
 [1322  495]
 [1320  493]
 [1318  491]
 [1316  489]
 [1314  488]
 [1312  487]
 [1310  487]]
Fuhrman 3, [[1469  388]
 [1467  386]
 [1467  385]
 [1466  384]
 [1464  384]
 [1463  384]
 [1462  382]
 [1459  381]
 [1456  381]
 [1454  380]
 [1452  379]
 [1450  378]
 [1448  379]
 [1445  379]
 [1444  380]
 [1442  381]
 [1441  382]
 [1440  384]
 [1440  386]
 [1440  389]
 [1440  390]
 [1441  393]
 [1442  395]
 [1442  397]
 [1443  399]
 [1444  400]
 [1445  402]
 [1446  404]
 [1449  405]
 [1450  405]
 [1452  406]
 [1454  407]
 [1455  407]
 [1456  408]
 [1457  409]
 [1459  411]
 [1461  411]
 [1463  412]
 [1464  413]
 [1466  414]
 [1468  414]
 [1469  414]
 [1470  415]
 [1472  415]
 [1473  415]
 [1475  416]
 [1477  417]
 [1479  418]
 [1481  418]
 [1483  419]
 [1485  418]
 [1487  418]
 [1488  417]
 [1490  416]
 [1492  415]
 [1493  414]
 [1494  413]
 [1494  412]
 [1494  411]
 [1494  409]
 [1494  407]
 [1493  406]
 [1492  404]
 [1491  402]
 [1490  401]
 [1489  400]
 [1488  400]
 [1487  399]
 [1486  399]
 [1484  398]
 [1483  397]
 [1481  397]
 [1481  396]
 [1480  395]
 [1478  394]
 [1477  393]
 [1474  391]
 [1474  390]
 [1473  390]
 [1472  389]
 [1470  389]
 [1469  388]
 [1469  388]]
Fuhrman 3, [[1733  783]
 [1733  783]
 [1733  785]
 [1734  788]
 [1735  791]
 [1736  792]
 [1736  793]
 [1736  794]
 [1737  796]
 [1739  797]
 [1741  799]
 [1743  799]
 [1744  800]
 [1745  800]
 [1746  802]
 [1748  803]
 [1751  804]
 [1751  804]
 [1751  804]
 [1754  804]
 [1755  805]
 [1758  805]
 [1761  806]
 [1763  807]
 [1766  808]
 [1768  809]
 [1770  809]
 [1771  809]
 [1773  808]
 [1774  806]
 [1775  805]
 [1776  804]
 [1776  802]
 [1776  801]
 [1777  798]
 [1777  796]
 [1777  793]
 [1776  791]
 [1776  789]
 [1776  787]
 [1775  784]
 [1774  782]
 [1774  781]
 [1772  780]
 [1771  779]
 [1771  777]
 [1769  775]
 [1768  773]
 [1766  772]
 [1765  771]
 [1763  770]
 [1762  769]
 [1760  769]
 [1759  767]
 [1759  766]
 [1757  765]
 [1754  765]
 [1751  765]
 [1748  766]
 [1746  767]
 [1743  768]
 [1741  769]
 [1740  769]
 [1739  769]
 [1738  769]
 [1737  770]
 [1736  771]
 [1736  772]
 [1736  773]
 [1736  775]
 [1736  776]
 [1735  776]
 [1734  777]
 [1734  777]
 [1733  778]
 [1733  780]
 [1733  782]
 [1733  783]]
Fuhrman 3, [[889  99]
 [885  99]
 [882  99]
 [880 100]
 [878 101]
 [876 103]
 [875 103]
 [873 105]
 [872 107]
 [871 109]
 [871 110]
 [870 113]
 [869 115]
 [870 117]
 [870 119]
 [871 120]
 [872 121]
 [873 122]
 [874 122]
 [876 121]
 [878 121]
 [879 122]
 [882 122]
 [883 124]
 [885 125]
 [887 126]
 [889 128]
 [891 128]
 [893 128]
 [896 127]
 [898 126]
 [900 125]
 [902 124]
 [903 122]
 [905 120]
 [906 118]
 [906 115]
 [906 113]
 [906 110]
 [905 107]
 [904 105]
 [902 103]
 [900 101]
 [898 100]
 [896  99]
 [893  99]
 [891  99]
 [889  99]]
Fuhrman 3, [[1591  879]
 [1588  878]
 [1585  878]
 [1582  879]
 [1579  881]
 [1578  882]
 [1576  884]
 [1574  886]
 [1573  888]
 [1572  890]
 [1572  892]
 [1573  894]
 [1573  895]
 [1574  897]
 [1575  899]
 [1576  899]
 [1577  900]
 [1578  900]
 [1579  901]
 [1579  903]
 [1580  904]
 [1581  905]
 [1583  906]
 [1585  907]
 [1587  907]
 [1588  908]
 [1589  908]
 [1591  908]
 [1593  908]
 [1594  908]
 [1596  908]
 [1598  907]
 [1599  907]
 [1600  905]
 [1602  904]
 [1604  904]
 [1606  904]
 [1609  904]
 [1611  905]
 [1613  905]
 [1615  904]
 [1617  904]
 [1619  904]
 [1621  902]
 [1622  901]
 [1622  899]
 [1622  897]
 [1622  895]
 [1622  894]
 [1621  892]
 [1620  890]
 [1619  889]
 [1618  888]
 [1617  886]
 [1616  885]
 [1615  884]
 [1613  884]
 [1611  884]
 [1609  884]
 [1607  883]
 [1606  882]
 [1604  882]
 [1601  882]
 [1599  882]
 [1597  882]
 [1596  881]
 [1594  880]
 [1593  879]
 [1591  879]]
Fuhrman 3, [[1748  673]
 [1749  671]
 [1751  669]
 [1752  665]
 [1753  660]
 [1753  657]
 [1753  654]
 [1753  651]
 [1751  649]
 [1751  647]
 [1750  646]
 [1748  646]
 [1747  646]
 [1746  647]
 [1744  648]
 [1743  649]
 [1740  649]
 [1737  650]
 [1733  651]
 [1730  653]
 [1726  655]
 [1724  657]
 [1722  658]
 [1720  659]
 [1720  660]
 [1719  662]
 [1718  663]
 [1716  664]
 [1714  666]
 [1713  667]
 [1712  669]
 [1711  672]
 [1711  675]
 [1711  679]
 [1712  682]
 [1713  685]
 [1715  687]
 [1716  688]
 [1718  688]
 [1719  689]
 [1722  689]
 [1724  688]
 [1726  687]
 [1728  686]
 [1730  685]
 [1733  684]
 [1735  682]
 [1737  681]
 [1737  681]
 [1739  680]
 [1741  680]
 [1742  678]
 [1743  677]
 [1744  676]
 [1745  675]
 [1747  674]
 [1748  673]]
Fuhrman 3, [[1685  985]
 [1683  986]
 [1682  987]
 [1681  987]
 [1680  987]
 [1678  989]
 [1676  990]
 [1675  991]
 [1674  993]
 [1673  994]
 [1672  997]
 [1671  999]
 [1671 1002]
 [1671 1006]
 [1671 1010]
 [1672 1012]
 [1672 1014]
 [1674 1016]
 [1676 1018]
 [1679 1019]
 [1681 1019]
 [1683 1019]
 [1686 1019]
 [1689 1019]
 [1691 1018]
 [1692 1018]
 [1693 1016]
 [1693 1015]
 [1694 1015]
 [1695 1014]
 [1695 1013]
 [1696 1011]
 [1696 1010]
 [1698 1009]
 [1699 1007]
 [1699 1005]
 [1699 1002]
 [1699 1000]
 [1699  997]
 [1699  995]
 [1699  993]
 [1698  992]
 [1697  990]
 [1696  989]
 [1694  987]
 [1692  986]
 [1690  985]
 [1688  985]
 [1685  985]]
