Fuhrman 3, [[175 300]
 [172 302]
 [169 304]
 [166 305]
 [163 306]
 [162 308]
 [161 310]
 [160 313]
 [159 315]
 [159 317]
 [158 319]
 [157 322]
 [157 324]
 [157 327]
 [157 330]
 [157 331]
 [159 332]
 [160 333]
 [163 333]
 [165 333]
 [168 333]
 [171 333]
 [174 333]
 [177 330]
 [180 327]
 [183 324]
 [186 321]
 [188 319]
 [190 316]
 [191 313]
 [191 310]
 [190 307]
 [189 304]
 [188 303]
 [185 302]
 [183 301]
 [181 300]
 [178 300]
 [175 300]]
Fuhrman 3, [[239 339]
 [237 339]
 [235 340]
 [233 341]
 [231 341]
 [228 342]
 [227 343]
 [225 344]
 [224 346]
 [223 348]
 [224 350]
 [224 353]
 [226 356]
 [228 359]
 [231 361]
 [233 361]
 [236 361]
 [239 362]
 [241 363]
 [244 363]
 [247 363]
 [251 362]
 [253 361]
 [256 358]
 [258 356]
 [260 353]
 [262 351]
 [262 348]
 [262 344]
 [261 341]
 [259 339]
 [256 336]
 [254 335]
 [251 334]
 [249 334]
 [246 334]
 [244 335]
 [242 337]
 [240 338]
 [239 339]]
Fuhrman 3, [[127 530]
 [126 532]
 [125 534]
 [124 536]
 [123 538]
 [123 542]
 [124 545]
 [125 547]
 [127 550]
 [129 552]
 [132 554]
 [135 556]
 [138 557]
 [142 557]
 [145 556]
 [146 554]
 [149 552]
 [152 551]
 [154 551]
 [156 550]
 [157 549]
 [158 547]
 [158 544]
 [158 541]
 [157 538]
 [155 536]
 [153 533]
 [152 531]
 [150 529]
 [148 528]
 [146 527]
 [144 525]
 [141 524]
 [139 524]
 [136 524]
 [133 525]
 [131 526]
 [129 527]
 [128 528]
 [127 530]]
Fuhrman 3, [[110 608]
 [108 609]
 [106 611]
 [103 613]
 [101 616]
 [ 99 616]
 [ 97 617]
 [ 96 619]
 [ 95 621]
 [ 95 625]
 [ 95 628]
 [ 96 630]
 [ 98 631]
 [101 632]
 [103 633]
 [105 634]
 [107 635]
 [110 635]
 [114 634]
 [118 633]
 [124 631]
 [127 630]
 [130 628]
 [132 627]
 [134 624]
 [136 622]
 [137 620]
 [137 617]
 [136 614]
 [135 612]
 [133 610]
 [131 608]
 [126 607]
 [123 607]
 [119 606]
 [116 607]
 [113 607]
 [110 608]]
Fuhrman 3, [[241 572]
 [240 574]
 [239 576]
 [238 577]
 [237 577]
 [236 577]
 [232 579]
 [230 582]
 [229 584]
 [229 587]
 [229 590]
 [230 592]
 [231 593]
 [233 593]
 [234 593]
 [235 594]
 [235 597]
 [235 599]
 [234 602]
 [235 604]
 [236 607]
 [238 609]
 [242 609]
 [246 609]
 [249 608]
 [252 607]
 [256 606]
 [262 603]
 [266 600]
 [269 597]
 [272 596]
 [273 593]
 [274 590]
 [275 587]
 [273 583]
 [272 581]
 [272 579]
 [271 577]
 [268 576]
 [266 575]
 [264 573]
 [264 571]
 [262 571]
 [260 570]
 [258 569]
 [256 568]
 [253 567]
 [249 568]
 [246 570]
 [243 571]
 [241 573]]
Fuhrman 3, [[440 578]
 [439 582]
 [439 585]
 [439 589]
 [441 591]
 [443 594]
 [444 596]
 [446 599]
 [449 600]
 [452 602]
 [456 602]
 [460 602]
 [463 602]
 [468 600]
 [471 599]
 [473 596]
 [475 592]
 [476 589]
 [476 586]
 [475 583]
 [473 580]
 [471 577]
 [469 574]
 [467 572]
 [463 570]
 [459 568]
 [456 568]
 [452 568]
 [448 569]
 [444 571]
 [442 574]
 [441 576]
 [440 578]]
Fuhrman 3, [[ 996   89]
 [ 992   90]
 [ 990   91]
 [ 990   94]
 [ 990   95]
 [ 990   96]
 [ 990   97]
 [ 989   98]
 [ 987  100]
 [ 986  102]
 [ 986  104]
 [ 987  107]
 [ 988  111]
 [ 989  113]
 [ 991  116]
 [ 994  118]
 [ 998  118]
 [1003  118]
 [1006  117]
 [1009  116]
 [1012  113]
 [1012  109]
 [1012  103]
 [1011   98]
 [1010   95]
 [1008   92]
 [1004   89]
 [1000   89]
 [ 996   89]]
Fuhrman 3, [[1067  225]
 [1069  224]
 [1071  222]
 [1073  219]
 [1074  217]
 [1074  213]
 [1074  209]
 [1072  206]
 [1070  203]
 [1066  200]
 [1062  199]
 [1057  200]
 [1052  201]
 [1049  203]
 [1047  205]
 [1044  207]
 [1043  210]
 [1042  214]
 [1042  218]
 [1043  221]
 [1045  223]
 [1048  225]
 [1051  227]
 [1054  227]
 [1059  228]
 [1062  227]
 [1065  226]
 [1067  225]]
Fuhrman 3, [[1007  313]
 [1008  311]
 [1009  308]
 [1011  305]
 [1012  302]
 [1012  298]
 [1011  293]
 [1008  288]
 [1005  286]
 [1002  284]
 [ 998  283]
 [ 995  283]
 [ 991  285]
 [ 988  287]
 [ 984  290]
 [ 982  293]
 [ 981  296]
 [ 979  298]
 [ 977  302]
 [ 977  304]
 [ 977  307]
 [ 977  309]
 [ 977  312]
 [ 978  314]
 [ 978  317]
 [ 979  318]
 [ 981  320]
 [ 982  321]
 [ 985  322]
 [ 988  323]
 [ 990  323]
 [ 994  323]
 [ 996  322]
 [ 999  321]
 [1002  319]
 [1003  318]
 [1005  316]
 [1006  315]
 [1007  313]]
Fuhrman 3, [[1342  851]
 [1343  848]
 [1343  845]
 [1342  842]
 [1340  839]
 [1337  836]
 [1333  833]
 [1332  832]
 [1330  831]
 [1328  832]
 [1325  832]
 [1321  831]
 [1318  831]
 [1315  831]
 [1312  832]
 [1310  834]
 [1309  836]
 [1308  839]
 [1308  842]
 [1308  846]
 [1310  848]
 [1311  851]
 [1312  853]
 [1314  855]
 [1316  857]
 [1318  859]
 [1320  861]
 [1321  862]
 [1324  862]
 [1326  862]
 [1330  862]
 [1333  861]
 [1336  859]
 [1338  858]
 [1340  856]
 [1341  854]
 [1342  852]
 [1342  851]]
Fuhrman 3, [[1390  862]
 [1387  862]
 [1385  863]
 [1382  864]
 [1381  865]
 [1379  866]
 [1378  869]
 [1377  871]
 [1377  874]
 [1377  877]
 [1377  879]
 [1378  882]
 [1380  883]
 [1381  884]
 [1383  886]
 [1385  887]
 [1387  888]
 [1390  888]
 [1393  888]
 [1396  888]
 [1398  888]
 [1402  887]
 [1406  886]
 [1409  885]
 [1411  883]
 [1413  881]
 [1414  879]
 [1414  876]
 [1413  873]
 [1413  871]
 [1411  868]
 [1409  866]
 [1408  865]
 [1407  863]
 [1405  862]
 [1402  861]
 [1400  861]
 [1397  861]
 [1395  861]
 [1393  861]
 [1392  862]
 [1390  862]]
Fuhrman 3, [[1808 1053]
 [1811 1052]
 [1814 1051]
 [1817 1049]
 [1817 1047]
 [1818 1045]
 [1819 1042]
 [1818 1039]
 [1817 1035]
 [1815 1033]
 [1812 1031]
 [1809 1029]
 [1806 1029]
 [1803 1029]
 [1798 1030]
 [1795 1031]
 [1792 1033]
 [1790 1033]
 [1788 1035]
 [1786 1036]
 [1785 1038]
 [1785 1041]
 [1785 1043]
 [1785 1045]
 [1786 1047]
 [1788 1049]
 [1789 1051]
 [1791 1052]
 [1793 1052]
 [1796 1053]
 [1800 1054]
 [1802 1054]
 [1805 1053]
 [1807 1053]
 [1808 1053]]
Fuhrman 3, [[1777  830]
 [1780  829]
 [1783  827]
 [1785  826]
 [1787  824]
 [1788  823]
 [1789  821]
 [1788  819]
 [1787  817]
 [1785  815]
 [1783  813]
 [1781  811]
 [1778  810]
 [1774  808]
 [1769  807]
 [1766  807]
 [1763  807]
 [1760  808]
 [1756  808]
 [1754  810]
 [1751  811]
 [1749  813]
 [1748  815]
 [1747  818]
 [1747  820]
 [1748  822]
 [1750  825]
 [1753  828]
 [1755  829]
 [1759  830]
 [1763  831]
 [1767  832]
 [1770  832]
 [1774  831]
 [1776  830]
 [1777  830]]
Fuhrman 3, [[1764  568]
 [1767  566]
 [1768  565]
 [1770  562]
 [1770  560]
 [1770  556]
 [1769  553]
 [1767  550]
 [1765  547]
 [1763  545]
 [1760  544]
 [1758  542]
 [1754  540]
 [1751  540]
 [1748  540]
 [1745  541]
 [1742  543]
 [1740  544]
 [1739  545]
 [1738  545]
 [1736  546]
 [1735  548]
 [1735  551]
 [1735  554]
 [1735  557]
 [1736  560]
 [1737  562]
 [1739  564]
 [1740  565]
 [1743  566]
 [1745  568]
 [1747  569]
 [1751  570]
 [1753  570]
 [1756  570]
 [1758  570]
 [1761  570]
 [1763  569]
 [1764  568]
 [1764  568]]
Fuhrman 3, [[1507  278]
 [1503  279]
 [1501  281]
 [1500  282]
 [1498  285]
 [1497  288]
 [1496  291]
 [1496  294]
 [1497  297]
 [1498  300]
 [1499  303]
 [1502  306]
 [1506  309]
 [1509  310]
 [1511  311]
 [1515  312]
 [1519  311]
 [1522  311]
 [1525  309]
 [1528  308]
 [1530  306]
 [1532  304]
 [1534  303]
 [1535  302]
 [1536  298]
 [1536  295]
 [1535  290]
 [1533  287]
 [1532  284]
 [1530  282]
 [1528  280]
 [1526  279]
 [1524  278]
 [1522  276]
 [1521  275]
 [1518  275]
 [1515  276]
 [1514  276]
 [1511  277]
 [1509  278]
 [1507  278]]
Fuhrman 3, [[1663  418]
 [1661  421]
 [1660  423]
 [1659  426]
 [1659  430]
 [1660  433]
 [1662  436]
 [1664  440]
 [1666  441]
 [1668  441]
 [1671  442]
 [1673  443]
 [1676  443]
 [1679  443]
 [1682  443]
 [1685  441]
 [1688  440]
 [1691  439]
 [1692  438]
 [1693  436]
 [1693  433]
 [1694  431]
 [1695  428]
 [1695  425]
 [1695  423]
 [1694  420]
 [1692  417]
 [1689  414]
 [1686  412]
 [1682  410]
 [1679  409]
 [1675  408]
 [1671  409]
 [1668  410]
 [1667  412]
 [1667  414]
 [1666  415]
 [1664  416]
 [1663  418]]
Fuhrman 3, [[1063  516]
 [1060  516]
 [1057  518]
 [1055  519]
 [1054  520]
 [1053  522]
 [1051  522]
 [1049  522]
 [1047  522]
 [1044  522]
 [1043  523]
 [1041  525]
 [1041  527]
 [1041  530]
 [1041  533]
 [1042  536]
 [1043  539]
 [1044  541]
 [1046  542]
 [1047  544]
 [1049  545]
 [1052  547]
 [1054  548]
 [1056  549]
 [1058  550]
 [1063  551]
 [1067  551]
 [1070  551]
 [1072  550]
 [1074  549]
 [1075  549]
 [1078  549]
 [1080  548]
 [1081  546]
 [1083  544]
 [1084  541]
 [1086  539]
 [1087  537]
 [1087  534]
 [1087  531]
 [1086  529]
 [1085  528]
 [1083  528]
 [1082  528]
 [1081  526]
 [1079  525]
 [1078  523]
 [1076  522]
 [1075  521]
 [1075  520]
 [1072  518]
 [1071  517]
 [1068  516]
 [1066  516]
 [1065  515]
 [1063  516]]
Fuhrman 3, [[1101  632]
 [1102  631]
 [1103  629]
 [1103  627]
 [1103  625]
 [1102  624]
 [1102  622]
 [1102  620]
 [1101  618]
 [1099  616]
 [1097  615]
 [1095  613]
 [1092  612]
 [1091  611]
 [1089  611]
 [1085  611]
 [1082  611]
 [1079  611]
 [1077  612]
 [1076  612]
 [1075  613]
 [1073  613]
 [1071  614]
 [1069  616]
 [1067  618]
 [1067  619]
 [1067  620]
 [1066  622]
 [1067  624]
 [1067  625]
 [1068  627]
 [1070  629]
 [1072  630]
 [1073  631]
 [1074  632]
 [1076  633]
 [1078  633]
 [1079  634]
 [1081  634]
 [1085  634]
 [1085  635]
 [1087  635]
 [1089  635]
 [1091  636]
 [1094  636]
 [1096  635]
 [1098  634]
 [1100  633]
 [1100  632]
 [1101  632]]
Fuhrman 3, [[1141  627]
 [1139  628]
 [1138  630]
 [1137  631]
 [1137  634]
 [1137  636]
 [1137  638]
 [1137  639]
 [1139  639]
 [1141  640]
 [1143  640]
 [1144  642]
 [1145  643]
 [1146  644]
 [1148  646]
 [1150  647]
 [1152  647]
 [1154  647]
 [1156  646]
 [1159  644]
 [1162  642]
 [1163  641]
 [1166  639]
 [1168  636]
 [1168  634]
 [1169  631]
 [1169  628]
 [1169  625]
 [1167  623]
 [1165  620]
 [1162  618]
 [1160  618]
 [1156  618]
 [1153  618]
 [1150  618]
 [1147  619]
 [1146  620]
 [1145  621]
 [1144  623]
 [1143  624]
 [1142  625]
 [1141  627]]
Fuhrman 3, [[1324  165]
 [1322  167]
 [1321  169]
 [1320  171]
 [1319  173]
 [1318  175]
 [1317  177]
 [1316  180]
 [1316  183]
 [1316  187]
 [1316  190]
 [1317  192]
 [1318  194]
 [1319  196]
 [1321  198]
 [1323  199]
 [1325  200]
 [1327  200]
 [1331  200]
 [1333  198]
 [1336  197]
 [1339  195]
 [1342  193]
 [1344  190]
 [1346  187]
 [1348  184]
 [1349  180]
 [1349  176]
 [1349  172]
 [1349  169]
 [1348  167]
 [1346  165]
 [1344  164]
 [1342  162]
 [1339  162]
 [1337  161]
 [1335  161]
 [1333  161]
 [1330  161]
 [1328  162]
 [1325  164]
 [1324  165]]
