Fuhrman 3, [[ 31 199]
 [ 30 201]
 [ 29 204]
 [ 29 206]
 [ 30 209]
 [ 31 212]
 [ 32 214]
 [ 33 215]
 [ 34 218]
 [ 35 218]
 [ 37 219]
 [ 39 219]
 [ 40 221]
 [ 41 221]
 [ 43 222]
 [ 44 224]
 [ 45 226]
 [ 47 228]
 [ 48 228]
 [ 51 229]
 [ 52 229]
 [ 55 229]
 [ 57 228]
 [ 59 228]
 [ 61 226]
 [ 63 225]
 [ 65 222]
 [ 66 221]
 [ 67 218]
 [ 68 214]
 [ 68 209]
 [ 67 207]
 [ 65 204]
 [ 63 202]
 [ 61 200]
 [ 58 197]
 [ 54 196]
 [ 52 194]
 [ 50 193]
 [ 47 193]
 [ 44 193]
 [ 40 193]
 [ 39 194]
 [ 37 194]
 [ 34 196]
 [ 32 197]
 [ 31 198]
 [ 31 200]]
Fuhrman 3, [[144 135]
 [145 136]
 [147 136]
 [149 135]
 [150 134]
 [152 132]
 [153 130]
 [154 129]
 [155 129]
 [156 129]
 [157 129]
 [158 129]
 [159 128]
 [159 126]
 [159 125]
 [159 124]
 [157 123]
 [157 123]
 [155 122]
 [153 119]
 [152 117]
 [150 115]
 [150 113]
 [149 110]
 [148 108]
 [146 104]
 [143 102]
 [141 100]
 [138  99]
 [136  99]
 [135  99]
 [132  98]
 [129  98]
 [127  98]
 [125  99]
 [123 100]
 [122 102]
 [120 104]
 [120 107]
 [120 110]
 [121 113]
 [121 116]
 [123 118]
 [124 120]
 [126 121]
 [128 123]
 [130 124]
 [133 126]
 [135 128]
 [136 128]
 [136 130]
 [138 132]
 [139 133]
 [140 134]
 [142 134]
 [143 135]]
Fuhrman 3, [[162 155]
 [160 158]
 [158 162]
 [156 164]
 [155 168]
 [154 171]
 [153 174]
 [153 177]
 [153 182]
 [154 185]
 [156 188]
 [158 190]
 [161 193]
 [163 194]
 [166 195]
 [170 195]
 [173 195]
 [176 194]
 [177 194]
 [180 194]
 [184 193]
 [187 192]
 [189 191]
 [190 190]
 [191 188]
 [191 183]
 [191 178]
 [190 173]
 [189 168]
 [187 165]
 [186 163]
 [184 161]
 [182 158]
 [180 157]
 [176 155]
 [173 153]
 [171 152]
 [170 152]
 [167 152]
 [166 153]
 [164 153]
 [162 155]]
Fuhrman 3, [[388 105]
 [383 106]
 [381 106]
 [379 108]
 [377 110]
 [375 111]
 [374 113]
 [374 115]
 [375 119]
 [376 122]
 [379 127]
 [382 129]
 [384 132]
 [388 133]
 [391 134]
 [393 135]
 [395 135]
 [399 136]
 [402 136]
 [404 135]
 [406 133]
 [408 132]
 [412 130]
 [415 127]
 [416 124]
 [417 121]
 [417 116]
 [417 113]
 [416 110]
 [414 108]
 [411 105]
 [408 103]
 [405 102]
 [402 103]
 [400 103]
 [396 103]
 [393 104]
 [390 104]
 [387 105]]
Fuhrman 3, [[652 245]
 [650 247]
 [648 249]
 [646 251]
 [645 253]
 [645 255]
 [645 257]
 [646 260]
 [647 262]
 [648 264]
 [651 266]
 [653 268]
 [655 269]
 [659 271]
 [662 271]
 [665 270]
 [668 270]
 [671 268]
 [674 266]
 [676 265]
 [677 264]
 [678 263]
 [679 260]
 [680 258]
 [679 255]
 [679 251]
 [677 249]
 [676 247]
 [674 245]
 [674 243]
 [671 241]
 [669 240]
 [666 239]
 [663 239]
 [661 239]
 [659 239]
 [658 240]
 [656 242]
 [654 244]
 [652 245]]
Fuhrman 3, [[463 870]
 [459 871]
 [456 873]
 [454 874]
 [454 876]
 [453 879]
 [453 884]
 [454 887]
 [456 890]
 [459 892]
 [462 894]
 [466 895]
 [470 896]
 [474 895]
 [479 894]
 [483 893]
 [486 891]
 [489 889]
 [491 887]
 [494 885]
 [495 882]
 [497 878]
 [498 873]
 [498 871]
 [497 868]
 [496 865]
 [495 863]
 [493 862]
 [491 862]
 [490 863]
 [488 862]
 [487 861]
 [484 861]
 [482 862]
 [480 862]
 [478 863]
 [475 864]
 [474 865]
 [474 866]
 [471 866]
 [470 866]
 [468 867]
 [466 868]
 [464 869]
 [463 870]]
Fuhrman 3, [[509 800]
 [507 803]
 [505 806]
 [503 808]
 [503 810]
 [502 812]
 [502 815]
 [502 818]
 [502 820]
 [502 821]
 [501 822]
 [500 824]
 [501 826]
 [502 831]
 [503 833]
 [506 837]
 [508 838]
 [510 839]
 [512 839]
 [514 839]
 [516 840]
 [517 840]
 [519 840]
 [522 838]
 [524 835]
 [525 833]
 [526 830]
 [528 830]
 [528 829]
 [528 826]
 [527 822]
 [527 819]
 [526 814]
 [526 811]
 [525 809]
 [523 807]
 [522 805]
 [522 803]
 [522 799]
 [521 797]
 [520 796]
 [519 796]
 [517 795]
 [515 796]
 [513 796]
 [512 797]
 [510 799]
 [509 801]]
Fuhrman 3, [[548 799]
 [548 802]
 [549 805]
 [549 807]
 [551 809]
 [552 810]
 [553 811]
 [553 813]
 [555 816]
 [556 817]
 [557 818]
 [559 819]
 [561 820]
 [563 821]
 [565 822]
 [567 822]
 [568 823]
 [570 824]
 [573 824]
 [574 824]
 [578 824]
 [580 823]
 [583 821]
 [585 820]
 [587 818]
 [589 817]
 [590 815]
 [590 813]
 [590 811]
 [590 809]
 [588 807]
 [587 805]
 [586 803]
 [584 802]
 [582 800]
 [580 799]
 [578 799]
 [577 798]
 [576 796]
 [575 795]
 [572 793]
 [569 792]
 [566 791]
 [563 790]
 [562 790]
 [561 789]
 [559 788]
 [557 788]
 [555 788]
 [553 789]
 [552 789]
 [551 790]
 [550 792]
 [549 793]
 [548 794]
 [548 795]
 [548 797]
 [548 798]
 [547 798]
 [548 799]]
Fuhrman 3, [[840 530]
 [840 533]
 [840 534]
 [840 535]
 [842 537]
 [843 538]
 [844 538]
 [845 539]
 [846 540]
 [846 542]
 [846 543]
 [847 545]
 [848 547]
 [850 548]
 [852 550]
 [855 551]
 [857 552]
 [860 552]
 [862 552]
 [864 553]
 [867 552]
 [869 551]
 [871 550]
 [873 548]
 [873 546]
 [873 544]
 [873 542]
 [873 538]
 [873 535]
 [872 533]
 [871 530]
 [870 528]
 [868 526]
 [867 525]
 [865 523]
 [862 522]
 [860 521]
 [856 520]
 [854 520]
 [853 521]
 [852 520]
 [851 519]
 [850 520]
 [849 521]
 [848 521]
 [847 522]
 [846 523]
 [845 523]
 [844 523]
 [843 524]
 [843 525]
 [842 526]
 [842 527]
 [842 528]
 [842 528]
 [842 529]
 [841 529]
 [841 529]
 [840 529]
 [840 530]]
Fuhrman 3, [[1172  512]
 [1175  512]
 [1178  512]
 [1181  512]
 [1183  512]
 [1184  512]
 [1186  511]
 [1187  510]
 [1187  508]
 [1187  507]
 [1187  505]
 [1187  504]
 [1186  503]
 [1186  502]
 [1185  501]
 [1184  500]
 [1183  500]
 [1182  499]
 [1181  498]
 [1181  496]
 [1179  495]
 [1177  493]
 [1175  493]
 [1173  493]
 [1171  493]
 [1169  493]
 [1167  494]
 [1165  495]
 [1165  495]
 [1162  496]
 [1161  497]
 [1160  497]
 [1158  498]
 [1157  499]
 [1157  500]
 [1156  500]
 [1155  501]
 [1156  502]
 [1156  503]
 [1155  504]
 [1154  505]
 [1154  506]
 [1154  506]
 [1153  506]
 [1151  506]
 [1150  506]
 [1149  507]
 [1149  508]
 [1149  510]
 [1149  511]
 [1150  512]
 [1151  513]
 [1152  514]
 [1153  514]
 [1155  515]
 [1157  515]
 [1158  514]
 [1160  513]
 [1161  513]
 [1162  512]
 [1165  512]
 [1167  512]
 [1169  512]
 [1169  512]
 [1170  513]
 [1172  512]
 [1173  512]]
Fuhrman 3, [[1171  524]
 [1168  524]
 [1166  524]
 [1164  525]
 [1161  526]
 [1161  527]
 [1159  527]
 [1159  529]
 [1158  530]
 [1158  532]
 [1159  535]
 [1159  537]
 [1160  540]
 [1161  541]
 [1161  542]
 [1162  543]
 [1164  544]
 [1165  544]
 [1166  545]
 [1168  546]
 [1170  547]
 [1172  548]
 [1174  549]
 [1176  549]
 [1176  550]
 [1177  552]
 [1179  552]
 [1181  552]
 [1184  552]
 [1186  552]
 [1190  552]
 [1192  551]
 [1194  550]
 [1197  548]
 [1199  546]
 [1199  544]
 [1199  543]
 [1200  541]
 [1199  539]
 [1198  536]
 [1198  534]
 [1196  532]
 [1195  530]
 [1193  528]
 [1192  526]
 [1190  525]
 [1188  524]
 [1187  523]
 [1185  523]
 [1183  522]
 [1182  523]
 [1181  524]
 [1180  524]
 [1178  524]
 [1177  525]
 [1176  525]
 [1175  525]
 [1175  526]
 [1174  526]
 [1173  526]
 [1172  526]
 [1172  526]
 [1171  525]
 [1171  524]
 [1171  524]]
Fuhrman 3, [[802 825]
 [800 827]
 [799 829]
 [798 832]
 [798 834]
 [798 837]
 [799 840]
 [799 842]
 [800 844]
 [801 846]
 [802 848]
 [805 850]
 [806 851]
 [809 853]
 [812 853]
 [815 854]
 [818 854]
 [820 854]
 [823 854]
 [825 854]
 [827 854]
 [829 852]
 [831 850]
 [832 847]
 [833 845]
 [833 843]
 [833 840]
 [834 838]
 [834 835]
 [834 832]
 [833 830]
 [833 828]
 [832 825]
 [831 823]
 [829 821]
 [826 820]
 [825 820]
 [823 819]
 [822 818]
 [821 817]
 [819 817]
 [817 817]
 [814 818]
 [812 818]
 [809 819]
 [808 820]
 [805 822]
 [804 823]
 [802 825]
 [802 825]]
Fuhrman 3, [[ 454 1026]
 [ 453 1029]
 [ 453 1033]
 [ 453 1036]
 [ 455 1038]
 [ 458 1041]
 [ 461 1043]
 [ 463 1045]
 [ 466 1046]
 [ 469 1048]
 [ 471 1050]
 [ 474 1052]
 [ 478 1055]
 [ 481 1056]
 [ 484 1056]
 [ 486 1055]
 [ 487 1055]
 [ 488 1055]
 [ 490 1056]
 [ 493 1056]
 [ 496 1056]
 [ 499 1056]
 [ 501 1055]
 [ 504 1054]
 [ 505 1052]
 [ 507 1051]
 [ 509 1047]
 [ 509 1044]
 [ 509 1041]
 [ 509 1040]
 [ 509 1038]
 [ 508 1035]
 [ 505 1032]
 [ 503 1030]
 [ 500 1028]
 [ 496 1025]
 [ 494 1025]
 [ 492 1024]
 [ 489 1024]
 [ 487 1024]
 [ 484 1024]
 [ 481 1025]
 [ 480 1023]
 [ 480 1021]
 [ 480 1020]
 [ 478 1020]
 [ 477 1019]
 [ 475 1019]
 [ 473 1018]
 [ 471 1017]
 [ 469 1017]
 [ 467 1017]
 [ 465 1017]
 [ 464 1018]
 [ 464 1019]
 [ 464 1021]
 [ 464 1022]
 [ 462 1022]
 [ 459 1022]
 [ 457 1023]
 [ 455 1024]
 [ 454 1025]
 [ 454 1026]]
Fuhrman 3, [[903 926]
 [901 929]
 [900 931]
 [900 935]
 [901 940]
 [903 944]
 [904 947]
 [906 951]
 [909 955]
 [911 957]
 [914 959]
 [916 960]
 [919 960]
 [923 960]
 [926 959]
 [929 956]
 [932 953]
 [935 948]
 [935 945]
 [935 941]
 [935 937]
 [933 933]
 [931 929]
 [930 926]
 [928 924]
 [925 922]
 [922 921]
 [918 921]
 [915 921]
 [911 922]
 [909 923]
 [907 924]
 [905 925]
 [902 926]]
Fuhrman 3, [[ 972  759]
 [ 972  761]
 [ 972  762]
 [ 973  763]
 [ 974  763]
 [ 974  764]
 [ 974  766]
 [ 973  768]
 [ 972  769]
 [ 970  770]
 [ 970  772]
 [ 970  773]
 [ 970  774]
 [ 968  774]
 [ 967  775]
 [ 964  776]
 [ 964  778]
 [ 964  780]
 [ 964  783]
 [ 965  786]
 [ 967  788]
 [ 968  790]
 [ 971  791]
 [ 973  792]
 [ 977  792]
 [ 980  791]
 [ 983  790]
 [ 988  786]
 [ 990  784]
 [ 992  782]
 [ 994  781]
 [ 996  777]
 [ 997  775]
 [ 998  773]
 [ 998  771]
 [ 999  769]
 [1000  767]
 [1000  764]
 [1000  762]
 [ 999  760]
 [ 999  758]
 [ 997  756]
 [ 995  754]
 [ 994  753]
 [ 992  753]
 [ 991  752]
 [ 988  751]
 [ 984  751]
 [ 982  752]
 [ 980  752]
 [ 978  753]
 [ 977  753]
 [ 976  753]
 [ 975  753]
 [ 975  754]
 [ 973  755]
 [ 973  756]
 [ 972  757]
 [ 972  758]
 [ 972  759]]
Fuhrman 3, [[1626  889]
 [1629  888]
 [1631  887]
 [1633  885]
 [1633  883]
 [1635  877]
 [1634  872]
 [1633  869]
 [1632  865]
 [1630  863]
 [1627  862]
 [1623  862]
 [1619  862]
 [1616  863]
 [1611  864]
 [1608  865]
 [1605  867]
 [1602  869]
 [1600  872]
 [1598  876]
 [1598  878]
 [1598  881]
 [1599  884]
 [1601  887]
 [1604  889]
 [1606  890]
 [1609  891]
 [1613  891]
 [1618  891]
 [1622  890]
 [1624  890]
 [1626  889]]
Fuhrman 3, [[1031  408]
 [1028  411]
 [1026  413]
 [1024  416]
 [1024  420]
 [1024  423]
 [1024  425]
 [1026  429]
 [1028  431]
 [1030  434]
 [1034  435]
 [1038  436]
 [1042  437]
 [1047  438]
 [1051  437]
 [1054  437]
 [1058  435]
 [1062  432]
 [1064  429]
 [1065  425]
 [1065  421]
 [1064  418]
 [1063  414]
 [1061  412]
 [1059  409]
 [1055  407]
 [1051  406]
 [1049  404]
 [1047  404]
 [1042  404]
 [1039  405]
 [1036  406]
 [1033  407]
 [1031  408]]
Fuhrman 3, [[1073  332]
 [1071  334]
 [1070  336]
 [1070  339]
 [1070  342]
 [1071  346]
 [1072  349]
 [1073  352]
 [1074  355]
 [1076  358]
 [1078  360]
 [1080  362]
 [1083  364]
 [1085  366]
 [1086  366]
 [1089  367]
 [1091  367]
 [1093  366]
 [1095  365]
 [1097  363]
 [1099  361]
 [1099  358]
 [1100  355]
 [1099  352]
 [1099  351]
 [1097  350]
 [1097  349]
 [1097  347]
 [1097  345]
 [1097  344]
 [1095  343]
 [1094  342]
 [1093  340]
 [1092  339]
 [1092  337]
 [1090  335]
 [1088  333]
 [1086  332]
 [1084  331]
 [1082  330]
 [1080  330]
 [1077  330]
 [1075  330]
 [1074  331]
 [1073  332]]
Fuhrman 3, [[1749  135]
 [1747  136]
 [1746  138]
 [1746  142]
 [1746  146]
 [1748  150]
 [1749  154]
 [1751  156]
 [1752  158]
 [1752  160]
 [1752  161]
 [1751  162]
 [1750  163]
 [1749  165]
 [1748  166]
 [1749  168]
 [1750  168]
 [1752  169]
 [1755  169]
 [1759  169]
 [1762  169]
 [1764  168]
 [1766  166]
 [1767  164]
 [1768  162]
 [1768  160]
 [1769  159]
 [1771  157]
 [1774  156]
 [1777  155]
 [1779  153]
 [1781  153]
 [1782  151]
 [1783  149]
 [1783  146]
 [1782  142]
 [1780  139]
 [1778  136]
 [1777  134]
 [1775  133]
 [1773  133]
 [1771  133]
 [1770  133]
 [1769  133]
 [1767  131]
 [1764  130]
 [1762  130]
 [1758  130]
 [1756  130]
 [1754  130]
 [1752  130]
 [1751  131]
 [1750  132]
 [1750  133]
 [1750  134]
 [1749  135]]
Fuhrman 3, [[1854  223]
 [1853  224]
 [1852  224]
 [1851  224]
 [1850  225]
 [1850  226]
 [1849  227]
 [1849  230]
 [1849  232]
 [1849  234]
 [1850  236]
 [1851  237]
 [1852  237]
 [1853  237]
 [1854  237]
 [1854  239]
 [1856  241]
 [1857  241]
 [1860  242]
 [1862  242]
 [1865  242]
 [1868  242]
 [1872  242]
 [1874  242]
 [1876  241]
 [1878  239]
 [1879  238]
 [1880  236]
 [1881  235]
 [1882  234]
 [1882  232]
 [1882  230]
 [1881  228]
 [1880  226]
 [1878  225]
 [1875  224]
 [1872  223]
 [1869  222]
 [1866  221]
 [1864  221]
 [1863  221]
 [1861  220]
 [1860  220]
 [1858  220]
 [1857  221]
 [1856  221]
 [1855  222]
 [1854  223]]
