Fuhrman 3, [[ 52 118]
 [ 49 118]
 [ 47 119]
 [ 47 121]
 [ 46 122]
 [ 45 123]
 [ 44 123]
 [ 42 123]
 [ 40 123]
 [ 38 122]
 [ 38 120]
 [ 36 120]
 [ 35 120]
 [ 34 123]
 [ 34 124]
 [ 34 127]
 [ 33 129]
 [ 34 132]
 [ 35 134]
 [ 36 135]
 [ 37 136]
 [ 38 137]
 [ 39 139]
 [ 40 140]
 [ 43 143]
 [ 46 145]
 [ 50 146]
 [ 52 147]
 [ 57 148]
 [ 61 149]
 [ 61 149]
 [ 64 149]
 [ 69 150]
 [ 72 150]
 [ 78 149]
 [ 80 149]
 [ 82 149]
 [ 83 148]
 [ 85 148]
 [ 85 147]
 [ 86 146]
 [ 86 144]
 [ 87 143]
 [ 87 141]
 [ 86 139]
 [ 86 138]
 [ 85 137]
 [ 84 136]
 [ 84 134]
 [ 82 132]
 [ 81 131]
 [ 81 129]
 [ 80 128]
 [ 79 126]
 [ 78 124]
 [ 76 123]
 [ 72 121]
 [ 70 120]
 [ 67 119]
 [ 62 118]
 [ 59 118]
 [ 57 117]
 [ 53 118]
 [ 52 118]]
Fuhrman 3, [[200 203]
 [199 203]
 [198 203]
 [196 203]
 [195 202]
 [194 203]
 [193 203]
 [191 204]
 [189 205]
 [188 206]
 [187 207]
 [185 208]
 [184 210]
 [184 212]
 [183 215]
 [183 218]
 [184 220]
 [184 222]
 [185 224]
 [186 225]
 [187 226]
 [188 227]
 [189 228]
 [189 230]
 [190 231]
 [191 232]
 [194 232]
 [195 232]
 [197 232]
 [198 232]
 [199 232]
 [200 232]
 [201 232]
 [204 232]
 [208 232]
 [209 232]
 [210 231]
 [211 230]
 [212 229]
 [213 229]
 [214 227]
 [215 227]
 [216 226]
 [216 224]
 [217 222]
 [217 221]
 [217 219]
 [217 218]
 [217 216]
 [217 215]
 [217 213]
 [217 212]
 [216 210]
 [214 207]
 [212 206]
 [211 205]
 [210 205]
 [208 205]
 [207 204]
 [204 203]
 [203 203]
 [201 203]
 [200 203]]
Fuhrman 3, [[251 183]
 [249 183]
 [248 183]
 [247 182]
 [245 181]
 [244 180]
 [243 180]
 [239 179]
 [236 179]
 [235 180]
 [233 180]
 [232 181]
 [232 183]
 [232 185]
 [232 188]
 [232 190]
 [233 191]
 [234 192]
 [234 193]
 [235 194]
 [236 196]
 [237 198]
 [238 200]
 [240 201]
 [242 202]
 [244 202]
 [245 203]
 [246 203]
 [247 205]
 [248 205]
 [250 205]
 [251 205]
 [253 205]
 [253 206]
 [254 207]
 [257 208]
 [258 208]
 [260 207]
 [261 207]
 [263 207]
 [264 206]
 [266 206]
 [268 205]
 [269 204]
 [270 203]
 [271 201]
 [271 200]
 [271 198]
 [272 196]
 [271 194]
 [271 193]
 [271 191]
 [270 190]
 [270 188]
 [269 187]
 [268 186]
 [267 185]
 [267 185]
 [266 185]
 [265 185]
 [264 185]
 [263 185]
 [262 185]
 [261 184]
 [259 184]
 [258 184]
 [257 184]
 [255 183]
 [254 182]
 [253 182]
 [252 183]
 [251 183]]
Fuhrman 3, [[323 392]
 [321 394]
 [320 394]
 [320 396]
 [319 397]
 [319 401]
 [319 406]
 [319 409]
 [320 412]
 [320 414]
 [321 416]
 [323 418]
 [324 420]
 [326 421]
 [327 422]
 [328 422]
 [328 423]
 [329 424]
 [331 424]
 [332 424]
 [334 425]
 [335 425]
 [336 426]
 [337 426]
 [338 426]
 [340 426]
 [342 426]
 [343 426]
 [345 425]
 [346 425]
 [347 425]
 [347 424]
 [348 423]
 [348 423]
 [349 422]
 [350 422]
 [350 421]
 [351 419]
 [351 417]
 [352 416]
 [352 414]
 [353 413]
 [353 411]
 [353 410]
 [353 408]
 [353 406]
 [352 405]
 [352 403]
 [352 402]
 [351 401]
 [350 399]
 [349 398]
 [348 397]
 [347 396]
 [345 395]
 [343 395]
 [342 395]
 [341 395]
 [340 395]
 [338 395]
 [337 395]
 [337 394]
 [337 393]
 [336 391]
 [336 391]
 [335 390]
 [333 389]
 [332 389]
 [331 388]
 [329 389]
 [327 389]
 [326 390]
 [325 390]
 [324 391]
 [323 392]
 [323 392]]
Fuhrman 3, [[201 684]
 [199 684]
 [197 685]
 [196 685]
 [194 686]
 [192 686]
 [191 687]
 [190 688]
 [189 689]
 [189 690]
 [188 690]
 [186 690]
 [185 691]
 [184 692]
 [184 693]
 [183 694]
 [182 695]
 [182 696]
 [181 697]
 [180 699]
 [178 700]
 [178 702]
 [177 703]
 [176 705]
 [176 707]
 [175 709]
 [175 711]
 [174 713]
 [174 715]
 [174 719]
 [174 721]
 [174 723]
 [175 724]
 [176 725]
 [177 725]
 [179 726]
 [181 726]
 [184 725]
 [187 725]
 [188 725]
 [190 724]
 [191 724]
 [192 723]
 [194 722]
 [194 721]
 [195 720]
 [196 719]
 [198 718]
 [199 717]
 [200 717]
 [200 716]
 [200 715]
 [201 713]
 [201 712]
 [202 711]
 [204 710]
 [205 709]
 [206 708]
 [208 707]
 [210 706]
 [211 704]
 [213 702]
 [214 701]
 [214 699]
 [214 696]
 [214 695]
 [213 693]
 [213 692]
 [211 690]
 [211 689]
 [210 688]
 [208 687]
 [206 686]
 [205 685]
 [204 684]
 [202 684]
 [201 684]]
Fuhrman 3, [[706 624]
 [705 623]
 [704 622]
 [703 621]
 [702 621]
 [700 621]
 [698 622]
 [697 622]
 [695 623]
 [691 625]
 [689 627]
 [688 628]
 [687 630]
 [686 630]
 [684 631]
 [683 632]
 [682 632]
 [681 634]
 [681 636]
 [681 638]
 [680 642]
 [681 643]
 [681 645]
 [682 646]
 [683 647]
 [683 649]
 [682 651]
 [682 653]
 [682 656]
 [683 658]
 [683 660]
 [685 661]
 [685 662]
 [686 662]
 [687 662]
 [687 663]
 [688 663]
 [690 664]
 [692 664]
 [696 664]
 [698 664]
 [701 664]
 [702 664]
 [703 663]
 [705 661]
 [707 660]
 [708 659]
 [710 657]
 [711 655]
 [712 654]
 [713 653]
 [714 652]
 [714 651]
 [715 649]
 [717 647]
 [717 645]
 [717 643]
 [717 641]
 [717 639]
 [717 636]
 [717 634]
 [717 632]
 [716 631]
 [716 630]
 [715 628]
 [714 628]
 [712 627]
 [712 626]
 [711 626]
 [710 626]
 [710 626]
 [709 626]
 [708 625]
 [707 625]
 [707 624]
 [706 624]]
Fuhrman 3, [[353 929]
 [351 930]
 [350 931]
 [349 932]
 [348 934]
 [346 935]
 [346 935]
 [345 936]
 [344 937]
 [342 937]
 [340 937]
 [338 938]
 [337 939]
 [336 942]
 [335 944]
 [334 945]
 [332 946]
 [332 947]
 [331 949]
 [331 951]
 [331 954]
 [332 958]
 [334 961]
 [336 963]
 [339 964]
 [344 965]
 [346 965]
 [348 965]
 [350 965]
 [353 965]
 [356 965]
 [360 963]
 [362 962]
 [366 960]
 [369 957]
 [372 956]
 [374 954]
 [376 953]
 [377 951]
 [378 949]
 [378 948]
 [379 946]
 [379 944]
 [379 942]
 [379 940]
 [378 939]
 [378 938]
 [377 937]
 [377 935]
 [376 933]
 [374 932]
 [372 931]
 [370 928]
 [367 928]
 [362 927]
 [358 928]
 [356 928]
 [353 929]]
Fuhrman 3, [[ 655  997]
 [ 653  999]
 [ 652  999]
 [ 651 1000]
 [ 651 1000]
 [ 649 1001]
 [ 648 1002]
 [ 648 1003]
 [ 647 1004]
 [ 646 1005]
 [ 645 1006]
 [ 644 1008]
 [ 644 1009]
 [ 643 1010]
 [ 643 1012]
 [ 642 1015]
 [ 642 1017]
 [ 643 1018]
 [ 643 1020]
 [ 644 1021]
 [ 645 1021]
 [ 645 1022]
 [ 646 1023]
 [ 646 1024]
 [ 646 1025]
 [ 646 1026]
 [ 647 1027]
 [ 648 1027]
 [ 649 1027]
 [ 650 1028]
 [ 651 1028]
 [ 653 1030]
 [ 654 1031]
 [ 655 1032]
 [ 656 1033]
 [ 657 1033]
 [ 659 1033]
 [ 659 1032]
 [ 661 1032]
 [ 662 1032]
 [ 663 1032]
 [ 665 1032]
 [ 666 1031]
 [ 667 1030]
 [ 668 1028]
 [ 669 1027]
 [ 669 1027]
 [ 670 1026]
 [ 671 1026]
 [ 672 1024]
 [ 672 1023]
 [ 674 1022]
 [ 675 1021]
 [ 675 1019]
 [ 676 1018]
 [ 677 1016]
 [ 677 1014]
 [ 678 1012]
 [ 679 1011]
 [ 680 1010]
 [ 680 1009]
 [ 680 1008]
 [ 680 1006]
 [ 680 1005]
 [ 679 1004]
 [ 679 1003]
 [ 679 1002]
 [ 678 1001]
 [ 677  999]
 [ 675  998]
 [ 674  997]
 [ 673  996]
 [ 671  995]
 [ 669  994]
 [ 667  994]
 [ 664  994]
 [ 662  995]
 [ 660  995]
 [ 658  995]
 [ 656  996]
 [ 655  997]]
Fuhrman 3, [[711 965]
 [711 965]
 [709 966]
 [708 966]
 [707 967]
 [706 968]
 [705 968]
 [704 970]
 [704 970]
 [703 971]
 [702 971]
 [701 971]
 [700 972]
 [699 974]
 [699 976]
 [699 978]
 [698 980]
 [699 983]
 [699 984]
 [700 985]
 [700 987]
 [701 988]
 [702 990]
 [703 992]
 [704 993]
 [705 994]
 [706 996]
 [708 997]
 [710 998]
 [712 999]
 [714 999]
 [716 999]
 [719 999]
 [720 999]
 [722 998]
 [724 997]
 [726 996]
 [727 994]
 [728 993]
 [729 992]
 [730 992]
 [732 991]
 [733 990]
 [735 988]
 [737 987]
 [738 985]
 [739 984]
 [740 983]
 [740 982]
 [741 980]
 [741 978]
 [741 976]
 [740 975]
 [740 974]
 [739 973]
 [737 972]
 [736 972]
 [735 971]
 [734 970]
 [733 970]
 [732 969]
 [731 968]
 [730 968]
 [729 968]
 [727 967]
 [725 966]
 [724 966]
 [724 966]
 [722 965]
 [720 965]
 [717 965]
 [715 965]
 [713 965]
 [712 965]
 [711 965]]
Fuhrman 3, [[790 761]
 [788 762]
 [787 763]
 [786 763]
 [785 764]
 [784 765]
 [784 767]
 [784 769]
 [784 772]
 [785 774]
 [785 776]
 [786 777]
 [787 779]
 [788 781]
 [788 783]
 [789 784]
 [790 786]
 [791 788]
 [792 789]
 [793 790]
 [794 791]
 [794 792]
 [795 793]
 [795 795]
 [795 796]
 [796 798]
 [797 799]
 [798 799]
 [800 800]
 [801 800]
 [803 799]
 [805 799]
 [806 797]
 [806 796]
 [807 796]
 [808 797]
 [810 797]
 [812 797]
 [814 796]
 [815 795]
 [817 794]
 [818 792]
 [819 791]
 [820 791]
 [821 790]
 [822 789]
 [823 788]
 [823 787]
 [824 786]
 [823 785]
 [822 784]
 [821 782]
 [821 781]
 [820 779]
 [820 778]
 [819 777]
 [818 777]
 [817 776]
 [817 775]
 [816 774]
 [815 773]
 [813 772]
 [811 771]
 [810 770]
 [809 770]
 [809 769]
 [807 768]
 [806 768]
 [805 766]
 [804 765]
 [801 763]
 [800 762]
 [799 762]
 [798 761]
 [797 760]
 [795 760]
 [793 760]
 [791 760]
 [790 760]
 [790 761]]
Fuhrman 3, [[ 989  413]
 [ 991  412]
 [ 992  411]
 [ 994  410]
 [ 995  409]
 [ 996  409]
 [ 997  409]
 [ 997  407]
 [ 998  406]
 [ 999  406]
 [1000  406]
 [1002  405]
 [1003  404]
 [1003  402]
 [1004  400]
 [1004  399]
 [1004  398]
 [1004  396]
 [1004  393]
 [1004  391]
 [1003  390]
 [1003  388]
 [1003  387]
 [1002  386]
 [1000  386]
 [ 999  386]
 [ 998  386]
 [ 997  386]
 [ 995  387]
 [ 995  388]
 [ 994  388]
 [ 993  388]
 [ 992  387]
 [ 991  386]
 [ 989  386]
 [ 989  387]
 [ 988  388]
 [ 987  388]
 [ 985  388]
 [ 982  388]
 [ 979  389]
 [ 977  390]
 [ 975  391]
 [ 974  392]
 [ 972  393]
 [ 970  395]
 [ 970  397]
 [ 969  400]
 [ 969  402]
 [ 969  402]
 [ 967  402]
 [ 965  403]
 [ 964  404]
 [ 963  406]
 [ 962  407]
 [ 963  409]
 [ 963  411]
 [ 963  412]
 [ 965  414]
 [ 966  414]
 [ 967  415]
 [ 968  415]
 [ 969  416]
 [ 970  417]
 [ 971  417]
 [ 973  417]
 [ 974  417]
 [ 975  417]
 [ 977  417]
 [ 979  417]
 [ 980  417]
 [ 982  417]
 [ 983  417]
 [ 985  416]
 [ 985  416]
 [ 986  415]
 [ 988  414]
 [ 989  413]]
Fuhrman 3, [[935 537]
 [934 537]
 [933 537]
 [932 537]
 [931 538]
 [930 539]
 [929 540]
 [927 543]
 [926 544]
 [926 546]
 [925 548]
 [925 552]
 [925 555]
 [926 557]
 [926 558]
 [927 559]
 [928 561]
 [929 563]
 [930 564]
 [930 564]
 [931 566]
 [933 567]
 [935 568]
 [937 570]
 [939 571]
 [943 572]
 [944 573]
 [945 573]
 [946 574]
 [948 574]
 [950 574]
 [954 574]
 [957 574]
 [960 574]
 [962 574]
 [964 573]
 [966 573]
 [968 572]
 [969 571]
 [970 570]
 [971 569]
 [971 568]
 [972 567]
 [973 566]
 [973 565]
 [973 564]
 [972 563]
 [971 561]
 [971 561]
 [970 561]
 [969 561]
 [968 560]
 [968 559]
 [969 557]
 [969 556]
 [969 555]
 [969 553]
 [969 551]
 [968 550]
 [967 548]
 [965 546]
 [964 545]
 [962 544]
 [958 541]
 [956 540]
 [951 538]
 [949 537]
 [947 536]
 [944 536]
 [942 536]
 [939 536]
 [937 536]
 [935 537]]
Fuhrman 3, [[1043  578]
 [1041  580]
 [1039  581]
 [1038  583]
 [1037  584]
 [1036  583]
 [1034  583]
 [1031  585]
 [1029  585]
 [1028  585]
 [1027  585]
 [1026  586]
 [1024  588]
 [1023  590]
 [1023  591]
 [1023  593]
 [1023  594]
 [1024  596]
 [1024  597]
 [1025  599]
 [1025  601]
 [1026  602]
 [1027  603]
 [1029  603]
 [1030  603]
 [1031  604]
 [1032  605]
 [1033  606]
 [1034  606]
 [1036  606]
 [1038  606]
 [1040  605]
 [1043  604]
 [1045  603]
 [1046  603]
 [1048  602]
 [1049  602]
 [1050  601]
 [1051  601]
 [1053  600]
 [1055  598]
 [1057  597]
 [1058  596]
 [1059  595]
 [1060  594]
 [1060  593]
 [1061  591]
 [1062  590]
 [1062  588]
 [1062  586]
 [1061  584]
 [1059  581]
 [1058  581]
 [1057  581]
 [1057  580]
 [1056  580]
 [1056  579]
 [1055  579]
 [1053  578]
 [1051  578]
 [1051  578]
 [1050  578]
 [1050  578]
 [1049  578]
 [1046  577]
 [1045  578]
 [1044  578]
 [1043  578]]
Fuhrman 3, [[1165  980]
 [1163  980]
 [1162  980]
 [1160  980]
 [1158  981]
 [1157  982]
 [1156  983]
 [1155  984]
 [1155  985]
 [1154  985]
 [1154  987]
 [1153  990]
 [1153  994]
 [1152  996]
 [1152  998]
 [1152 1000]
 [1152 1002]
 [1152 1004]
 [1152 1006]
 [1153 1008]
 [1153 1009]
 [1154 1010]
 [1155 1011]
 [1156 1012]
 [1157 1013]
 [1158 1014]
 [1159 1015]
 [1160 1015]
 [1160 1016]
 [1161 1016]
 [1162 1017]
 [1163 1017]
 [1165 1018]
 [1167 1018]
 [1169 1018]
 [1170 1018]
 [1172 1016]
 [1173 1016]
 [1174 1016]
 [1175 1015]
 [1176 1014]
 [1177 1013]
 [1178 1012]
 [1178 1011]
 [1179 1010]
 [1179 1010]
 [1179 1009]
 [1179 1008]
 [1179 1007]
 [1179 1006]
 [1180 1005]
 [1180 1004]
 [1181 1004]
 [1181 1003]
 [1182 1001]
 [1183 1001]
 [1183 1000]
 [1184  999]
 [1184  998]
 [1185  997]
 [1185  996]
 [1185  994]
 [1185  993]
 [1185  992]
 [1184  990]
 [1183  989]
 [1181  987]
 [1180  986]
 [1179  985]
 [1178  984]
 [1176  983]
 [1175  982]
 [1173  981]
 [1172  981]
 [1171  981]
 [1170  981]
 [1169  981]
 [1168  981]
 [1167  980]
 [1166  980]
 [1165  980]]
Fuhrman 3, [[1327  828]
 [1323  828]
 [1321  828]
 [1316  828]
 [1314  829]
 [1312  829]
 [1309  830]
 [1308  831]
 [1307  832]
 [1306  832]
 [1305  832]
 [1304  834]
 [1303  835]
 [1303  838]
 [1303  841]
 [1303  844]
 [1304  846]
 [1305  848]
 [1306  850]
 [1307  852]
 [1308  854]
 [1310  855]
 [1311  855]
 [1312  856]
 [1312  856]
 [1313  857]
 [1315  858]
 [1317  858]
 [1320  858]
 [1323  858]
 [1326  858]
 [1328  857]
 [1330  856]
 [1332  855]
 [1333  855]
 [1334  855]
 [1335  854]
 [1336  853]
 [1337  852]
 [1338  851]
 [1340  849]
 [1341  848]
 [1341  847]
 [1342  846]
 [1342  843]
 [1342  841]
 [1341  840]
 [1341  838]
 [1340  837]
 [1339  835]
 [1339  834]
 [1337  832]
 [1336  831]
 [1334  830]
 [1332  829]
 [1330  828]
 [1328  828]
 [1327  828]]
Fuhrman 3, [[1588  793]
 [1586  792]
 [1585  791]
 [1584  791]
 [1582  791]
 [1580  792]
 [1578  793]
 [1576  795]
 [1575  797]
 [1574  799]
 [1572  801]
 [1571  802]
 [1571  804]
 [1570  806]
 [1569  809]
 [1569  813]
 [1568  816]
 [1568  820]
 [1568  824]
 [1568  825]
 [1568  827]
 [1566  828]
 [1566  831]
 [1566  835]
 [1566  838]
 [1566  841]
 [1568  843]
 [1569  844]
 [1570  844]
 [1571  844]
 [1573  844]
 [1574  844]
 [1576  844]
 [1578  843]
 [1579  843]
 [1580  841]
 [1581  840]
 [1582  838]
 [1582  837]
 [1583  835]
 [1584  834]
 [1585  833]
 [1586  833]
 [1587  832]
 [1588  831]
 [1588  830]
 [1588  828]
 [1589  827]
 [1589  825]
 [1591  824]
 [1591  823]
 [1593  822]
 [1593  821]
 [1594  820]
 [1594  818]
 [1595  814]
 [1595  811]
 [1596  808]
 [1596  804]
 [1595  801]
 [1594  798]
 [1593  797]
 [1592  796]
 [1591  794]
 [1590  794]
 [1588  793]
 [1587  793]]
Fuhrman 3, [[1474  205]
 [1472  206]
 [1471  207]
 [1470  207]
 [1468  208]
 [1466  209]
 [1464  210]
 [1462  211]
 [1460  212]
 [1458  213]
 [1457  214]
 [1456  216]
 [1456  218]
 [1455  220]
 [1455  222]
 [1456  224]
 [1457  226]
 [1458  227]
 [1460  228]
 [1461  229]
 [1463  230]
 [1466  230]
 [1468  229]
 [1470  229]
 [1472  229]
 [1476  228]
 [1477  228]
 [1480  227]
 [1482  226]
 [1483  225]
 [1484  224]
 [1486  224]
 [1487  224]
 [1489  223]
 [1490  222]
 [1492  221]
 [1493  220]
 [1495  219]
 [1496  218]
 [1497  217]
 [1497  215]
 [1498  214]
 [1499  214]
 [1499  213]
 [1499  211]
 [1500  209]
 [1500  208]
 [1501  207]
 [1501  206]
 [1502  205]
 [1501  203]
 [1501  202]
 [1500  201]
 [1499  200]
 [1498  199]
 [1497  199]
 [1496  198]
 [1494  198]
 [1493  198]
 [1492  199]
 [1490  200]
 [1488  200]
 [1486  201]
 [1484  201]
 [1483  201]
 [1482  201]
 [1480  201]
 [1478  201]
 [1478  201]
 [1477  203]
 [1477  203]
 [1476  203]
 [1475  204]
 [1475  204]
 [1474  205]]
Fuhrman 3, [[1355   84]
 [1352   86]
 [1351   88]
 [1350   89]
 [1349   92]
 [1349   94]
 [1348   96]
 [1348   98]
 [1347  100]
 [1347  102]
 [1347  105]
 [1348  109]
 [1348  112]
 [1349  114]
 [1351  116]
 [1353  118]
 [1355  120]
 [1356  121]
 [1358  121]
 [1360  122]
 [1363  122]
 [1365  122]
 [1368  121]
 [1369  120]
 [1370  120]
 [1372  118]
 [1374  117]
 [1375  115]
 [1377  113]
 [1378  111]
 [1379  110]
 [1379  108]
 [1379  106]
 [1380  105]
 [1381  104]
 [1381  103]
 [1382  102]
 [1382   99]
 [1382   97]
 [1381   96]
 [1381   94]
 [1379   92]
 [1378   90]
 [1377   89]
 [1376   88]
 [1375   86]
 [1374   85]
 [1372   85]
 [1370   84]
 [1369   84]
 [1367   83]
 [1365   82]
 [1364   82]
 [1363   81]
 [1362   81]
 [1361   81]
 [1360   81]
 [1360   81]
 [1359   82]
 [1357   83]
 [1356   83]
 [1355   84]]
Fuhrman 3, [[1448   52]
 [1446   52]
 [1445   53]
 [1444   53]
 [1443   53]
 [1442   54]
 [1441   54]
 [1440   53]
 [1438   53]
 [1437   53]
 [1436   54]
 [1435   54]
 [1433   55]
 [1431   56]
 [1430   57]
 [1428   59]
 [1427   60]
 [1427   62]
 [1427   64]
 [1426   68]
 [1427   71]
 [1427   74]
 [1428   75]
 [1428   76]
 [1429   77]
 [1431   77]
 [1432   78]
 [1433   78]
 [1434   79]
 [1435   81]
 [1434   82]
 [1435   84]
 [1436   86]
 [1437   87]
 [1438   87]
 [1440   88]
 [1441   89]
 [1443   89]
 [1445   89]
 [1448   89]
 [1450   89]
 [1451   89]
 [1453   89]
 [1454   89]
 [1455   88]
 [1455   87]
 [1456   86]
 [1457   84]
 [1457   83]
 [1458   81]
 [1460   80]
 [1461   79]
 [1462   78]
 [1462   77]
 [1463   76]
 [1463   75]
 [1464   74]
 [1464   72]
 [1464   71]
 [1464   70]
 [1464   69]
 [1463   68]
 [1463   67]
 [1462   66]
 [1462   65]
 [1461   64]
 [1461   63]
 [1460   63]
 [1460   62]
 [1459   61]
 [1458   60]
 [1458   59]
 [1457   58]
 [1456   57]
 [1455   56]
 [1454   55]
 [1453   54]
 [1452   54]
 [1450   53]
 [1449   52]
 [1448   52]]
Fuhrman 3, [[126 402]
 [124 403]
 [123 404]
 [120 405]
 [118 406]
 [116 407]
 [114 408]
 [113 410]
 [111 411]
 [110 412]
 [110 413]
 [110 415]
 [110 416]
 [110 417]
 [111 417]
 [111 418]
 [112 418]
 [112 420]
 [113 421]
 [115 421]
 [116 422]
 [117 423]
 [118 423]
 [119 424]
 [120 426]
 [120 427]
 [121 429]
 [123 430]
 [124 430]
 [126 431]
 [128 431]
 [130 432]
 [132 433]
 [133 433]
 [136 433]
 [139 433]
 [140 433]
 [141 433]
 [142 432]
 [143 431]
 [143 430]
 [144 430]
 [145 430]
 [147 429]
 [149 428]
 [150 428]
 [150 427]
 [150 425]
 [151 423]
 [151 421]
 [150 419]
 [149 418]
 [149 416]
 [148 414]
 [147 413]
 [147 412]
 [146 411]
 [145 411]
 [145 410]
 [145 409]
 [145 408]
 [144 407]
 [144 407]
 [143 406]
 [142 406]
 [141 405]
 [140 404]
 [139 403]
 [138 402]
 [135 401]
 [133 401]
 [130 401]
 [128 402]
 [126 402]]
