Fuhrman 2, [[227 222]
 [230 222]
 [233 221]
 [235 219]
 [237 217]
 [239 215]
 [240 214]
 [241 212]
 [241 210]
 [241 208]
 [239 205]
 [236 204]
 [233 202]
 [230 201]
 [225 200]
 [222 201]
 [219 201]
 [216 202]
 [213 205]
 [212 208]
 [211 211]
 [211 213]
 [212 215]
 [213 216]
 [215 218]
 [217 220]
 [219 221]
 [221 222]
 [224 222]
 [226 222]
 [228 222]]
Fuhrman 2, [[637 293]
 [639 291]
 [641 289]
 [640 286]
 [641 283]
 [640 280]
 [640 279]
 [637 278]
 [632 278]
 [630 277]
 [626 277]
 [623 277]
 [620 277]
 [618 278]
 [616 281]
 [616 283]
 [616 285]
 [616 287]
 [617 289]
 [617 292]
 [618 294]
 [620 295]
 [623 296]
 [626 297]
 [629 297]
 [632 296]
 [634 295]
 [636 294]
 [637 292]]
Fuhrman 2, [[315 676]
 [317 675]
 [318 673]
 [319 670]
 [319 667]
 [319 664]
 [318 661]
 [317 659]
 [314 658]
 [312 657]
 [311 656]
 [308 656]
 [306 658]
 [306 659]
 [304 660]
 [301 661]
 [299 663]
 [298 665]
 [297 667]
 [297 670]
 [297 673]
 [298 675]
 [299 676]
 [301 678]
 [304 679]
 [306 679]
 [308 679]
 [310 678]
 [312 678]
 [314 676]
 [315 676]]
Fuhrman 2, [[369 690]
 [370 688]
 [371 686]
 [372 684]
 [371 681]
 [370 679]
 [368 677]
 [366 675]
 [365 674]
 [363 673]
 [362 671]
 [360 670]
 [358 671]
 [356 670]
 [353 670]
 [350 670]
 [347 671]
 [344 672]
 [342 674]
 [340 676]
 [339 678]
 [339 682]
 [340 685]
 [341 687]
 [343 688]
 [345 688]
 [348 688]
 [350 688]
 [351 687]
 [353 687]
 [354 687]
 [356 688]
 [358 690]
 [359 691]
 [361 691]
 [363 692]
 [365 692]
 [367 691]
 [368 691]
 [369 690]]
Fuhrman 2, [[402 661]
 [403 660]
 [405 659]
 [405 657]
 [405 655]
 [404 652]
 [403 649]
 [401 647]
 [399 645]
 [397 644]
 [394 644]
 [392 644]
 [390 646]
 [388 647]
 [387 648]
 [386 650]
 [386 652]
 [387 654]
 [388 655]
 [390 658]
 [392 660]
 [394 663]
 [396 664]
 [397 663]
 [399 663]
 [401 662]
 [402 661]]
Fuhrman 2, [[295 135]
 [296 133]
 [297 131]
 [297 130]
 [297 127]
 [295 125]
 [292 123]
 [291 122]
 [288 121]
 [285 121]
 [283 121]
 [281 121]
 [280 123]
 [279 125]
 [278 127]
 [278 129]
 [279 131]
 [280 133]
 [281 135]
 [281 137]
 [282 139]
 [283 140]
 [286 141]
 [288 141]
 [290 141]
 [291 141]
 [293 140]
 [294 138]
 [295 137]
 [295 135]]
Fuhrman 2, [[616 651]
 [617 650]
 [619 648]
 [619 647]
 [620 645]
 [620 643]
 [620 641]
 [619 640]
 [618 638]
 [616 637]
 [614 636]
 [611 635]
 [608 636]
 [607 637]
 [605 637]
 [604 638]
 [602 639]
 [601 641]
 [600 643]
 [600 646]
 [601 647]
 [601 649]
 [602 650]
 [604 651]
 [606 653]
 [608 653]
 [611 653]
 [613 653]
 [615 651]
 [616 651]]
Fuhrman 2, [[1237  791]
 [1238  788]
 [1239  785]
 [1239  781]
 [1239  778]
 [1238  776]
 [1237  774]
 [1235  772]
 [1232  770]
 [1229  769]
 [1226  769]
 [1224  770]
 [1222  772]
 [1220  773]
 [1218  774]
 [1216  776]
 [1215  779]
 [1215  781]
 [1215  785]
 [1215  787]
 [1216  789]
 [1218  791]
 [1220  793]
 [1222  794]
 [1225  795]
 [1229  795]
 [1232  794]
 [1235  793]
 [1236  792]
 [1237  790]]
Fuhrman 2, [[980 825]
 [982 822]
 [984 819]
 [985 815]
 [985 811]
 [984 808]
 [982 806]
 [980 805]
 [977 805]
 [974 806]
 [971 807]
 [967 809]
 [964 811]
 [962 813]
 [960 815]
 [958 819]
 [957 822]
 [957 826]
 [958 829]
 [959 832]
 [961 833]
 [964 833]
 [967 833]
 [970 833]
 [973 831]
 [976 829]
 [979 827]
 [980 825]]
Fuhrman 2, [[1803  703]
 [1806  703]
 [1808  702]
 [1809  700]
 [1810  696]
 [1809  692]
 [1808  689]
 [1807  686]
 [1805  684]
 [1803  681]
 [1801  678]
 [1797  677]
 [1793  677]
 [1790  679]
 [1787  681]
 [1784  685]
 [1782  688]
 [1782  691]
 [1783  695]
 [1784  697]
 [1785  698]
 [1788  700]
 [1792  702]
 [1795  703]
 [1798  704]
 [1801  704]
 [1803  703]]
Fuhrman 2, [[1747  697]
 [1750  697]
 [1754  697]
 [1756  698]
 [1759  699]
 [1761  699]
 [1764  698]
 [1767  697]
 [1768  694]
 [1769  689]
 [1768  682]
 [1766  677]
 [1763  673]
 [1760  673]
 [1754  673]
 [1752  674]
 [1749  676]
 [1747  678]
 [1746  679]
 [1744  681]
 [1744  683]
 [1744  686]
 [1744  689]
 [1744  692]
 [1745  694]
 [1746  696]
 [1747  697]
 [1747  697]]
Fuhrman 2, [[1536  639]
 [1539  636]
 [1542  634]
 [1544  631]
 [1545  627]
 [1545  624]
 [1545  621]
 [1542  619]
 [1538  619]
 [1535  619]
 [1532  621]
 [1529  622]
 [1526  623]
 [1523  625]
 [1519  628]
 [1516  630]
 [1514  631]
 [1513  633]
 [1513  635]
 [1513  638]
 [1513  640]
 [1513  643]
 [1514  645]
 [1516  646]
 [1519  646]
 [1523  645]
 [1528  644]
 [1531  641]
 [1535  639]
 [1536  639]]
Fuhrman 2, [[929 436]
 [930 433]
 [930 430]
 [929 427]
 [927 424]
 [925 422]
 [922 420]
 [919 419]
 [915 418]
 [911 419]
 [909 419]
 [906 420]
 [904 422]
 [903 424]
 [902 428]
 [902 431]
 [903 435]
 [904 438]
 [905 441]
 [907 443]
 [909 444]
 [913 445]
 [916 445]
 [920 444]
 [922 444]
 [925 443]
 [926 442]
 [928 440]
 [928 438]
 [929 437]
 [929 436]]
Fuhrman 2, [[163 340]
 [165 337]
 [169 336]
 [171 334]
 [171 331]
 [171 328]
 [169 325]
 [168 323]
 [164 321]
 [161 321]
 [156 321]
 [150 322]
 [145 324]
 [141 327]
 [138 329]
 [136 332]
 [134 335]
 [134 339]
 [134 343]
 [135 346]
 [137 349]
 [139 351]
 [142 352]
 [145 353]
 [148 352]
 [151 349]
 [155 346]
 [158 343]
 [161 341]
 [163 340]]
Fuhrman 2, [[1315  873]
 [1317  870]
 [1318  867]
 [1318  863]
 [1318  860]
 [1316  856]
 [1313  853]
 [1310  850]
 [1305  849]
 [1301  849]
 [1297  849]
 [1295  851]
 [1294  854]
 [1293  857]
 [1293  860]
 [1294  864]
 [1294  867]
 [1294  870]
 [1295  873]
 [1296  876]
 [1298  877]
 [1301  877]
 [1304  877]
 [1307  877]
 [1310  876]
 [1313  875]
 [1315  873]]
Fuhrman 2, [[1609  472]
 [1611  470]
 [1613  468]
 [1615  466]
 [1616  463]
 [1615  461]
 [1614  459]
 [1612  457]
 [1608  457]
 [1603  457]
 [1599  458]
 [1595  461]
 [1591  463]
 [1587  465]
 [1584  469]
 [1584  472]
 [1585  473]
 [1587  474]
 [1589  474]
 [1592  475]
 [1595  476]
 [1600  476]
 [1604  475]
 [1607  474]
 [1609  472]]
Fuhrman 2, [[445 480]
 [446 477]
 [446 472]
 [445 468]
 [443 465]
 [441 463]
 [439 462]
 [436 461]
 [434 461]
 [431 462]
 [429 463]
 [428 465]
 [427 467]
 [427 469]
 [427 470]
 [427 473]
 [427 475]
 [427 477]
 [428 479]
 [429 481]
 [431 482]
 [432 483]
 [433 485]
 [435 486]
 [436 487]
 [438 487]
 [440 486]
 [442 485]
 [443 483]
 [444 481]
 [445 480]]
Fuhrman 2, [[454 455]
 [457 454]
 [459 453]
 [461 451]
 [464 450]
 [466 449]
 [467 448]
 [469 448]
 [470 447]
 [472 446]
 [472 445]
 [473 443]
 [472 442]
 [471 441]
 [470 439]
 [469 438]
 [467 438]
 [465 438]
 [464 438]
 [462 438]
 [459 438]
 [457 438]
 [455 438]
 [453 439]
 [449 439]
 [446 440]
 [444 441]
 [442 444]
 [441 446]
 [441 447]
 [441 450]
 [441 452]
 [441 453]
 [442 455]
 [444 456]
 [445 457]
 [447 457]
 [450 457]
 [452 456]
 [453 455]
 [454 455]]
Fuhrman 2, [[535 155]
 [537 156]
 [540 155]
 [544 155]
 [548 154]
 [551 152]
 [553 150]
 [554 148]
 [556 145]
 [557 144]
 [557 141]
 [555 139]
 [554 137]
 [551 135]
 [549 134]
 [546 134]
 [544 135]
 [542 135]
 [539 135]
 [537 136]
 [536 136]
 [534 136]
 [533 137]
 [531 138]
 [530 140]
 [529 142]
 [529 144]
 [528 147]
 [528 148]
 [528 150]
 [529 152]
 [531 153]
 [533 154]
 [535 155]]
Fuhrman 2, [[1308  390]
 [1310  389]
 [1313  386]
 [1316  384]
 [1317  382]
 [1318  380]
 [1318  377]
 [1317  375]
 [1316  373]
 [1314  371]
 [1311  370]
 [1308  369]
 [1305  370]
 [1303  371]
 [1301  373]
 [1299  375]
 [1297  376]
 [1296  377]
 [1295  378]
 [1294  380]
 [1294  382]
 [1294  384]
 [1294  386]
 [1294  387]
 [1295  389]
 [1296  391]
 [1297  392]
 [1299  392]
 [1301  392]
 [1303  392]
 [1305  391]
 [1307  390]
 [1308  390]]
