Fuhrman 2, [[818  38]
 [819  37]
 [820  34]
 [822  31]
 [822  28]
 [822  25]
 [823  22]
 [822  18]
 [820  17]
 [818  15]
 [817  15]
 [816  14]
 [815  14]
 [812  14]
 [811  15]
 [810  17]
 [809  18]
 [806  20]
 [803  22]
 [801  24]
 [800  27]
 [798  29]
 [796  32]
 [796  35]
 [796  38]
 [796  39]
 [798  41]
 [801  41]
 [802  42]
 [804  43]
 [805  44]
 [807  44]
 [810  43]
 [813  42]
 [815  41]
 [816  40]
 [817  39]
 [818  38]]
Fuhrman 2, [[280 501]
 [283 499]
 [285 496]
 [285 493]
 [285 490]
 [284 487]
 [283 484]
 [280 481]
 [277 479]
 [273 478]
 [270 478]
 [266 478]
 [264 479]
 [261 482]
 [259 485]
 [258 489]
 [258 493]
 [259 496]
 [261 499]
 [264 501]
 [267 503]
 [270 504]
 [273 504]
 [276 503]
 [278 502]
 [280 502]
 [280 500]]
Fuhrman 2, [[291 538]
 [293 537]
 [293 535]
 [294 532]
 [294 529]
 [294 525]
 [293 522]
 [292 520]
 [289 519]
 [286 518]
 [284 518]
 [281 518]
 [278 518]
 [276 519]
 [274 520]
 [272 522]
 [271 524]
 [270 527]
 [270 529]
 [270 532]
 [271 533]
 [272 535]
 [272 537]
 [273 539]
 [272 540]
 [273 541]
 [274 542]
 [276 543]
 [279 544]
 [281 544]
 [284 544]
 [286 544]
 [288 542]
 [288 541]
 [289 540]
 [291 539]
 [291 538]]
Fuhrman 2, [[602 752]
 [604 750]
 [605 747]
 [605 744]
 [604 739]
 [602 737]
 [601 734]
 [598 733]
 [596 732]
 [594 731]
 [593 731]
 [590 732]
 [589 733]
 [586 734]
 [584 736]
 [583 738]
 [582 741]
 [581 744]
 [580 747]
 [580 750]
 [581 752]
 [582 754]
 [584 756]
 [588 757]
 [591 758]
 [593 759]
 [595 759]
 [598 759]
 [599 758]
 [600 757]
 [601 755]
 [602 753]
 [602 752]]
Fuhrman 2, [[629 792]
 [631 790]
 [633 787]
 [634 784]
 [636 782]
 [637 781]
 [638 779]
 [638 777]
 [638 775]
 [636 772]
 [634 770]
 [631 769]
 [627 769]
 [623 768]
 [619 769]
 [617 771]
 [614 774]
 [613 776]
 [611 779]
 [609 781]
 [608 785]
 [608 788]
 [608 790]
 [609 792]
 [611 794]
 [613 795]
 [616 795]
 [619 795]
 [622 795]
 [623 795]
 [626 794]
 [627 793]
 [629 792]]
Fuhrman 2, [[623 454]
 [623 452]
 [624 449]
 [624 447]
 [624 444]
 [624 442]
 [622 440]
 [620 439]
 [618 438]
 [616 438]
 [613 437]
 [611 436]
 [608 436]
 [605 436]
 [603 437]
 [603 439]
 [602 441]
 [601 443]
 [599 445]
 [599 447]
 [599 450]
 [599 453]
 [600 455]
 [602 458]
 [603 458]
 [606 459]
 [608 459]
 [610 459]
 [613 458]
 [614 456]
 [616 458]
 [618 458]
 [620 457]
 [621 456]
 [622 455]
 [623 454]]
Fuhrman 2, [[683 314]
 [685 313]
 [687 312]
 [688 309]
 [688 306]
 [689 304]
 [689 301]
 [689 298]
 [688 296]
 [687 294]
 [684 292]
 [681 292]
 [680 291]
 [680 290]
 [679 289]
 [678 289]
 [677 290]
 [676 291]
 [675 291]
 [672 291]
 [670 292]
 [669 293]
 [668 295]
 [666 296]
 [665 299]
 [664 301]
 [664 304]
 [664 307]
 [665 309]
 [666 311]
 [669 312]
 [671 312]
 [673 313]
 [677 313]
 [679 314]
 [680 314]
 [683 314]]
Fuhrman 2, [[1306   93]
 [1309   93]
 [1311   92]
 [1312   89]
 [1312   86]
 [1312   83]
 [1312   80]
 [1312   77]
 [1310   73]
 [1308   70]
 [1306   67]
 [1304   65]
 [1301   64]
 [1298   64]
 [1294   66]
 [1292   69]
 [1290   70]
 [1289   73]
 [1288   75]
 [1288   78]
 [1289   80]
 [1288   82]
 [1288   85]
 [1289   87]
 [1291   88]
 [1294   89]
 [1296   90]
 [1297   91]
 [1299   93]
 [1302   95]
 [1303   95]
 [1304   93]
 [1306   93]]
Fuhrman 2, [[1446   42]
 [1447   39]
 [1447   37]
 [1446   33]
 [1443   30]
 [1440   29]
 [1437   28]
 [1434   28]
 [1433   27]
 [1431   25]
 [1429   25]
 [1427   25]
 [1425   26]
 [1423   28]
 [1421   28]
 [1421   30]
 [1421   32]
 [1421   33]
 [1422   34]
 [1422   36]
 [1423   38]
 [1424   40]
 [1425   41]
 [1427   41]
 [1429   42]
 [1430   44]
 [1432   45]
 [1434   47]
 [1435   48]
 [1438   49]
 [1441   48]
 [1443   47]
 [1445   45]
 [1446   44]
 [1446   42]]
Fuhrman 2, [[1453  146]
 [1455  144]
 [1456  141]
 [1457  138]
 [1457  134]
 [1456  130]
 [1455  127]
 [1454  124]
 [1452  123]
 [1450  122]
 [1447  121]
 [1445  119]
 [1442  118]
 [1441  117]
 [1439  114]
 [1437  113]
 [1435  113]
 [1433  113]
 [1431  114]
 [1430  116]
 [1430  119]
 [1429  123]
 [1429  126]
 [1430  130]
 [1431  134]
 [1432  138]
 [1434  141]
 [1436  143]
 [1439  145]
 [1441  147]
 [1444  149]
 [1446  149]
 [1448  149]
 [1450  148]
 [1452  147]
 [1453  146]]
Fuhrman 2, [[1669  645]
 [1671  643]
 [1672  641]
 [1673  638]
 [1673  636]
 [1672  635]
 [1673  633]
 [1674  633]
 [1676  633]
 [1677  631]
 [1677  630]
 [1676  627]
 [1674  626]
 [1671  625]
 [1668  626]
 [1666  625]
 [1663  626]
 [1661  627]
 [1660  629]
 [1659  632]
 [1659  636]
 [1659  639]
 [1659  642]
 [1659  645]
 [1660  647]
 [1661  648]
 [1663  649]
 [1665  649]
 [1666  648]
 [1668  647]
 [1669  646]
 [1669  645]]
Fuhrman 2, [[1663  604]
 [1665  602]
 [1667  601]
 [1668  598]
 [1668  595]
 [1668  592]
 [1666  589]
 [1663  587]
 [1659  587]
 [1656  588]
 [1653  588]
 [1650  590]
 [1648  591]
 [1646  593]
 [1645  596]
 [1644  598]
 [1644  601]
 [1645  603]
 [1648  606]
 [1649  606]
 [1652  606]
 [1655  606]
 [1658  606]
 [1660  605]
 [1662  604]
 [1663  604]]
Fuhrman 2, [[1864  848]
 [1866  847]
 [1868  845]
 [1868  842]
 [1868  838]
 [1868  835]
 [1865  832]
 [1863  830]
 [1860  828]
 [1857  828]
 [1854  828]
 [1851  829]
 [1849  832]
 [1848  835]
 [1848  838]
 [1848  840]
 [1849  843]
 [1850  846]
 [1852  847]
 [1854  848]
 [1857  849]
 [1859  849]
 [1861  849]
 [1864  848]]
Fuhrman 2, [[571 544]
 [573 543]
 [576 541]
 [577 539]
 [579 536]
 [580 533]
 [579 529]
 [578 525]
 [577 522]
 [574 521]
 [570 520]
 [567 520]
 [566 520]
 [564 519]
 [562 518]
 [559 519]
 [557 520]
 [554 522]
 [553 524]
 [552 527]
 [551 530]
 [552 534]
 [552 538]
 [553 541]
 [554 543]
 [556 545]
 [559 547]
 [561 547]
 [564 547]
 [568 546]
 [570 545]
 [571 544]]
Fuhrman 2, [[562 464]
 [564 463]
 [566 462]
 [567 461]
 [567 459]
 [567 456]
 [565 453]
 [563 452]
 [562 449]
 [562 445]
 [560 441]
 [557 438]
 [555 437]
 [552 436]
 [548 436]
 [545 437]
 [543 439]
 [541 442]
 [539 445]
 [538 448]
 [538 451]
 [539 454]
 [540 458]
 [542 460]
 [544 462]
 [547 464]
 [550 465]
 [553 465]
 [556 465]
 [559 465]
 [561 464]
 [562 464]]
Fuhrman 2, [[710 865]
 [711 863]
 [712 861]
 [712 859]
 [712 856]
 [712 855]
 [712 853]
 [711 853]
 [710 851]
 [709 849]
 [709 847]
 [709 845]
 [707 844]
 [706 844]
 [704 845]
 [702 846]
 [700 848]
 [699 851]
 [697 853]
 [696 856]
 [696 858]
 [695 860]
 [695 862]
 [695 865]
 [696 867]
 [697 868]
 [697 869]
 [697 871]
 [699 872]
 [700 872]
 [702 872]
 [704 870]
 [707 869]
 [709 867]
 [709 866]
 [710 865]]
Fuhrman 2, [[1138  867]
 [1140  864]
 [1142  861]
 [1142  858]
 [1142  856]
 [1141  853]
 [1138  850]
 [1136  848]
 [1134  847]
 [1131  845]
 [1128  845]
 [1125  845]
 [1123  845]
 [1120  846]
 [1116  848]
 [1114  850]
 [1112  852]
 [1111  854]
 [1111  857]
 [1111  860]
 [1112  863]
 [1114  866]
 [1117  869]
 [1120  870]
 [1122  871]
 [1125  871]
 [1128  871]
 [1131  871]
 [1135  869]
 [1137  868]
 [1138  867]]
Fuhrman 2, [[1150  731]
 [1152  731]
 [1153  730]
 [1154  728]
 [1155  726]
 [1155  722]
 [1155  719]
 [1153  715]
 [1152  712]
 [1151  709]
 [1149  707]
 [1148  705]
 [1145  704]
 [1143  705]
 [1142  705]
 [1140  707]
 [1138  708]
 [1137  710]
 [1137  713]
 [1137  716]
 [1138  718]
 [1138  721]
 [1139  724]
 [1140  726]
 [1141  728]
 [1143  730]
 [1145  731]
 [1147  732]
 [1149  732]
 [1150  732]]
Fuhrman 2, [[ 899 1046]
 [ 901 1044]
 [ 902 1043]
 [ 903 1042]
 [ 904 1040]
 [ 903 1037]
 [ 902 1035]
 [ 901 1032]
 [ 899 1030]
 [ 896 1029]
 [ 894 1029]
 [ 891 1029]
 [ 888 1030]
 [ 886 1032]
 [ 884 1034]
 [ 882 1034]
 [ 880 1034]
 [ 879 1036]
 [ 878 1037]
 [ 877 1038]
 [ 876 1040]
 [ 876 1042]
 [ 876 1044]
 [ 877 1045]
 [ 879 1046]
 [ 880 1047]
 [ 882 1048]
 [ 884 1049]
 [ 886 1049]
 [ 889 1049]
 [ 891 1049]
 [ 894 1048]
 [ 896 1048]
 [ 897 1047]
 [ 899 1046]]
Fuhrman 2, [[1880 1040]
 [1881 1037]
 [1880 1034]
 [1877 1030]
 [1874 1026]
 [1872 1024]
 [1868 1024]
 [1865 1024]
 [1862 1024]
 [1859 1024]
 [1856 1026]
 [1854 1027]
 [1852 1031]
 [1851 1034]
 [1851 1037]
 [1851 1040]
 [1852 1044]
 [1853 1045]
 [1855 1046]
 [1857 1047]
 [1859 1048]
 [1862 1050]
 [1865 1051]
 [1869 1051]
 [1872 1051]
 [1874 1049]
 [1876 1049]
 [1877 1047]
 [1878 1045]
 [1880 1044]
 [1880 1042]
 [1880 1040]]
