Fuhrman 2, [[422  89]
 [424  87]
 [426  84]
 [426  81]
 [426  79]
 [424  75]
 [419  73]
 [416  71]
 [410  70]
 [410  70]
 [402  70]
 [399  71]
 [397  72]
 [394  73]
 [392  76]
 [392  79]
 [391  81]
 [391  84]
 [391  87]
 [392  89]
 [393  90]
 [396  91]
 [398  92]
 [402  93]
 [405  94]
 [409  94]
 [413  93]
 [417  92]
 [420  91]
 [422  89]]
Fuhrman 2, [[670 492]
 [671 490]
 [672 488]
 [673 485]
 [674 483]
 [674 480]
 [674 476]
 [673 473]
 [672 470]
 [671 469]
 [669 468]
 [668 467]
 [667 465]
 [664 464]
 [661 463]
 [659 463]
 [655 464]
 [652 466]
 [650 468]
 [648 471]
 [647 474]
 [645 477]
 [645 480]
 [645 483]
 [645 486]
 [646 488]
 [647 490]
 [649 491]
 [650 492]
 [652 493]
 [654 495]
 [656 496]
 [658 497]
 [660 497]
 [661 498]
 [663 498]
 [664 498]
 [666 497]
 [667 495]
 [669 493]
 [670 492]]
Fuhrman 2, [[946  83]
 [948  82]
 [949  80]
 [951  79]
 [952  76]
 [952  73]
 [952  71]
 [950  68]
 [947  66]
 [945  64]
 [941  63]
 [938  62]
 [935  62]
 [933  63]
 [930  64]
 [927  65]
 [925  66]
 [923  68]
 [920  70]
 [919  72]
 [918  73]
 [918  75]
 [918  77]
 [919  79]
 [921  81]
 [924  82]
 [927  83]
 [930  83]
 [933  83]
 [936  83]
 [940  83]
 [942  83]
 [944  83]
 [946  83]]
Fuhrman 2, [[1046  997]
 [1048  996]
 [1051  994]
 [1052  992]
 [1053  990]
 [1053  987]
 [1052  983]
 [1051  981]
 [1050  979]
 [1049  979]
 [1047  977]
 [1044  976]
 [1041  975]
 [1037  974]
 [1034  975]
 [1030  977]
 [1028  980]
 [1027  982]
 [1027  985]
 [1027  988]
 [1028  991]
 [1028  993]
 [1030  994]
 [1031  995]
 [1031  997]
 [1033  998]
 [1035  998]
 [1037  998]
 [1039  999]
 [1041 1000]
 [1043  999]
 [1045  998]
 [1046  997]]
Fuhrman 2, [[1768  222]
 [1771  221]
 [1772  220]
 [1774  216]
 [1774  212]
 [1774  206]
 [1773  201]
 [1771  198]
 [1769  196]
 [1766  194]
 [1764  193]
 [1760  193]
 [1758  194]
 [1755  196]
 [1752  198]
 [1750  199]
 [1748  200]
 [1747  202]
 [1746  205]
 [1746  208]
 [1747  211]
 [1748  214]
 [1750  216]
 [1752  218]
 [1753  221]
 [1755  223]
 [1758  224]
 [1762  225]
 [1764  224]
 [1767  223]
 [1769  222]]
Fuhrman 2, [[1581  482]
 [1583  480]
 [1585  478]
 [1586  476]
 [1586  472]
 [1586  469]
 [1584  466]
 [1582  464]
 [1579  463]
 [1576  462]
 [1574  461]
 [1572  460]
 [1570  460]
 [1567  461]
 [1564  462]
 [1562  464]
 [1561  466]
 [1559  468]
 [1558  471]
 [1558  475]
 [1558  476]
 [1558  479]
 [1558  480]
 [1557  480]
 [1555  481]
 [1554  483]
 [1554  485]
 [1554  487]
 [1555  489]
 [1557  490]
 [1559  490]
 [1560  491]
 [1562  492]
 [1565  493]
 [1569  492]
 [1572  491]
 [1574  489]
 [1577  488]
 [1579  487]
 [1581  485]
 [1581  484]
 [1582  482]]
Fuhrman 2, [[1666  741]
 [1668  739]
 [1670  737]
 [1670  735]
 [1671  731]
 [1670  728]
 [1668  726]
 [1666  724]
 [1664  723]
 [1663  721]
 [1660  719]
 [1658  720]
 [1656  720]
 [1653  721]
 [1651  724]
 [1650  726]
 [1649  730]
 [1649  733]
 [1649  736]
 [1650  740]
 [1650  743]
 [1651  745]
 [1653  746]
 [1655  748]
 [1656  749]
 [1658  749]
 [1660  748]
 [1662  747]
 [1664  746]
 [1665  745]
 [1665  743]
 [1666  742]
 [1666  741]]
Fuhrman 2, [[1657  838]
 [1657  836]
 [1658  834]
 [1659  832]
 [1660  830]
 [1661  829]
 [1661  828]
 [1661  826]
 [1659  824]
 [1658  823]
 [1655  821]
 [1653  820]
 [1650  820]
 [1647  821]
 [1645  822]
 [1643  824]
 [1641  826]
 [1640  829]
 [1640  832]
 [1639  834]
 [1640  837]
 [1640  839]
 [1641  842]
 [1643  844]
 [1645  845]
 [1646  845]
 [1647  845]
 [1648  845]
 [1650  845]
 [1651  844]
 [1653  843]
 [1655  841]
 [1656  840]
 [1656  838]
 [1657  838]]
Fuhrman 2, [[1812  905]
 [1812  901]
 [1813  898]
 [1813  895]
 [1813  892]
 [1813  890]
 [1812  888]
 [1809  886]
 [1807  885]
 [1805  885]
 [1803  884]
 [1801  883]
 [1798  884]
 [1796  885]
 [1794  887]
 [1792  890]
 [1792  893]
 [1792  897]
 [1793  900]
 [1794  904]
 [1795  907]
 [1796  909]
 [1796  911]
 [1797  913]
 [1799  916]
 [1800  918]
 [1800  918]
 [1802  919]
 [1803  918]
 [1805  918]
 [1807  917]
 [1809  916]
 [1810  915]
 [1811  912]
 [1811  910]
 [1811  908]
 [1812  905]]
Fuhrman 2, [[1734  742]
 [1735  741]
 [1735  739]
 [1735  737]
 [1736  735]
 [1736  734]
 [1736  732]
 [1736  730]
 [1736  728]
 [1735  728]
 [1734  727]
 [1732  727]
 [1731  727]
 [1730  728]
 [1728  728]
 [1727  727]
 [1725  726]
 [1724  726]
 [1722  727]
 [1721  729]
 [1720  731]
 [1719  733]
 [1719  735]
 [1720  736]
 [1720  738]
 [1720  740]
 [1722  742]
 [1723  743]
 [1725  744]
 [1727  745]
 [1728  745]
 [1730  745]
 [1731  745]
 [1732  743]
 [1733  742]
 [1734  742]]
Fuhrman 2, [[1654  803]
 [1655  806]
 [1656  807]
 [1656  810]
 [1656  813]
 [1657  816]
 [1659  818]
 [1660  818]
 [1663  818]
 [1667  817]
 [1670  817]
 [1670  817]
 [1672  815]
 [1674  813]
 [1676  811]
 [1678  809]
 [1679  807]
 [1680  805]
 [1681  803]
 [1680  801]
 [1679  799]
 [1678  798]
 [1676  796]
 [1674  794]
 [1672  792]
 [1669  791]
 [1666  790]
 [1663  790]
 [1660  791]
 [1658  792]
 [1656  794]
 [1655  796]
 [1654  798]
 [1654  801]
 [1654  802]]
Fuhrman 2, [[1088  577]
 [1091  575]
 [1094  572]
 [1096  568]
 [1097  564]
 [1097  560]
 [1094  555]
 [1092  551]
 [1089  549]
 [1086  548]
 [1083  548]
 [1078  550]
 [1074  553]
 [1070  556]
 [1067  559]
 [1065  562]
 [1064  565]
 [1064  569]
 [1064  573]
 [1066  575]
 [1069  578]
 [1071  580]
 [1075  580]
 [1078  580]
 [1081  580]
 [1085  580]
 [1087  578]
 [1088  577]]
Fuhrman 2, [[1881 1029]
 [1883 1029]
 [1886 1028]
 [1888 1027]
 [1889 1025]
 [1890 1022]
 [1890 1019]
 [1890 1016]
 [1887 1014]
 [1885 1012]
 [1882 1012]
 [1880 1012]
 [1879 1010]
 [1878 1007]
 [1876 1005]
 [1874 1004]
 [1871 1004]
 [1869 1006]
 [1868 1008]
 [1866 1010]
 [1865 1012]
 [1865 1015]
 [1865 1017]
 [1866 1020]
 [1867 1022]
 [1869 1024]
 [1872 1026]
 [1874 1027]
 [1876 1028]
 [1878 1029]
 [1880 1029]
 [1882 1029]]
Fuhrman 2, [[150 635]
 [152 634]
 [154 632]
 [154 630]
 [154 627]
 [152 624]
 [151 620]
 [151 618]
 [148 615]
 [147 613]
 [144 611]
 [140 609]
 [133 606]
 [129 607]
 [128 608]
 [126 609]
 [123 611]
 [121 612]
 [121 614]
 [121 617]
 [121 619]
 [122 621]
 [123 624]
 [124 625]
 [127 626]
 [129 628]
 [132 629]
 [134 630]
 [136 631]
 [137 633]
 [140 634]
 [144 635]
 [147 635]
 [150 635]]
Fuhrman 2, [[ 84 610]
 [ 86 609]
 [ 87 608]
 [ 88 607]
 [ 88 605]
 [ 89 603]
 [ 89 600]
 [ 89 598]
 [ 88 597]
 [ 86 595]
 [ 84 594]
 [ 82 593]
 [ 79 593]
 [ 75 593]
 [ 72 593]
 [ 70 594]
 [ 67 594]
 [ 65 595]
 [ 64 596]
 [ 63 598]
 [ 63 600]
 [ 63 601]
 [ 63 603]
 [ 64 604]
 [ 64 606]
 [ 64 608]
 [ 64 610]
 [ 65 612]
 [ 66 613]
 [ 67 613]
 [ 69 612]
 [ 72 611]
 [ 74 610]
 [ 76 610]
 [ 78 610]
 [ 80 610]
 [ 82 610]
 [ 83 610]
 [ 84 610]]
Fuhrman 2, [[197 543]
 [195 545]
 [192 546]
 [191 548]
 [190 549]
 [190 551]
 [190 552]
 [191 554]
 [192 557]
 [193 560]
 [193 563]
 [193 565]
 [193 566]
 [195 567]
 [197 567]
 [199 568]
 [200 569]
 [202 570]
 [203 571]
 [205 573]
 [207 574]
 [209 574]
 [212 573]
 [214 571]
 [215 569]
 [216 568]
 [216 567]
 [217 565]
 [217 562]
 [218 560]
 [217 558]
 [217 558]
 [217 557]
 [217 555]
 [217 554]
 [216 553]
 [214 552]
 [211 550]
 [209 549]
 [206 544]
 [205 542]
 [203 542]
 [201 542]
 [199 543]
 [197 543]]
Fuhrman 2, [[500 404]
 [500 401]
 [501 399]
 [503 397]
 [504 396]
 [506 394]
 [506 392]
 [506 389]
 [506 386]
 [504 384]
 [502 382]
 [500 381]
 [497 381]
 [494 381]
 [492 381]
 [489 382]
 [487 383]
 [485 384]
 [483 386]
 [482 388]
 [481 391]
 [480 394]
 [480 397]
 [479 400]
 [479 402]
 [479 405]
 [479 407]
 [479 410]
 [480 413]
 [482 417]
 [484 420]
 [485 421]
 [487 421]
 [488 421]
 [491 419]
 [493 417]
 [495 415]
 [497 413]
 [497 410]
 [498 408]
 [499 405]
 [500 403]]
Fuhrman 2, [[1084  537]
 [1085  535]
 [1087  533]
 [1088  530]
 [1089  527]
 [1088  523]
 [1087  520]
 [1086  518]
 [1083  516]
 [1079  515]
 [1075  516]
 [1073  516]
 [1069  518]
 [1067  519]
 [1064  521]
 [1061  523]
 [1060  525]
 [1059  528]
 [1059  530]
 [1059  532]
 [1060  535]
 [1060  537]
 [1060  539]
 [1062  541]
 [1063  543]
 [1065  544]
 [1068  545]
 [1071  545]
 [1074  544]
 [1077  543]
 [1080  541]
 [1083  538]
 [1084  537]]
Fuhrman 2, [[1518  539]
 [1520  539]
 [1523  540]
 [1525  539]
 [1526  539]
 [1525  536]
 [1524  534]
 [1524  532]
 [1523  529]
 [1521  526]
 [1520  523]
 [1520  521]
 [1520  519]
 [1518  517]
 [1515  515]
 [1513  513]
 [1510  513]
 [1509  512]
 [1508  510]
 [1506  509]
 [1504  508]
 [1503  509]
 [1502  510]
 [1500  511]
 [1499  513]
 [1498  515]
 [1497  517]
 [1497  519]
 [1497  520]
 [1498  521]
 [1499  523]
 [1500  525]
 [1501  527]
 [1502  528]
 [1504  529]
 [1504  530]
 [1504  532]
 [1505  534]
 [1506  536]
 [1508  537]
 [1510  538]
 [1512  539]
 [1514  539]
 [1516  539]
 [1517  539]
 [1518  539]]
Fuhrman 2, [[1796  690]
 [1797  687]
 [1799  686]
 [1800  683]
 [1801  680]
 [1801  677]
 [1800  673]
 [1798  669]
 [1795  666]
 [1792  664]
 [1788  664]
 [1784  665]
 [1782  666]
 [1779  668]
 [1777  671]
 [1775  673]
 [1773  676]
 [1772  679]
 [1771  683]
 [1771  686]
 [1771  690]
 [1772  692]
 [1773  693]
 [1775  695]
 [1778  696]
 [1780  696]
 [1783  697]
 [1786  697]
 [1788  697]
 [1790  696]
 [1792  693]
 [1795  692]
 [1795  691]
 [1796  689]]
