Fuhrman 2, [[736 104]
 [737 102]
 [738 101]
 [738  99]
 [738  96]
 [738  94]
 [738  92]
 [737  91]
 [735  90]
 [732  89]
 [728  89]
 [725  89]
 [721  89]
 [717  89]
 [715  89]
 [713  90]
 [712  91]
 [712  93]
 [712  96]
 [712  98]
 [713 101]
 [715 102]
 [716 104]
 [719 105]
 [721 107]
 [724 108]
 [727 108]
 [730 108]
 [732 107]
 [735 106]
 [736 105]
 [736 104]]
Fuhrman 2, [[684 469]
 [687 467]
 [690 466]
 [691 464]
 [691 461]
 [690 457]
 [688 453]
 [687 451]
 [684 449]
 [681 448]
 [677 448]
 [674 449]
 [671 449]
 [668 449]
 [663 449]
 [662 451]
 [662 453]
 [662 455]
 [662 459]
 [663 462]
 [665 465]
 [668 468]
 [671 470]
 [674 472]
 [675 472]
 [678 472]
 [680 471]
 [683 470]
 [685 468]]
Fuhrman 2, [[825 423]
 [828 421]
 [831 419]
 [834 417]
 [837 415]
 [839 412]
 [840 409]
 [841 407]
 [839 405]
 [836 403]
 [833 402]
 [831 401]
 [826 401]
 [821 401]
 [816 402]
 [812 404]
 [808 407]
 [805 409]
 [803 411]
 [802 414]
 [801 418]
 [802 420]
 [803 423]
 [805 424]
 [807 425]
 [810 426]
 [815 426]
 [818 426]
 [822 424]
 [826 423]]
Fuhrman 2, [[1055  384]
 [1055  377]
 [1055  373]
 [1053  369]
 [1050  367]
 [1047  366]
 [1043  364]
 [1039  362]
 [1036  361]
 [1032  360]
 [1028  361]
 [1024  362]
 [1022  364]
 [1020  366]
 [1019  369]
 [1019  372]
 [1019  376]
 [1019  379]
 [1020  382]
 [1022  386]
 [1025  389]
 [1028  391]
 [1031  394]
 [1034  395]
 [1039  395]
 [1041  396]
 [1043  397]
 [1048  398]
 [1050  398]
 [1053  396]
 [1055  393]
 [1055  388]
 [1055  383]]
Fuhrman 2, [[827 757]
 [829 756]
 [831 756]
 [833 755]
 [834 753]
 [835 751]
 [835 749]
 [835 747]
 [834 746]
 [834 745]
 [832 744]
 [831 743]
 [830 743]
 [829 744]
 [828 744]
 [827 744]
 [826 742]
 [826 741]
 [824 740]
 [823 740]
 [821 741]
 [820 741]
 [818 741]
 [817 742]
 [816 743]
 [815 744]
 [814 745]
 [813 747]
 [813 749]
 [813 751]
 [813 752]
 [814 753]
 [813 755]
 [813 756]
 [814 758]
 [815 759]
 [816 759]
 [818 759]
 [821 758]
 [823 758]
 [825 758]
 [827 757]]
Fuhrman 2, [[743 810]
 [744 807]
 [745 804]
 [745 801]
 [744 798]
 [743 796]
 [742 794]
 [741 793]
 [739 792]
 [737 791]
 [735 791]
 [733 792]
 [731 792]
 [730 794]
 [728 795]
 [727 797]
 [727 799]
 [726 801]
 [725 804]
 [725 806]
 [726 809]
 [726 812]
 [727 814]
 [729 815]
 [731 816]
 [732 817]
 [735 817]
 [737 817]
 [739 816]
 [741 814]
 [742 812]
 [743 810]]
Fuhrman 2, [[505 953]
 [506 948]
 [506 944]
 [504 939]
 [502 934]
 [499 932]
 [495 930]
 [491 929]
 [488 930]
 [486 931]
 [485 934]
 [484 936]
 [485 938]
 [485 939]
 [486 940]
 [485 942]
 [484 944]
 [484 947]
 [484 949]
 [484 952]
 [485 956]
 [486 958]
 [488 961]
 [490 962]
 [494 963]
 [496 963]
 [498 962]
 [501 961]
 [503 959]
 [505 956]
 [505 954]
 [505 953]]
Fuhrman 2, [[527 472]
 [528 470]
 [529 467]
 [529 465]
 [528 463]
 [528 461]
 [526 460]
 [524 458]
 [522 457]
 [520 456]
 [518 455]
 [516 456]
 [514 457]
 [512 457]
 [510 459]
 [508 461]
 [507 463]
 [506 466]
 [505 468]
 [504 470]
 [504 473]
 [505 475]
 [506 476]
 [508 478]
 [509 479]
 [512 480]
 [515 480]
 [518 479]
 [521 477]
 [524 476]
 [526 474]
 [527 472]]
Fuhrman 2, [[1134  285]
 [1135  281]
 [1134  277]
 [1134  274]
 [1131  272]
 [1128  270]
 [1126  269]
 [1122  269]
 [1120  270]
 [1118  272]
 [1116  274]
 [1114  277]
 [1113  280]
 [1113  284]
 [1113  287]
 [1114  289]
 [1115  291]
 [1115  295]
 [1116  298]
 [1117  301]
 [1119  302]
 [1121  303]
 [1123  304]
 [1125  304]
 [1128  304]
 [1130  302]
 [1132  299]
 [1133  297]
 [1134  294]
 [1134  290]
 [1134  288]
 [1134  286]
 [1134  285]]
Fuhrman 2, [[1437  340]
 [1440  339]
 [1442  337]
 [1443  336]
 [1443  334]
 [1443  332]
 [1443  330]
 [1442  329]
 [1441  327]
 [1439  326]
 [1437  326]
 [1433  326]
 [1430  326]
 [1426  326]
 [1423  327]
 [1421  328]
 [1419  329]
 [1418  331]
 [1417  333]
 [1417  335]
 [1417  338]
 [1417  340]
 [1417  342]
 [1419  344]
 [1420  346]
 [1423  346]
 [1425  346]
 [1428  345]
 [1432  344]
 [1434  343]
 [1435  341]
 [1437  341]
 [1437  340]]
Fuhrman 2, [[1467  377]
 [1467  374]
 [1467  371]
 [1466  369]
 [1464  366]
 [1462  364]
 [1460  362]
 [1457  361]
 [1454  361]
 [1450  361]
 [1448  363]
 [1445  364]
 [1443  366]
 [1441  366]
 [1439  368]
 [1439  370]
 [1438  372]
 [1438  375]
 [1438  377]
 [1439  379]
 [1441  381]
 [1443  382]
 [1445  383]
 [1447  383]
 [1448  383]
 [1450  384]
 [1452  384]
 [1454  385]
 [1455  384]
 [1457  383]
 [1459  382]
 [1461  382]
 [1463  382]
 [1465  382]
 [1466  380]
 [1467  379]
 [1467  376]]
Fuhrman 2, [[1690  136]
 [1691  134]
 [1691  132]
 [1690  130]
 [1689  128]
 [1687  127]
 [1685  126]
 [1683  125]
 [1681  125]
 [1679  125]
 [1676  124]
 [1674  123]
 [1672  123]
 [1670  124]
 [1668  126]
 [1666  127]
 [1665  129]
 [1664  132]
 [1663  134]
 [1664  136]
 [1664  139]
 [1666  141]
 [1669  144]
 [1671  145]
 [1672  145]
 [1674  144]
 [1676  143]
 [1678  142]
 [1680  141]
 [1682  141]
 [1685  142]
 [1687  141]
 [1689  141]
 [1689  139]
 [1689  138]
 [1690  136]]
Fuhrman 2, [[1652  367]
 [1653  365]
 [1652  362]
 [1650  358]
 [1649  354]
 [1649  350]
 [1648  346]
 [1646  342]
 [1643  340]
 [1640  339]
 [1638  340]
 [1635  342]
 [1634  344]
 [1634  346]
 [1633  349]
 [1632  351]
 [1631  354]
 [1631  357]
 [1632  360]
 [1633  363]
 [1636  365]
 [1638  368]
 [1641  370]
 [1642  372]
 [1645  373]
 [1647  373]
 [1649  371]
 [1651  369]
 [1652  367]]
Fuhrman 2, [[1456  934]
 [1458  933]
 [1459  931]
 [1460  929]
 [1461  927]
 [1460  924]
 [1460  921]
 [1458  920]
 [1457  918]
 [1455  918]
 [1454  917]
 [1452  918]
 [1449  918]
 [1448  919]
 [1447  919]
 [1445  919]
 [1443  918]
 [1440  917]
 [1436  917]
 [1433  917]
 [1431  918]
 [1429  920]
 [1427  922]
 [1427  926]
 [1427  929]
 [1428  931]
 [1431  933]
 [1434  935]
 [1437  936]
 [1441  937]
 [1444  937]
 [1448  938]
 [1450  937]
 [1452  936]
 [1454  936]
 [1456  934]]
Fuhrman 2, [[1179  757]
 [1180  754]
 [1180  752]
 [1180  749]
 [1179  746]
 [1177  743]
 [1174  740]
 [1171  738]
 [1169  737]
 [1166  736]
 [1162  736]
 [1160  737]
 [1158  737]
 [1156  739]
 [1154  740]
 [1153  742]
 [1153  745]
 [1153  747]
 [1153  749]
 [1154  752]
 [1156  754]
 [1157  756]
 [1159  758]
 [1161  759]
 [1163  761]
 [1167  762]
 [1170  762]
 [1173  761]
 [1176  761]
 [1178  759]
 [1179  757]]
Fuhrman 2, [[1055  157]
 [1057  157]
 [1060  154]
 [1062  152]
 [1063  149]
 [1064  147]
 [1063  144]
 [1062  141]
 [1059  138]
 [1056  136]
 [1053  136]
 [1049  136]
 [1044  137]
 [1040  138]
 [1037  141]
 [1034  143]
 [1032  145]
 [1031  148]
 [1031  151]
 [1031  153]
 [1031  155]
 [1033  157]
 [1035  159]
 [1038  159]
 [1041  159]
 [1046  158]
 [1049  158]
 [1052  158]
 [1055  157]]
Fuhrman 2, [[1111  186]
 [1112  184]
 [1113  181]
 [1112  177]
 [1110  174]
 [1108  172]
 [1105  170]
 [1102  167]
 [1101  166]
 [1099  165]
 [1097  164]
 [1093  165]
 [1091  166]
 [1090  168]
 [1088  169]
 [1087  171]
 [1086  174]
 [1086  177]
 [1086  179]
 [1087  180]
 [1088  182]
 [1090  184]
 [1091  185]
 [1093  186]
 [1095  187]
 [1097  188]
 [1099  189]
 [1101  190]
 [1103  191]
 [1105  191]
 [1106  191]
 [1108  190]
 [1109  189]
 [1111  187]
 [1111  186]]
Fuhrman 2, [[957  67]
 [958  65]
 [957  62]
 [955  58]
 [953  55]
 [949  53]
 [946  51]
 [943  51]
 [940  51]
 [937  52]
 [936  53]
 [935  55]
 [935  57]
 [936  58]
 [937  60]
 [938  62]
 [939  64]
 [940  66]
 [941  68]
 [943  69]
 [944  70]
 [946  70]
 [949  70]
 [951  70]
 [954  70]
 [956  69]
 [956  67]
 [957  67]]
Fuhrman 2, [[374 643]
 [377 642]
 [378 640]
 [379 637]
 [379 634]
 [379 628]
 [376 624]
 [372 622]
 [368 620]
 [364 620]
 [360 621]
 [357 623]
 [354 626]
 [353 630]
 [353 634]
 [354 639]
 [356 642]
 [357 643]
 [360 645]
 [365 645]
 [369 645]
 [372 644]
 [374 643]]
Fuhrman 2, [[329 917]
 [330 914]
 [331 911]
 [331 907]
 [331 904]
 [329 902]
 [326 901]
 [323 902]
 [320 903]
 [318 904]
 [315 905]
 [313 908]
 [312 910]
 [311 912]
 [311 915]
 [311 917]
 [311 920]
 [312 922]
 [313 925]
 [314 926]
 [317 926]
 [319 926]
 [321 924]
 [324 922]
 [326 921]
 [328 919]
 [329 917]]
