Fuhrman 2, [[387 460]
 [388 459]
 [390 456]
 [390 454]
 [390 450]
 [390 448]
 [388 444]
 [386 442]
 [384 440]
 [381 439]
 [378 438]
 [374 438]
 [370 439]
 [368 440]
 [365 442]
 [364 444]
 [363 446]
 [363 449]
 [363 451]
 [364 454]
 [365 456]
 [366 458]
 [367 460]
 [369 462]
 [372 463]
 [375 464]
 [378 464]
 [381 464]
 [384 463]
 [386 462]
 [387 460]]
Fuhrman 2, [[579 503]
 [582 501]
 [584 500]
 [586 497]
 [586 494]
 [586 491]
 [586 488]
 [585 486]
 [583 483]
 [580 482]
 [576 481]
 [570 481]
 [567 482]
 [564 483]
 [562 485]
 [560 486]
 [558 488]
 [558 490]
 [557 492]
 [557 495]
 [558 498]
 [561 501]
 [563 503]
 [565 504]
 [568 505]
 [570 505]
 [574 504]
 [577 503]
 [579 503]]
Fuhrman 2, [[155 662]
 [158 662]
 [160 661]
 [161 659]
 [162 656]
 [162 652]
 [162 648]
 [161 645]
 [158 644]
 [153 642]
 [149 641]
 [145 642]
 [141 644]
 [138 645]
 [135 647]
 [133 649]
 [132 652]
 [131 654]
 [131 657]
 [132 660]
 [133 662]
 [135 665]
 [138 665]
 [142 665]
 [146 665]
 [150 663]
 [153 663]
 [155 662]]
Fuhrman 2, [[268 797]
 [270 795]
 [272 793]
 [274 789]
 [274 786]
 [273 783]
 [271 781]
 [266 780]
 [262 780]
 [259 781]
 [256 783]
 [254 784]
 [251 785]
 [249 787]
 [247 791]
 [246 793]
 [246 795]
 [247 798]
 [248 800]
 [250 802]
 [252 803]
 [255 804]
 [258 803]
 [262 802]
 [265 801]
 [267 800]
 [268 799]
 [268 797]]
Fuhrman 2, [[193 899]
 [193 896]
 [194 893]
 [193 890]
 [191 887]
 [188 885]
 [183 884]
 [179 884]
 [175 885]
 [171 887]
 [169 890]
 [168 892]
 [168 895]
 [168 897]
 [168 901]
 [168 904]
 [168 907]
 [169 908]
 [171 909]
 [173 911]
 [176 911]
 [179 911]
 [181 911]
 [184 909]
 [187 908]
 [189 906]
 [191 904]
 [192 901]
 [192 900]
 [193 898]]
Fuhrman 2, [[260 876]
 [261 874]
 [263 872]
 [264 869]
 [265 866]
 [265 861]
 [265 859]
 [263 858]
 [262 857]
 [261 855]
 [259 854]
 [256 854]
 [254 854]
 [251 854]
 [248 855]
 [246 857]
 [245 858]
 [244 860]
 [242 863]
 [242 864]
 [240 866]
 [240 868]
 [240 870]
 [240 873]
 [241 875]
 [242 877]
 [244 878]
 [246 878]
 [249 879]
 [251 879]
 [254 878]
 [256 878]
 [258 877]
 [259 877]
 [260 876]]
Fuhrman 2, [[401 793]
 [404 791]
 [405 789]
 [405 785]
 [405 781]
 [404 778]
 [402 776]
 [400 774]
 [397 773]
 [393 772]
 [390 772]
 [386 773]
 [383 775]
 [380 777]
 [378 779]
 [377 782]
 [376 784]
 [376 787]
 [378 790]
 [379 793]
 [381 795]
 [383 797]
 [385 797]
 [388 797]
 [391 797]
 [394 796]
 [397 795]
 [399 794]
 [401 793]]
Fuhrman 2, [[1465  206]
 [1467  204]
 [1470  204]
 [1473  203]
 [1474  201]
 [1474  198]
 [1471  194]
 [1470  190]
 [1469  187]
 [1467  185]
 [1463  184]
 [1458  184]
 [1455  185]
 [1451  186]
 [1448  188]
 [1445  190]
 [1443  192]
 [1441  194]
 [1440  197]
 [1439  200]
 [1440  203]
 [1441  205]
 [1445  206]
 [1448  207]
 [1452  208]
 [1456  208]
 [1459  208]
 [1462  207]
 [1465  206]]
Fuhrman 2, [[1786  134]
 [1790  137]
 [1792  138]
 [1794  140]
 [1796  141]
 [1798  142]
 [1799  142]
 [1800  141]
 [1801  139]
 [1802  136]
 [1803  134]
 [1804  130]
 [1805  126]
 [1805  122]
 [1804  119]
 [1802  116]
 [1800  114]
 [1798  113]
 [1794  112]
 [1792  113]
 [1789  114]
 [1788  115]
 [1787  116]
 [1785  117]
 [1784  118]
 [1783  120]
 [1782  124]
 [1782  126]
 [1783  129]
 [1784  131]
 [1786  133]
 [1787  134]]
Fuhrman 2, [[1173  500]
 [1176  499]
 [1178  496]
 [1180  492]
 [1181  489]
 [1181  486]
 [1180  482]
 [1178  480]
 [1175  477]
 [1171  476]
 [1168  476]
 [1165  476]
 [1162  478]
 [1159  479]
 [1157  482]
 [1156  485]
 [1156  489]
 [1156  492]
 [1157  495]
 [1159  497]
 [1162  499]
 [1165  500]
 [1167  500]
 [1170  500]
 [1172  500]
 [1174  500]]
Fuhrman 2, [[1121  396]
 [1123  396]
 [1125  396]
 [1127  396]
 [1129  396]
 [1130  395]
 [1132  393]
 [1133  391]
 [1134  389]
 [1135  388]
 [1134  385]
 [1133  382]
 [1131  380]
 [1129  378]
 [1126  377]
 [1125  376]
 [1122  376]
 [1121  376]
 [1119  375]
 [1118  374]
 [1116  375]
 [1115  377]
 [1114  378]
 [1113  380]
 [1112  381]
 [1110  382]
 [1109  384]
 [1107  385]
 [1106  386]
 [1105  388]
 [1105  390]
 [1105  392]
 [1106  395]
 [1107  397]
 [1109  398]
 [1111  399]
 [1112  400]
 [1114  400]
 [1116  399]
 [1118  398]
 [1120  397]
 [1121  396]]
Fuhrman 2, [[1136  360]
 [1138  360]
 [1139  359]
 [1141  359]
 [1143  358]
 [1144  358]
 [1146  356]
 [1147  355]
 [1148  354]
 [1149  352]
 [1150  351]
 [1149  349]
 [1149  347]
 [1147  345]
 [1145  343]
 [1143  343]
 [1141  342]
 [1138  342]
 [1137  340]
 [1135  339]
 [1133  339]
 [1131  339]
 [1128  339]
 [1126  341]
 [1124  343]
 [1123  344]
 [1122  345]
 [1121  347]
 [1120  350]
 [1119  353]
 [1120  355]
 [1120  357]
 [1122  359]
 [1124  360]
 [1126  361]
 [1129  360]
 [1131  360]
 [1134  360]
 [1135  360]
 [1136  360]]
Fuhrman 2, [[914 324]
 [918 322]
 [921 319]
 [924 317]
 [926 315]
 [927 312]
 [928 309]
 [928 305]
 [928 302]
 [926 298]
 [923 295]
 [919 293]
 [916 291]
 [913 292]
 [910 292]
 [907 293]
 [906 295]
 [905 298]
 [904 300]
 [902 301]
 [900 303]
 [899 305]
 [896 306]
 [894 308]
 [892 311]
 [891 314]
 [891 317]
 [891 320]
 [892 322]
 [894 324]
 [896 325]
 [899 326]
 [902 326]
 [906 326]
 [910 325]
 [913 325]
 [914 324]]
Fuhrman 2, [[476 493]
 [477 492]
 [479 488]
 [479 485]
 [478 482]
 [476 479]
 [474 478]
 [472 476]
 [469 475]
 [465 475]
 [462 475]
 [459 476]
 [456 477]
 [454 479]
 [453 480]
 [451 483]
 [451 485]
 [451 488]
 [451 490]
 [453 493]
 [454 495]
 [456 496]
 [459 497]
 [462 497]
 [466 497]
 [469 496]
 [472 495]
 [474 494]
 [476 493]]
Fuhrman 2, [[344 826]
 [346 824]
 [348 822]
 [349 819]
 [349 815]
 [348 812]
 [347 809]
 [346 806]
 [344 804]
 [341 802]
 [338 801]
 [334 800]
 [331 800]
 [329 801]
 [327 802]
 [325 804]
 [324 806]
 [323 809]
 [322 811]
 [322 814]
 [323 818]
 [325 820]
 [327 823]
 [329 825]
 [332 827]
 [333 828]
 [336 829]
 [338 828]
 [341 827]
 [344 826]]
Fuhrman 2, [[383 890]
 [386 889]
 [389 887]
 [391 885]
 [392 884]
 [393 881]
 [393 878]
 [393 875]
 [393 872]
 [391 870]
 [389 867]
 [386 866]
 [383 864]
 [378 864]
 [375 864]
 [371 866]
 [368 868]
 [365 871]
 [364 874]
 [364 878]
 [364 881]
 [364 885]
 [366 888]
 [368 889]
 [371 890]
 [374 891]
 [377 891]
 [380 890]
 [383 890]]
Fuhrman 2, [[527 799]
 [528 796]
 [529 793]
 [529 790]
 [529 786]
 [529 784]
 [528 781]
 [526 780]
 [523 779]
 [521 778]
 [518 778]
 [517 779]
 [516 780]
 [514 781]
 [512 782]
 [511 783]
 [510 784]
 [509 787]
 [509 789]
 [509 791]
 [510 794]
 [511 796]
 [513 799]
 [514 801]
 [516 802]
 [517 804]
 [519 805]
 [520 806]
 [522 805]
 [524 805]
 [525 804]
 [526 802]
 [527 800]
 [527 799]]
Fuhrman 2, [[ 38 991]
 [ 40 989]
 [ 42 986]
 [ 42 982]
 [ 42 979]
 [ 41 976]
 [ 39 972]
 [ 37 970]
 [ 34 968]
 [ 31 967]
 [ 28 967]
 [ 25 968]
 [ 21 970]
 [ 19 974]
 [ 18 977]
 [ 17 981]
 [ 18 984]
 [ 19 988]
 [ 21 990]
 [ 24 993]
 [ 26 994]
 [ 29 995]
 [ 32 994]
 [ 35 993]
 [ 37 992]
 [ 38 991]]
Fuhrman 2, [[ 978 1019]
 [ 980 1017]
 [ 983 1015]
 [ 984 1012]
 [ 984 1009]
 [ 984 1006]
 [ 983 1002]
 [ 981 1000]
 [ 978  998]
 [ 976  998]
 [ 973  997]
 [ 969  997]
 [ 966  998]
 [ 964 1000]
 [ 962 1001]
 [ 960 1003]
 [ 958 1005]
 [ 956 1007]
 [ 954 1010]
 [ 954 1013]
 [ 954 1015]
 [ 954 1018]
 [ 955 1020]
 [ 956 1022]
 [ 958 1023]
 [ 960 1024]
 [ 964 1024]
 [ 967 1024]
 [ 971 1024]
 [ 974 1023]
 [ 976 1021]
 [ 978 1020]
 [ 978 1019]]
Fuhrman 2, [[1174  950]
 [1175  948]
 [1176  947]
 [1176  944]
 [1176  941]
 [1176  939]
 [1175  937]
 [1173  935]
 [1171  934]
 [1167  933]
 [1164  934]
 [1162  935]
 [1160  936]
 [1157  938]
 [1156  940]
 [1155  942]
 [1155  944]
 [1155  947]
 [1156  948]
 [1158  950]
 [1159  951]
 [1161  953]
 [1163  954]
 [1164  954]
 [1167  954]
 [1169  954]
 [1171  953]
 [1173  951]
 [1174  950]
 [1174  950]]
