Fuhrman 2, [[183 432]
 [185 430]
 [186 428]
 [187 425]
 [187 422]
 [185 418]
 [184 415]
 [182 413]
 [178 411]
 [175 409]
 [171 409]
 [166 411]
 [164 412]
 [162 414]
 [160 416]
 [159 418]
 [158 421]
 [158 424]
 [158 426]
 [159 428]
 [161 430]
 [163 432]
 [165 434]
 [168 435]
 [172 435]
 [175 435]
 [178 435]
 [180 434]
 [182 433]
 [183 431]]
Fuhrman 2, [[188 394]
 [186 397]
 [185 400]
 [185 402]
 [185 406]
 [186 408]
 [187 411]
 [188 413]
 [191 415]
 [194 417]
 [196 417]
 [199 417]
 [202 417]
 [206 416]
 [209 415]
 [211 413]
 [212 411]
 [214 409]
 [215 406]
 [215 402]
 [214 399]
 [214 397]
 [211 394]
 [209 391]
 [205 390]
 [201 389]
 [198 389]
 [194 390]
 [191 392]
 [189 393]
 [188 395]]
Fuhrman 2, [[568  76]
 [570  75]
 [571  74]
 [573  71]
 [573  69]
 [573  66]
 [573  63]
 [573  60]
 [572  58]
 [569  56]
 [567  54]
 [563  54]
 [558  54]
 [556  55]
 [554  56]
 [552  57]
 [550  59]
 [549  61]
 [548  64]
 [547  66]
 [547  70]
 [547  72]
 [549  75]
 [552  77]
 [554  78]
 [557  79]
 [560  79]
 [564  79]
 [567  78]
 [568  76]]
Fuhrman 2, [[573  20]
 [570  21]
 [566  22]
 [564  23]
 [563  26]
 [561  29]
 [561  31]
 [560  34]
 [559  36]
 [559  39]
 [559  41]
 [559  43]
 [560  45]
 [561  47]
 [563  48]
 [566  49]
 [568  49]
 [571  49]
 [575  49]
 [578  47]
 [581  45]
 [584  42]
 [586  38]
 [586  37]
 [587  35]
 [588  33]
 [589  29]
 [588  26]
 [586  24]
 [584  22]
 [582  20]
 [579  19]
 [576  19]
 [572  20]
 [572  20]]
Fuhrman 2, [[627 548]
 [630 546]
 [631 544]
 [632 542]
 [632 539]
 [631 535]
 [630 533]
 [628 531]
 [624 530]
 [621 530]
 [618 530]
 [616 532]
 [614 535]
 [613 537]
 [612 539]
 [611 542]
 [610 544]
 [609 547]
 [609 551]
 [610 554]
 [611 558]
 [612 559]
 [614 560]
 [615 561]
 [617 561]
 [619 560]
 [621 559]
 [622 555]
 [623 553]
 [625 552]
 [626 550]
 [628 548]]
Fuhrman 2, [[686 580]
 [688 578]
 [690 576]
 [691 574]
 [692 571]
 [693 568]
 [692 565]
 [692 563]
 [691 562]
 [690 559]
 [688 558]
 [686 556]
 [684 556]
 [681 555]
 [678 556]
 [675 556]
 [673 558]
 [672 560]
 [670 562]
 [668 563]
 [666 565]
 [665 567]
 [665 570]
 [665 572]
 [665 575]
 [666 578]
 [667 580]
 [669 581]
 [671 582]
 [674 583]
 [677 583]
 [681 582]
 [683 582]
 [685 581]
 [686 580]]
Fuhrman 2, [[  74 1008]
 [  76 1007]
 [  78 1004]
 [  80 1003]
 [  81 1001]
 [  81  998]
 [  81  996]
 [  81  994]
 [  81  992]
 [  82  989]
 [  82  987]
 [  81  985]
 [  80  984]
 [  78  982]
 [  75  981]
 [  72  981]
 [  69  982]
 [  65  983]
 [  61  985]
 [  58  987]
 [  55  988]
 [  53  990]
 [  51  992]
 [  49  998]
 [  49 1001]
 [  50 1003]
 [  52 1006]
 [  55 1009]
 [  58 1011]
 [  61 1011]
 [  65 1011]
 [  67 1011]
 [  70 1011]
 [  72 1010]
 [  74 1008]]
Fuhrman 2, [[1338  837]
 [1341  836]
 [1343  834]
 [1345  833]
 [1346  831]
 [1348  829]
 [1348  827]
 [1349  825]
 [1348  822]
 [1347  819]
 [1345  817]
 [1344  815]
 [1342  814]
 [1340  813]
 [1338  813]
 [1336  813]
 [1334  814]
 [1331  815]
 [1328  816]
 [1326  818]
 [1324  819]
 [1322  821]
 [1321  823]
 [1320  825]
 [1319  827]
 [1319  828]
 [1319  831]
 [1319  832]
 [1320  833]
 [1322  834]
 [1324  835]
 [1326  836]
 [1329  836]
 [1331  837]
 [1334  837]
 [1336  837]
 [1337  837]
 [1338  837]]
Fuhrman 2, [[1798  472]
 [1801  470]
 [1803  468]
 [1804  466]
 [1804  464]
 [1803  461]
 [1802  459]
 [1801  457]
 [1798  455]
 [1797  453]
 [1794  453]
 [1791  453]
 [1788  454]
 [1786  455]
 [1783  457]
 [1782  459]
 [1780  461]
 [1779  463]
 [1778  466]
 [1779  468]
 [1780  471]
 [1782  473]
 [1785  475]
 [1787  476]
 [1790  476]
 [1793  474]
 [1795  473]
 [1797  472]
 [1798  472]]
Fuhrman 2, [[467 721]
 [470 718]
 [471 716]
 [473 713]
 [473 711]
 [473 708]
 [472 707]
 [469 705]
 [465 704]
 [460 705]
 [457 705]
 [455 706]
 [453 708]
 [450 709]
 [448 710]
 [446 712]
 [445 715]
 [444 717]
 [445 720]
 [446 723]
 [448 724]
 [451 724]
 [454 724]
 [458 723]
 [461 722]
 [464 721]
 [467 720]]
Fuhrman 2, [[631 658]
 [633 656]
 [634 655]
 [635 653]
 [635 650]
 [635 647]
 [633 644]
 [632 643]
 [629 641]
 [626 641]
 [623 641]
 [621 642]
 [619 643]
 [617 645]
 [615 647]
 [614 648]
 [613 650]
 [612 653]
 [612 654]
 [613 656]
 [615 658]
 [617 659]
 [619 660]
 [621 660]
 [623 660]
 [626 660]
 [628 660]
 [630 659]
 [631 658]]
Fuhrman 2, [[846 643]
 [848 642]
 [850 641]
 [850 639]
 [851 638]
 [851 635]
 [851 633]
 [850 631]
 [849 630]
 [848 628]
 [847 627]
 [846 626]
 [844 626]
 [842 626]
 [839 627]
 [837 627]
 [835 628]
 [833 630]
 [832 632]
 [831 633]
 [831 635]
 [830 637]
 [830 638]
 [829 639]
 [830 641]
 [830 642]
 [831 643]
 [833 644]
 [834 645]
 [834 646]
 [837 646]
 [839 646]
 [842 646]
 [843 646]
 [844 644]
 [846 644]
 [846 643]]
Fuhrman 2, [[1875  490]
 [1878  487]
 [1880  485]
 [1881  483]
 [1881  479]
 [1881  475]
 [1880  471]
 [1878  468]
 [1875  465]
 [1872  464]
 [1868  463]
 [1865  463]
 [1862  464]
 [1860  466]
 [1857  469]
 [1855  472]
 [1854  475]
 [1854  477]
 [1854  480]
 [1854  483]
 [1854  486]
 [1856  489]
 [1857  491]
 [1859  493]
 [1861  494]
 [1862  495]
 [1865  496]
 [1867  495]
 [1871  493]
 [1874  491]
 [1875  489]]
Fuhrman 2, [[1866  610]
 [1869  610]
 [1872  609]
 [1875  608]
 [1875  606]
 [1875  603]
 [1874  599]
 [1873  596]
 [1872  594]
 [1870  593]
 [1868  592]
 [1866  592]
 [1863  593]
 [1861  594]
 [1859  596]
 [1857  597]
 [1855  599]
 [1854  600]
 [1853  602]
 [1853  603]
 [1853  605]
 [1854  607]
 [1855  608]
 [1858  609]
 [1860  609]
 [1863  610]
 [1866  610]]
Fuhrman 2, [[743 541]
 [745 539]
 [747 538]
 [748 537]
 [748 535]
 [748 533]
 [748 530]
 [747 528]
 [745 526]
 [743 525]
 [740 526]
 [738 526]
 [736 526]
 [733 527]
 [732 528]
 [730 530]
 [729 532]
 [728 534]
 [728 536]
 [729 539]
 [730 541]
 [731 543]
 [733 544]
 [736 544]
 [738 544]
 [740 543]
 [742 542]
 [743 541]]
Fuhrman 2, [[963  48]
 [966  46]
 [967  44]
 [969  42]
 [969  40]
 [969  38]
 [967  37]
 [964  35]
 [962  34]
 [960  33]
 [958  32]
 [956  32]
 [954  32]
 [950  33]
 [947  34]
 [945  36]
 [943  37]
 [941  39]
 [939  41]
 [938  42]
 [939  44]
 [939  46]
 [941  47]
 [942  48]
 [944  50]
 [945  51]
 [947  53]
 [949  54]
 [951  55]
 [954  55]
 [957  54]
 [960  53]
 [961  51]
 [962  50]
 [963  48]]
Fuhrman 2, [[814 253]
 [815 251]
 [815 249]
 [816 247]
 [816 245]
 [816 243]
 [815 242]
 [813 240]
 [811 239]
 [809 239]
 [806 239]
 [804 240]
 [802 241]
 [800 243]
 [799 245]
 [799 246]
 [799 249]
 [799 250]
 [800 253]
 [800 255]
 [801 256]
 [802 258]
 [804 259]
 [805 260]
 [807 260]
 [809 259]
 [811 257]
 [812 255]
 [813 254]
 [814 253]]
Fuhrman 2, [[1188  874]
 [1190  873]
 [1191  870]
 [1191  866]
 [1191  861]
 [1189  858]
 [1187  855]
 [1185  853]
 [1179  850]
 [1177  849]
 [1175  850]
 [1173  851]
 [1171  853]
 [1169  855]
 [1169  857]
 [1168  860]
 [1168  862]
 [1169  865]
 [1170  868]
 [1170  871]
 [1172  873]
 [1174  875]
 [1176  877]
 [1179  878]
 [1181  877]
 [1184  877]
 [1186  876]
 [1188  875]
 [1188  874]]
Fuhrman 2, [[1842  307]
 [1844  305]
 [1847  303]
 [1848  301]
 [1849  299]
 [1850  297]
 [1852  297]
 [1854  296]
 [1855  295]
 [1856  293]
 [1856  291]
 [1855  289]
 [1853  288]
 [1851  287]
 [1848  287]
 [1845  287]
 [1844  286]
 [1842  285]
 [1840  285]
 [1837  285]
 [1834  287]
 [1832  288]
 [1829  290]
 [1828  291]
 [1827  293]
 [1826  295]
 [1825  298]
 [1825  300]
 [1825  302]
 [1826  304]
 [1827  305]
 [1829  306]
 [1831  307]
 [1834  307]
 [1837  307]
 [1839  307]
 [1841  307]
 [1842  307]]
Fuhrman 2, [[190 707]
 [192 707]
 [196 707]
 [200 706]
 [203 704]
 [204 702]
 [205 699]
 [204 692]
 [201 689]
 [199 686]
 [196 684]
 [193 682]
 [190 681]
 [188 681]
 [184 682]
 [182 683]
 [180 684]
 [178 686]
 [177 688]
 [177 692]
 [177 695]
 [178 697]
 [179 700]
 [182 702]
 [184 704]
 [187 706]
 [188 707]
 [190 707]]
