Fuhrman 2, [[144 346]
 [148 345]
 [149 344]
 [151 342]
 [151 339]
 [151 338]
 [151 335]
 [150 333]
 [149 330]
 [148 328]
 [146 326]
 [144 325]
 [142 324]
 [139 323]
 [136 322]
 [132 322]
 [128 323]
 [127 323]
 [125 324]
 [123 326]
 [122 327]
 [121 329]
 [120 331]
 [120 333]
 [121 335]
 [121 337]
 [122 339]
 [124 340]
 [126 341]
 [129 342]
 [131 343]
 [134 344]
 [136 345]
 [139 346]
 [142 346]
 [144 346]]
Fuhrman 2, [[272 493]
 [274 491]
 [274 489]
 [274 486]
 [273 482]
 [271 479]
 [269 476]
 [267 474]
 [265 472]
 [261 472]
 [257 473]
 [253 475]
 [250 476]
 [249 478]
 [247 480]
 [247 483]
 [247 486]
 [247 488]
 [249 490]
 [251 492]
 [253 494]
 [255 495]
 [258 496]
 [261 496]
 [265 496]
 [268 495]
 [270 495]
 [272 494]
 [272 493]]
Fuhrman 2, [[452 474]
 [454 473]
 [455 471]
 [455 468]
 [454 464]
 [452 460]
 [450 457]
 [448 454]
 [447 451]
 [446 448]
 [445 446]
 [443 445]
 [441 444]
 [439 444]
 [437 444]
 [435 446]
 [433 447]
 [431 449]
 [430 450]
 [429 453]
 [430 455]
 [430 456]
 [430 458]
 [431 460]
 [432 463]
 [433 465]
 [434 468]
 [436 469]
 [438 471]
 [440 474]
 [442 475]
 [445 476]
 [448 477]
 [450 476]
 [451 475]
 [452 474]]
Fuhrman 2, [[434 599]
 [437 598]
 [440 596]
 [442 593]
 [444 591]
 [445 587]
 [444 583]
 [443 581]
 [440 579]
 [438 578]
 [436 576]
 [433 575]
 [430 574]
 [426 572]
 [424 572]
 [420 572]
 [417 573]
 [414 573]
 [411 574]
 [408 576]
 [406 578]
 [405 580]
 [404 583]
 [404 585]
 [405 588]
 [407 591]
 [409 594]
 [412 596]
 [415 598]
 [418 598]
 [421 598]
 [424 598]
 [426 599]
 [429 599]
 [431 599]
 [434 599]]
Fuhrman 2, [[806 826]
 [808 823]
 [809 821]
 [809 817]
 [809 813]
 [808 809]
 [807 805]
 [805 804]
 [801 802]
 [798 801]
 [794 801]
 [792 803]
 [790 804]
 [789 807]
 [788 810]
 [787 812]
 [787 816]
 [787 819]
 [788 822]
 [790 825]
 [791 827]
 [794 829]
 [797 829]
 [800 829]
 [803 828]
 [805 826]
 [806 825]]
Fuhrman 2, [[822 882]
 [824 882]
 [828 881]
 [830 880]
 [830 878]
 [830 875]
 [831 873]
 [832 871]
 [833 867]
 [834 864]
 [834 859]
 [833 854]
 [831 850]
 [829 848]
 [827 846]
 [825 844]
 [823 845]
 [821 846]
 [818 847]
 [815 849]
 [813 850]
 [810 851]
 [808 852]
 [806 855]
 [806 857]
 [805 859]
 [805 862]
 [805 864]
 [806 867]
 [808 870]
 [810 873]
 [812 875]
 [815 878]
 [817 880]
 [819 881]
 [820 881]
 [822 882]]
Fuhrman 2, [[815 329]
 [815 329]
 [818 328]
 [820 326]
 [821 324]
 [821 322]
 [820 318]
 [820 316]
 [818 313]
 [816 312]
 [812 311]
 [810 312]
 [807 311]
 [804 311]
 [801 311]
 [798 311]
 [793 313]
 [790 315]
 [787 316]
 [784 318]
 [782 320]
 [780 322]
 [780 325]
 [780 327]
 [781 328]
 [783 329]
 [785 331]
 [788 332]
 [791 334]
 [794 335]
 [797 337]
 [801 337]
 [805 337]
 [808 337]
 [810 336]
 [811 333]
 [812 331]
 [814 330]
 [815 329]]
Fuhrman 2, [[817 371]
 [819 370]
 [820 368]
 [821 365]
 [821 362]
 [821 359]
 [820 357]
 [818 355]
 [818 352]
 [817 349]
 [814 345]
 [810 343]
 [806 343]
 [802 343]
 [798 344]
 [795 345]
 [793 347]
 [790 349]
 [789 351]
 [789 353]
 [790 356]
 [792 358]
 [792 360]
 [793 363]
 [792 366]
 [792 368]
 [793 370]
 [796 373]
 [799 375]
 [802 377]
 [805 378]
 [807 378]
 [809 378]
 [812 376]
 [814 374]
 [816 372]
 [817 371]]
Fuhrman 2, [[1135  671]
 [1137  668]
 [1137  664]
 [1137  659]
 [1135  654]
 [1132  650]
 [1128  647]
 [1123  646]
 [1118  646]
 [1110  646]
 [1105  646]
 [1101  648]
 [1098  650]
 [1096  653]
 [1095  657]
 [1095  661]
 [1095  665]
 [1096  669]
 [1099  673]
 [1102  677]
 [1106  678]
 [1111  679]
 [1115  678]
 [1119  680]
 [1123  681]
 [1127  680]
 [1130  677]
 [1133  674]
 [1135  671]]
Fuhrman 2, [[1386  674]
 [1389  671]
 [1391  669]
 [1393  667]
 [1394  663]
 [1393  659]
 [1393  656]
 [1390  653]
 [1387  651]
 [1384  649]
 [1379  649]
 [1376  649]
 [1372  651]
 [1369  652]
 [1366  655]
 [1364  658]
 [1362  661]
 [1362  665]
 [1362  667]
 [1362  670]
 [1364  673]
 [1367  675]
 [1370  676]
 [1374  676]
 [1379  676]
 [1382  675]
 [1384  674]
 [1387  673]]
Fuhrman 2, [[1016  211]
 [1021  212]
 [1024  213]
 [1028  212]
 [1032  211]
 [1034  210]
 [1035  208]
 [1036  205]
 [1037  202]
 [1036  198]
 [1035  196]
 [1033  192]
 [1030  189]
 [1025  186]
 [1021  183]
 [1014  182]
 [1009  181]
 [1007  180]
 [1006  179]
 [1003  177]
 [ 999  176]
 [ 996  176]
 [ 991  178]
 [ 987  180]
 [ 984  183]
 [ 982  185]
 [ 980  187]
 [ 979  191]
 [ 980  194]
 [ 981  197]
 [ 984  201]
 [ 987  203]
 [ 990  206]
 [ 994  207]
 [ 997  207]
 [1000  209]
 [1003  211]
 [1006  211]
 [1009  210]
 [1012  210]
 [1017  211]]
Fuhrman 2, [[1614  828]
 [1617  825]
 [1619  822]
 [1621  819]
 [1622  814]
 [1622  811]
 [1620  808]
 [1618  803]
 [1615  801]
 [1613  801]
 [1609  800]
 [1605  801]
 [1601  802]
 [1595  804]
 [1592  806]
 [1589  809]
 [1588  812]
 [1587  814]
 [1587  818]
 [1587  822]
 [1588  826]
 [1588  828]
 [1591  831]
 [1594  832]
 [1597  833]
 [1601  834]
 [1605  834]
 [1609  832]
 [1612  830]
 [1614  828]]
Fuhrman 2, [[1128  891]
 [1130  890]
 [1133  890]
 [1135  891]
 [1138  890]
 [1140  888]
 [1142  885]
 [1142  882]
 [1142  877]
 [1141  875]
 [1138  872]
 [1134  870]
 [1131  869]
 [1127  867]
 [1122  866]
 [1119  867]
 [1118  870]
 [1116  872]
 [1115  874]
 [1113  875]
 [1112  876]
 [1110  877]
 [1109  879]
 [1109  882]
 [1109  885]
 [1110  887]
 [1112  890]
 [1114  892]
 [1117  893]
 [1121  893]
 [1124  892]
 [1126  892]
 [1128  891]]
Fuhrman 2, [[878 650]
 [880 647]
 [883 644]
 [884 641]
 [883 636]
 [883 632]
 [881 628]
 [879 625]
 [875 624]
 [872 623]
 [868 623]
 [862 626]
 [857 628]
 [854 631]
 [852 634]
 [848 638]
 [846 642]
 [845 646]
 [845 650]
 [846 654]
 [849 656]
 [852 657]
 [856 658]
 [861 659]
 [865 659]
 [869 658]
 [872 656]
 [874 653]
 [877 651]
 [878 650]]
Fuhrman 2, [[887 450]
 [889 449]
 [891 448]
 [892 446]
 [892 444]
 [892 441]
 [890 438]
 [888 436]
 [886 434]
 [884 432]
 [882 431]
 [880 429]
 [878 427]
 [874 427]
 [872 426]
 [870 425]
 [867 424]
 [863 424]
 [861 425]
 [859 426]
 [857 428]
 [856 431]
 [856 433]
 [857 436]
 [860 439]
 [863 441]
 [866 443]
 [868 444]
 [870 445]
 [873 447]
 [875 447]
 [877 448]
 [879 449]
 [881 449]
 [883 449]
 [885 450]
 [887 450]]
Fuhrman 2, [[1031  430]
 [1029  431]
 [1028  432]
 [1027  434]
 [1027  437]
 [1027  439]
 [1027  442]
 [1028  444]
 [1029  445]
 [1030  446]
 [1032  445]
 [1035  444]
 [1037  444]
 [1040  444]
 [1043  444]
 [1045  444]
 [1047  444]
 [1050  444]
 [1052  443]
 [1054  441]
 [1056  439]
 [1057  438]
 [1058  436]
 [1058  434]
 [1058  431]
 [1057  428]
 [1056  426]
 [1054  424]
 [1052  423]
 [1050  422]
 [1047  423]
 [1045  423]
 [1044  424]
 [1041  424]
 [1039  425]
 [1038  426]
 [1036  427]
 [1035  428]
 [1033  428]
 [1033  428]
 [1031  430]]
Fuhrman 2, [[ 97 495]
 [100 494]
 [103 493]
 [106 491]
 [108 488]
 [109 484]
 [109 481]
 [109 478]
 [109 475]
 [107 472]
 [105 469]
 [102 468]
 [ 99 466]
 [ 96 464]
 [ 92 464]
 [ 89 464]
 [ 86 466]
 [ 84 468]
 [ 83 470]
 [ 82 472]
 [ 82 474]
 [ 82 476]
 [ 83 479]
 [ 84 480]
 [ 85 482]
 [ 84 483]
 [ 84 485]
 [ 84 488]
 [ 84 490]
 [ 86 492]
 [ 87 493]
 [ 90 495]
 [ 92 495]
 [ 95 495]
 [ 98 494]]
Fuhrman 2, [[1292  999]
 [1295  996]
 [1298  994]
 [1299  991]
 [1299  987]
 [1299  984]
 [1297  980]
 [1294  976]
 [1291  974]
 [1286  973]
 [1284  974]
 [1281  974]
 [1278  975]
 [1274  976]
 [1272  978]
 [1270  982]
 [1269  985]
 [1268  988]
 [1269  991]
 [1270  994]
 [1272  997]
 [1273 1000]
 [1275 1003]
 [1278 1005]
 [1280 1004]
 [1284 1003]
 [1289 1002]
 [1291 1001]
 [1292  999]]
Fuhrman 2, [[728 397]
 [730 395]
 [731 390]
 [731 386]
 [729 382]
 [727 380]
 [725 379]
 [723 378]
 [720 377]
 [718 375]
 [715 374]
 [711 374]
 [708 376]
 [705 379]
 [703 382]
 [701 384]
 [700 387]
 [700 390]
 [700 392]
 [701 394]
 [702 398]
 [704 399]
 [707 399]
 [710 399]
 [714 399]
 [717 400]
 [719 401]
 [721 401]
 [723 399]
 [726 398]
 [727 398]
 [728 397]]
Fuhrman 2, [[303 315]
 [305 313]
 [306 311]
 [308 309]
 [309 306]
 [309 303]
 [309 300]
 [309 296]
 [307 293]
 [304 291]
 [302 289]
 [301 287]
 [298 286]
 [296 287]
 [295 290]
 [292 292]
 [291 294]
 [289 295]
 [286 296]
 [285 298]
 [284 301]
 [284 304]
 [284 308]
 [285 310]
 [287 313]
 [289 314]
 [291 315]
 [294 316]
 [297 317]
 [300 317]
 [302 316]
 [304 315]
 [304 315]]
