Fuhrman 2, [[145 569]
 [145 566]
 [146 563]
 [147 560]
 [147 556]
 [147 553]
 [146 549]
 [145 547]
 [143 545]
 [140 544]
 [136 542]
 [132 541]
 [129 539]
 [126 538]
 [124 538]
 [122 539]
 [122 541]
 [121 543]
 [121 545]
 [119 546]
 [117 548]
 [115 549]
 [114 551]
 [114 553]
 [114 556]
 [115 559]
 [115 562]
 [117 565]
 [118 568]
 [119 570]
 [122 572]
 [124 573]
 [127 573]
 [131 574]
 [134 574]
 [138 574]
 [140 573]
 [143 571]
 [144 571]
 [145 569]]
Fuhrman 2, [[238 801]
 [240 799]
 [240 796]
 [240 792]
 [238 786]
 [235 782]
 [232 778]
 [228 776]
 [223 774]
 [218 772]
 [215 772]
 [210 773]
 [206 774]
 [203 776]
 [199 780]
 [197 782]
 [197 785]
 [199 788]
 [200 791]
 [201 793]
 [204 795]
 [206 797]
 [207 799]
 [207 801]
 [208 804]
 [210 806]
 [214 808]
 [218 810]
 [222 811]
 [226 811]
 [231 811]
 [234 810]
 [236 809]
 [236 806]
 [236 804]
 [237 802]
 [238 801]]
Fuhrman 2, [[717 245]
 [720 245]
 [722 244]
 [724 242]
 [726 241]
 [726 240]
 [727 238]
 [726 235]
 [725 232]
 [723 231]
 [723 228]
 [721 225]
 [719 223]
 [716 221]
 [712 219]
 [708 218]
 [703 217]
 [699 217]
 [695 217]
 [692 217]
 [690 219]
 [690 222]
 [690 225]
 [690 228]
 [691 230]
 [691 231]
 [693 231]
 [693 232]
 [695 234]
 [695 235]
 [694 236]
 [693 237]
 [694 239]
 [694 240]
 [696 241]
 [696 243]
 [698 244]
 [701 245]
 [705 244]
 [708 244]
 [711 244]
 [714 244]
 [717 245]]
Fuhrman 2, [[839  63]
 [842  63]
 [844  61]
 [846  59]
 [847  56]
 [848  52]
 [848  48]
 [847  44]
 [845  40]
 [844  36]
 [841  34]
 [838  33]
 [834  31]
 [830  31]
 [827  33]
 [825  35]
 [823  39]
 [822  43]
 [821  47]
 [821  52]
 [821  56]
 [821  57]
 [820  58]
 [820  60]
 [820  62]
 [821  65]
 [823  68]
 [825  70]
 [827  71]
 [830  71]
 [832  70]
 [833  68]
 [835  65]
 [837  64]
 [839  63]]
Fuhrman 2, [[955 313]
 [956 310]
 [957 306]
 [957 302]
 [957 299]
 [954 295]
 [951 293]
 [948 291]
 [945 289]
 [940 287]
 [937 286]
 [933 285]
 [930 286]
 [927 286]
 [925 288]
 [923 289]
 [923 292]
 [922 295]
 [923 298]
 [924 300]
 [925 302]
 [927 304]
 [929 305]
 [931 307]
 [932 309]
 [933 311]
 [936 313]
 [938 315]
 [940 317]
 [942 319]
 [945 321]
 [948 321]
 [952 320]
 [954 317]
 [955 315]
 [955 313]]
Fuhrman 2, [[1045  994]
 [1046  991]
 [1048  985]
 [1048  980]
 [1047  976]
 [1044  973]
 [1040  971]
 [1035  970]
 [1030  968]
 [1024  968]
 [1020  969]
 [1017  972]
 [1016  975]
 [1014  977]
 [1012  981]
 [1011  985]
 [1011  988]
 [1013  990]
 [1016  992]
 [1019  994]
 [1021  996]
 [1022 1001]
 [1024 1003]
 [1028 1005]
 [1032 1004]
 [1036 1003]
 [1040 1000]
 [1044  996]
 [1045  994]]
Fuhrman 2, [[1253 1045]
 [1257 1045]
 [1261 1043]
 [1264 1042]
 [1266 1043]
 [1269 1044]
 [1271 1043]
 [1274 1041]
 [1277 1037]
 [1278 1033]
 [1279 1029]
 [1278 1025]
 [1278 1022]
 [1277 1018]
 [1276 1014]
 [1274 1013]
 [1272 1012]
 [1268 1012]
 [1264 1013]
 [1262 1012]
 [1259 1013]
 [1256 1013]
 [1252 1013]
 [1248 1015]
 [1245 1016]
 [1242 1019]
 [1240 1022]
 [1239 1026]
 [1238 1030]
 [1239 1032]
 [1239 1037]
 [1240 1041]
 [1242 1043]
 [1245 1046]
 [1248 1046]
 [1252 1046]
 [1254 1045]]
Fuhrman 2, [[1008  845]
 [1011  843]
 [1014  837]
 [1016  829]
 [1015  822]
 [1013  818]
 [1010  813]
 [1008  810]
 [1006  807]
 [1003  804]
 [ 999  802]
 [ 997  801]
 [ 995  801]
 [ 992  803]
 [ 990  805]
 [ 990  808]
 [ 990  811]
 [ 990  816]
 [ 991  820]
 [ 992  824]
 [ 993  826]
 [ 993  829]
 [ 994  832]
 [ 995  836]
 [ 996  840]
 [ 997  843]
 [ 999  846]
 [1001  846]
 [1004  846]
 [1006  846]
 [1008  845]]
Fuhrman 2, [[1027  749]
 [1031  749]
 [1033  748]
 [1035  746]
 [1037  744]
 [1038  742]
 [1040  737]
 [1040  732]
 [1040  729]
 [1038  726]
 [1037  722]
 [1035  720]
 [1033  720]
 [1031  719]
 [1028  718]
 [1024  717]
 [1021  716]
 [1017  716]
 [1013  717]
 [1010  718]
 [1006  720]
 [1003  722]
 [1001  726]
 [ 999  730]
 [1000  733]
 [1001  736]
 [1003  739]
 [1005  740]
 [1008  743]
 [1010  745]
 [1014  746]
 [1017  748]
 [1021  749]
 [1024  749]
 [1027  749]]
Fuhrman 2, [[1909  198]
 [1910  195]
 [1910  191]
 [1907  187]
 [1904  184]
 [1900  183]
 [1897  183]
 [1893  183]
 [1890  183]
 [1887  184]
 [1885  186]
 [1883  189]
 [1882  192]
 [1880  194]
 [1880  197]
 [1880  201]
 [1881  203]
 [1883  205]
 [1886  207]
 [1887  207]
 [1887  209]
 [1889  212]
 [1890  214]
 [1893  215]
 [1896  216]
 [1900  216]
 [1903  215]
 [1907  214]
 [1910  212]
 [1911  210]
 [1912  207]
 [1911  204]
 [1911  202]
 [1910  201]
 [1909  199]
 [1909  198]]
Fuhrman 2, [[1785  188]
 [1787  187]
 [1790  184]
 [1790  181]
 [1790  178]
 [1788  174]
 [1786  171]
 [1783  168]
 [1780  166]
 [1776  166]
 [1772  167]
 [1769  167]
 [1767  169]
 [1765  168]
 [1761  168]
 [1757  167]
 [1756  170]
 [1756  174]
 [1757  178]
 [1757  182]
 [1759  185]
 [1761  188]
 [1765  190]
 [1768  191]
 [1772  191]
 [1775  191]
 [1778  191]
 [1782  189]
 [1785  188]]
Fuhrman 2, [[1822  310]
 [1826  309]
 [1829  309]
 [1832  307]
 [1834  304]
 [1835  300]
 [1835  296]
 [1834  292]
 [1833  288]
 [1831  285]
 [1829  282]
 [1825  280]
 [1821  279]
 [1818  279]
 [1814  280]
 [1812  281]
 [1808  281]
 [1805  283]
 [1803  285]
 [1802  288]
 [1801  291]
 [1801  294]
 [1802  299]
 [1804  303]
 [1806  306]
 [1809  310]
 [1811  311]
 [1815  312]
 [1818  311]
 [1822  310]]
Fuhrman 2, [[1588  656]
 [1591  653]
 [1593  649]
 [1595  645]
 [1595  641]
 [1594  637]
 [1593  633]
 [1590  633]
 [1587  632]
 [1583  632]
 [1579  631]
 [1576  631]
 [1574  630]
 [1572  629]
 [1569  631]
 [1567  633]
 [1564  636]
 [1561  640]
 [1560  643]
 [1560  647]
 [1561  651]
 [1562  656]
 [1563  660]
 [1565  662]
 [1569  664]
 [1573  664]
 [1577  663]
 [1581  661]
 [1584  660]
 [1587  657]
 [1588  656]]
Fuhrman 2, [[1706  611]
 [1709  608]
 [1712  605]
 [1714  602]
 [1715  597]
 [1715  594]
 [1714  590]
 [1712  587]
 [1709  585]
 [1706  583]
 [1703  582]
 [1697  582]
 [1694  583]
 [1689  586]
 [1685  590]
 [1682  593]
 [1680  596]
 [1679  599]
 [1678  602]
 [1678  605]
 [1679  608]
 [1680  611]
 [1682  614]
 [1685  616]
 [1688  616]
 [1692  617]
 [1696  616]
 [1700  615]
 [1704  613]
 [1706  611]]
Fuhrman 2, [[1844  693]
 [1847  692]
 [1849  690]
 [1850  687]
 [1851  684]
 [1851  681]
 [1850  678]
 [1848  675]
 [1845  673]
 [1843  671]
 [1839  670]
 [1836  669]
 [1834  669]
 [1831  670]
 [1827  672]
 [1825  674]
 [1823  676]
 [1822  679]
 [1821  682]
 [1821  684]
 [1821  687]
 [1822  689]
 [1824  692]
 [1826  694]
 [1827  695]
 [1830  696]
 [1833  697]
 [1836  696]
 [1839  696]
 [1841  695]
 [1843  694]
 [1844  693]]
Fuhrman 2, [[1501  712]
 [1502  709]
 [1502  705]
 [1501  701]
 [1499  695]
 [1496  692]
 [1493  688]
 [1489  685]
 [1485  682]
 [1481  681]
 [1476  680]
 [1472  680]
 [1469  678]
 [1466  678]
 [1463  679]
 [1461  681]
 [1460  684]
 [1460  687]
 [1460  690]
 [1462  695]
 [1464  698]
 [1468  702]
 [1472  705]
 [1476  708]
 [1479  709]
 [1482  711]
 [1485  713]
 [1488  714]
 [1490  716]
 [1493  717]
 [1495  717]
 [1498  716]
 [1500  715]
 [1501  713]
 [1501  712]]
Fuhrman 2, [[1659  907]
 [1660  903]
 [1660  899]
 [1660  895]
 [1658  890]
 [1657  888]
 [1656  888]
 [1654  888]
 [1652  888]
 [1649  888]
 [1646  887]
 [1643  888]
 [1640  888]
 [1637  890]
 [1635  891]
 [1634  893]
 [1634  895]
 [1635  897]
 [1636  899]
 [1636  901]
 [1635  903]
 [1634  904]
 [1633  907]
 [1632  910]
 [1632  914]
 [1632  917]
 [1633  919]
 [1634  920]
 [1637  921]
 [1641  921]
 [1644  921]
 [1648  921]
 [1651  920]
 [1654  917]
 [1656  915]
 [1658  911]
 [1659  908]
 [1659  906]]
Fuhrman 2, [[1870 1025]
 [1873 1023]
 [1876 1020]
 [1879 1017]
 [1881 1014]
 [1882 1011]
 [1881 1009]
 [1879 1006]
 [1878 1003]
 [1875 1001]
 [1872 1000]
 [1868  998]
 [1859  998]
 [1856  998]
 [1853  999]
 [1851 1001]
 [1848 1002]
 [1846 1004]
 [1844 1005]
 [1843 1007]
 [1842 1009]
 [1841 1011]
 [1842 1014]
 [1843 1017]
 [1844 1020]
 [1846 1022]
 [1849 1024]
 [1851 1025]
 [1853 1026]
 [1856 1026]
 [1860 1025]
 [1863 1025]
 [1867 1025]
 [1869 1025]
 [1870 1025]]
Fuhrman 2, [[453 203]
 [455 203]
 [458 202]
 [461 202]
 [462 201]
 [463 199]
 [463 197]
 [463 195]
 [463 192]
 [462 190]
 [461 188]
 [459 187]
 [457 185]
 [455 184]
 [453 182]
 [453 179]
 [451 176]
 [449 174]
 [448 172]
 [445 172]
 [443 172]
 [441 173]
 [439 174]
 [436 175]
 [434 178]
 [434 181]
 [433 183]
 [432 185]
 [431 189]
 [431 192]
 [431 195]
 [432 197]
 [434 200]
 [436 202]
 [438 204]
 [441 204]
 [445 204]
 [448 204]
 [452 204]
 [453 203]]
Fuhrman 2, [[1284  157]
 [1287  156]
 [1289  155]
 [1291  154]
 [1292  153]
 [1292  151]
 [1291  149]
 [1290  146]
 [1289  144]
 [1287  143]
 [1285  142]
 [1284  140]
 [1282  139]
 [1281  139]
 [1279  137]
 [1278  135]
 [1276  134]
 [1274  132]
 [1271  132]
 [1268  132]
 [1266  134]
 [1264  134]
 [1261  136]
 [1258  138]
 [1256  139]
 [1253  141]
 [1251  142]
 [1249  145]
 [1249  147]
 [1249  150]
 [1250  153]
 [1252  156]
 [1254  158]
 [1256  160]
 [1258  162]
 [1261  163]
 [1264  164]
 [1267  164]
 [1269  164]
 [1272  163]
 [1273  161]
 [1275  160]
 [1277  160]
 [1279  160]
 [1281  160]
 [1282  158]
 [1284  157]]
