Fuhrman 2, [[225 459]
 [230 459]
 [233 458]
 [237 456]
 [239 453]
 [241 451]
 [241 447]
 [240 443]
 [237 440]
 [233 437]
 [230 434]
 [225 432]
 [220 432]
 [215 432]
 [209 434]
 [205 434]
 [203 436]
 [201 438]
 [199 440]
 [197 443]
 [197 446]
 [198 449]
 [199 453]
 [202 455]
 [206 457]
 [210 457]
 [213 457]
 [216 458]
 [220 459]
 [223 459]
 [225 459]]
Fuhrman 2, [[545 349]
 [546 346]
 [549 344]
 [550 343]
 [551 342]
 [552 340]
 [553 337]
 [552 335]
 [552 333]
 [551 331]
 [549 330]
 [545 329]
 [541 328]
 [537 329]
 [534 330]
 [532 332]
 [529 334]
 [527 336]
 [525 339]
 [523 341]
 [522 343]
 [521 345]
 [521 348]
 [522 350]
 [524 352]
 [526 354]
 [527 354]
 [530 355]
 [533 355]
 [535 355]
 [537 354]
 [540 354]
 [543 351]
 [544 350]
 [545 349]]
Fuhrman 2, [[785 118]
 [789 117]
 [793 117]
 [796 115]
 [800 111]
 [802 109]
 [804 106]
 [805 104]
 [805 100]
 [804  96]
 [802  93]
 [799  91]
 [795  90]
 [791  91]
 [788  92]
 [786  94]
 [784  94]
 [780  96]
 [777  98]
 [775 102]
 [774 105]
 [772 109]
 [772 112]
 [772 114]
 [774 115]
 [776 116]
 [778 116]
 [781 117]
 [784 118]
 [786 117]]
Fuhrman 2, [[298 985]
 [302 983]
 [303 981]
 [304 978]
 [304 974]
 [305 969]
 [304 966]
 [302 962]
 [300 961]
 [296 960]
 [293 959]
 [289 960]
 [286 962]
 [285 965]
 [284 968]
 [282 969]
 [280 972]
 [280 974]
 [279 977]
 [279 980]
 [280 983]
 [281 986]
 [283 988]
 [285 989]
 [287 989]
 [289 991]
 [291 991]
 [293 990]
 [295 989]
 [297 987]
 [298 985]
 [298 985]]
Fuhrman 2, [[852 761]
 [856 761]
 [858 761]
 [860 760]
 [862 757]
 [864 754]
 [864 751]
 [864 749]
 [864 746]
 [864 745]
 [863 744]
 [861 742]
 [860 741]
 [858 740]
 [856 738]
 [853 738]
 [850 739]
 [847 740]
 [842 742]
 [839 742]
 [837 744]
 [835 746]
 [834 749]
 [834 751]
 [835 754]
 [837 757]
 [839 759]
 [841 760]
 [843 761]
 [847 761]
 [849 761]
 [852 761]]
Fuhrman 2, [[826 629]
 [823 630]
 [820 631]
 [818 632]
 [817 635]
 [817 637]
 [817 640]
 [819 643]
 [821 644]
 [823 646]
 [824 647]
 [826 649]
 [827 652]
 [830 654]
 [833 655]
 [836 656]
 [839 657]
 [843 657]
 [846 656]
 [848 655]
 [849 653]
 [849 650]
 [849 646]
 [849 643]
 [847 639]
 [847 636]
 [847 634]
 [844 633]
 [841 631]
 [837 630]
 [834 630]
 [831 629]
 [829 629]
 [826 629]]
Fuhrman 2, [[966 891]
 [971 891]
 [974 891]
 [979 891]
 [982 890]
 [984 888]
 [985 887]
 [985 885]
 [984 884]
 [983 882]
 [983 880]
 [983 878]
 [982 875]
 [982 872]
 [982 869]
 [980 868]
 [977 867]
 [973 866]
 [970 866]
 [966 866]
 [962 867]
 [959 869]
 [958 870]
 [956 872]
 [955 875]
 [955 878]
 [955 880]
 [956 881]
 [957 883]
 [958 884]
 [958 885]
 [959 887]
 [960 889]
 [962 891]
 [964 891]
 [965 891]
 [966 891]]
Fuhrman 2, [[1032  376]
 [1036  377]
 [1041  375]
 [1041  374]
 [1042  372]
 [1044  371]
 [1047  371]
 [1049  370]
 [1052  368]
 [1054  366]
 [1056  364]
 [1056  360]
 [1056  355]
 [1053  352]
 [1050  350]
 [1046  349]
 [1042  349]
 [1037  349]
 [1034  349]
 [1032  350]
 [1028  352]
 [1025  356]
 [1025  360]
 [1025  364]
 [1026  368]
 [1027  372]
 [1028  373]
 [1030  375]
 [1032  375]]
Fuhrman 2, [[928 274]
 [926 276]
 [924 279]
 [924 282]
 [923 285]
 [923 287]
 [923 289]
 [923 292]
 [923 294]
 [925 295]
 [927 296]
 [929 297]
 [933 297]
 [936 297]
 [939 297]
 [942 297]
 [944 296]
 [945 295]
 [947 295]
 [950 294]
 [951 292]
 [952 290]
 [952 288]
 [952 285]
 [950 283]
 [948 281]
 [946 280]
 [943 278]
 [941 276]
 [938 275]
 [936 274]
 [933 273]
 [930 274]
 [928 274]]
Fuhrman 2, [[1396   41]
 [1392   44]
 [1391   47]
 [1390   49]
 [1391   52]
 [1391   54]
 [1391   56]
 [1390   59]
 [1391   62]
 [1392   64]
 [1395   66]
 [1397   67]
 [1400   68]
 [1402   70]
 [1405   71]
 [1409   72]
 [1413   73]
 [1416   73]
 [1418   72]
 [1418   70]
 [1418   66]
 [1419   64]
 [1420   61]
 [1421   58]
 [1421   55]
 [1420   52]
 [1417   50]
 [1415   48]
 [1412   45]
 [1409   43]
 [1406   41]
 [1403   40]
 [1400   40]
 [1396   41]]
Fuhrman 2, [[1823  115]
 [1827  118]
 [1830  118]
 [1833  118]
 [1837  117]
 [1841  115]
 [1844  113]
 [1847  110]
 [1848  107]
 [1848  103]
 [1848   99]
 [1846   96]
 [1844   94]
 [1840   92]
 [1838   92]
 [1832   93]
 [1828   95]
 [1824   99]
 [1822  102]
 [1821  105]
 [1820  108]
 [1820  111]
 [1821  113]
 [1823  115]]
Fuhrman 2, [[1825  609]
 [1827  608]
 [1828  606]
 [1830  604]
 [1830  603]
 [1831  601]
 [1830  597]
 [1828  593]
 [1827  589]
 [1826  586]
 [1824  584]
 [1821  582]
 [1819  581]
 [1816  582]
 [1814  583]
 [1811  584]
 [1809  586]
 [1807  586]
 [1805  586]
 [1802  586]
 [1801  588]
 [1801  590]
 [1801  594]
 [1801  596]
 [1802  600]
 [1804  604]
 [1806  608]
 [1809  610]
 [1811  612]
 [1814  613]
 [1817  613]
 [1821  612]
 [1823  611]
 [1825  609]]
Fuhrman 2, [[1868  629]
 [1865  630]
 [1863  631]
 [1862  634]
 [1862  636]
 [1862  639]
 [1861  641]
 [1860  644]
 [1860  647]
 [1860  652]
 [1860  656]
 [1860  660]
 [1860  663]
 [1861  663]
 [1863  664]
 [1865  664]
 [1868  664]
 [1870  663]
 [1873  662]
 [1875  660]
 [1877  658]
 [1878  656]
 [1878  652]
 [1879  648]
 [1879  644]
 [1879  640]
 [1878  636]
 [1876  633]
 [1875  631]
 [1872  630]
 [1869  629]
 [1868  629]]
Fuhrman 2, [[905 446]
 [903 446]
 [902 448]
 [901 451]
 [902 453]
 [902 456]
 [902 459]
 [902 462]
 [903 466]
 [904 469]
 [906 472]
 [908 473]
 [910 474]
 [912 474]
 [914 476]
 [916 477]
 [919 477]
 [921 477]
 [923 475]
 [924 473]
 [926 470]
 [927 468]
 [927 465]
 [927 461]
 [926 457]
 [924 453]
 [920 450]
 [916 448]
 [914 447]
 [911 446]
 [908 446]
 [905 446]]
Fuhrman 2, [[866 962]
 [864 967]
 [863 970]
 [863 974]
 [864 979]
 [865 982]
 [867 983]
 [871 985]
 [875 985]
 [879 985]
 [882 985]
 [885 985]
 [889 983]
 [891 980]
 [892 974]
 [893 970]
 [894 966]
 [894 961]
 [895 956]
 [895 951]
 [893 948]
 [890 945]
 [885 944]
 [879 945]
 [875 948]
 [871 952]
 [868 957]
 [866 961]]
Fuhrman 2, [[ 193 1003]
 [ 195 1002]
 [ 197 1000]
 [ 199  998]
 [ 199  996]
 [ 200  994]
 [ 200  991]
 [ 199  988]
 [ 197  986]
 [ 195  984]
 [ 192  983]
 [ 191  984]
 [ 190  985]
 [ 188  986]
 [ 186  986]
 [ 184  985]
 [ 183  984]
 [ 181  983]
 [ 180  983]
 [ 177  985]
 [ 174  987]
 [ 172  989]
 [ 171  990]
 [ 169  992]
 [ 168  995]
 [ 168  996]
 [ 168  998]
 [ 169 1000]
 [ 171 1002]
 [ 174 1003]
 [ 176 1004]
 [ 178 1005]
 [ 181 1005]
 [ 185 1005]
 [ 189 1005]
 [ 191 1004]
 [ 193 1003]]
Fuhrman 2, [[703 437]
 [707 435]
 [710 433]
 [711 429]
 [712 425]
 [713 421]
 [712 416]
 [712 412]
 [710 409]
 [707 407]
 [703 407]
 [699 407]
 [694 410]
 [691 412]
 [687 415]
 [684 417]
 [682 420]
 [682 424]
 [682 427]
 [682 430]
 [683 435]
 [684 439]
 [686 442]
 [688 442]
 [691 443]
 [695 442]
 [698 441]
 [702 439]
 [703 438]
 [704 436]]
Fuhrman 2, [[1514  616]
 [1516  615]
 [1518  612]
 [1519  610]
 [1520  607]
 [1521  603]
 [1520  601]
 [1519  597]
 [1517  593]
 [1515  591]
 [1512  589]
 [1508  588]
 [1505  588]
 [1503  588]
 [1500  588]
 [1496  589]
 [1493  591]
 [1491  594]
 [1489  596]
 [1487  599]
 [1487  603]
 [1487  606]
 [1487  609]
 [1488  612]
 [1490  614]
 [1493  616]
 [1495  618]
 [1498  620]
 [1501  620]
 [1504  620]
 [1507  620]
 [1510  619]
 [1512  618]
 [1514  616]]
Fuhrman 2, [[802 912]
 [804 909]
 [806 907]
 [807 904]
 [807 902]
 [807 900]
 [805 897]
 [803 895]
 [801 894]
 [802 891]
 [801 888]
 [799 886]
 [796 885]
 [793 884]
 [790 883]
 [786 884]
 [783 886]
 [781 888]
 [778 891]
 [777 894]
 [776 897]
 [776 900]
 [776 902]
 [776 905]
 [776 908]
 [777 911]
 [779 914]
 [781 916]
 [784 918]
 [786 919]
 [788 919]
 [790 920]
 [793 919]
 [796 919]
 [798 918]
 [800 917]
 [801 914]
 [802 912]
 [802 912]]
Fuhrman 2, [[ 693 1080]
 [ 695 1079]
 [ 698 1078]
 [ 700 1076]
 [ 702 1074]
 [ 704 1072]
 [ 705 1070]
 [ 705 1067]
 [ 705 1064]
 [ 705 1061]
 [ 703 1059]
 [ 700 1057]
 [ 698 1055]
 [ 694 1055]
 [ 692 1056]
 [ 690 1057]
 [ 688 1057]
 [ 686 1057]
 [ 684 1057]
 [ 681 1058]
 [ 679 1061]
 [ 677 1063]
 [ 676 1065]
 [ 674 1069]
 [ 674 1072]
 [ 675 1074]
 [ 677 1077]
 [ 679 1078]
 [ 681 1079]
 [ 684 1080]
 [ 686 1081]
 [ 689 1080]
 [ 692 1080]
 [ 694 1080]]
