Fuhrman 2, [[228  62]
 [230  60]
 [232  57]
 [235  55]
 [235  50]
 [234  46]
 [234  44]
 [231  42]
 [227  41]
 [224  41]
 [220  40]
 [215  41]
 [212  43]
 [209  44]
 [208  46]
 [208  48]
 [208  51]
 [209  54]
 [210  57]
 [211  60]
 [212  63]
 [213  64]
 [214  65]
 [216  65]
 [219  66]
 [222  65]
 [225  63]
 [227  63]
 [228  62]]
Fuhrman 2, [[ 78 828]
 [ 81 826]
 [ 84 824]
 [ 86 820]
 [ 87 816]
 [ 87 813]
 [ 86 810]
 [ 84 807]
 [ 81 805]
 [ 79 803]
 [ 76 801]
 [ 73 801]
 [ 70 800]
 [ 67 801]
 [ 62 802]
 [ 59 803]
 [ 56 805]
 [ 53 808]
 [ 52 810]
 [ 52 812]
 [ 52 815]
 [ 52 819]
 [ 53 822]
 [ 54 825]
 [ 56 828]
 [ 58 830]
 [ 61 832]
 [ 64 832]
 [ 67 832]
 [ 72 831]
 [ 75 830]
 [ 78 828]]
Fuhrman 2, [[384 518]
 [387 518]
 [390 517]
 [394 514]
 [396 513]
 [398 510]
 [398 507]
 [398 502]
 [397 498]
 [394 495]
 [392 492]
 [388 490]
 [383 489]
 [378 488]
 [373 488]
 [369 489]
 [366 491]
 [363 494]
 [362 497]
 [361 499]
 [362 502]
 [362 505]
 [363 509]
 [365 511]
 [368 513]
 [371 515]
 [374 516]
 [377 516]
 [379 517]
 [381 517]
 [384 518]]
Fuhrman 2, [[488 358]
 [491 357]
 [494 355]
 [495 351]
 [498 348]
 [500 346]
 [500 343]
 [498 342]
 [496 340]
 [494 338]
 [493 334]
 [492 330]
 [488 329]
 [483 327]
 [480 327]
 [477 328]
 [473 330]
 [470 333]
 [469 338]
 [469 341]
 [466 342]
 [465 346]
 [465 349]
 [467 353]
 [469 355]
 [472 358]
 [476 358]
 [480 359]
 [484 359]
 [488 358]]
Fuhrman 2, [[639 307]
 [642 308]
 [647 309]
 [651 308]
 [654 307]
 [656 305]
 [658 302]
 [658 299]
 [656 296]
 [655 292]
 [654 290]
 [653 287]
 [649 284]
 [647 282]
 [643 281]
 [640 281]
 [635 281]
 [631 283]
 [629 284]
 [627 286]
 [626 289]
 [625 290]
 [625 292]
 [625 293]
 [625 295]
 [626 297]
 [627 298]
 [628 300]
 [630 302]
 [633 304]
 [635 305]
 [638 306]
 [639 307]]
Fuhrman 2, [[757 387]
 [759 386]
 [762 384]
 [764 381]
 [765 378]
 [766 374]
 [766 370]
 [765 368]
 [762 366]
 [760 363]
 [758 361]
 [756 360]
 [753 360]
 [750 361]
 [746 363]
 [742 366]
 [739 370]
 [738 373]
 [738 374]
 [735 376]
 [735 379]
 [735 382]
 [736 384]
 [737 386]
 [739 387]
 [742 389]
 [746 389]
 [750 389]
 [752 389]
 [754 389]
 [757 387]]
Fuhrman 2, [[802 414]
 [804 415]
 [807 416]
 [810 416]
 [813 414]
 [816 412]
 [819 409]
 [821 405]
 [822 402]
 [823 399]
 [822 397]
 [821 395]
 [818 393]
 [815 391]
 [812 390]
 [808 389]
 [804 390]
 [800 392]
 [797 394]
 [793 396]
 [791 399]
 [790 402]
 [790 404]
 [791 408]
 [792 410]
 [795 411]
 [797 412]
 [799 413]
 [802 414]]
Fuhrman 2, [[968 275]
 [967 278]
 [966 282]
 [966 285]
 [967 288]
 [969 290]
 [972 291]
 [974 293]
 [977 294]
 [980 294]
 [982 293]
 [985 291]
 [986 288]
 [987 283]
 [988 278]
 [988 275]
 [988 272]
 [987 268]
 [986 265]
 [986 263]
 [985 261]
 [983 260]
 [980 259]
 [978 260]
 [976 263]
 [973 266]
 [971 269]
 [970 271]
 [969 272]
 [968 275]]
Fuhrman 2, [[769 846]
 [771 846]
 [774 846]
 [776 845]
 [779 844]
 [780 841]
 [781 838]
 [781 836]
 [781 832]
 [781 829]
 [780 826]
 [778 824]
 [776 822]
 [773 821]
 [771 820]
 [769 819]
 [767 817]
 [766 815]
 [763 814]
 [758 814]
 [754 814]
 [750 815]
 [748 817]
 [746 821]
 [746 823]
 [746 825]
 [746 829]
 [748 832]
 [749 833]
 [751 836]
 [752 838]
 [754 841]
 [756 842]
 [758 843]
 [760 845]
 [763 845]
 [765 845]
 [767 846]
 [769 846]]
Fuhrman 2, [[1366  922]
 [1370  920]
 [1373  918]
 [1375  916]
 [1376  912]
 [1377  908]
 [1377  904]
 [1376  900]
 [1375  896]
 [1373  893]
 [1370  890]
 [1366  890]
 [1363  889]
 [1360  889]
 [1358  890]
 [1357  893]
 [1355  895]
 [1353  898]
 [1352  902]
 [1352  905]
 [1352  908]
 [1352  911]
 [1353  914]
 [1354  917]
 [1356  919]
 [1357  921]
 [1359  922]
 [1361  922]
 [1363  922]
 [1365  922]
 [1367  922]]
Fuhrman 2, [[1738  693]
 [1741  692]
 [1743  688]
 [1744  686]
 [1744  683]
 [1743  680]
 [1741  677]
 [1738  675]
 [1735  672]
 [1732  671]
 [1728  671]
 [1724  671]
 [1721  671]
 [1719  672]
 [1717  674]
 [1716  676]
 [1715  679]
 [1715  682]
 [1716  684]
 [1718  685]
 [1718  687]
 [1718  689]
 [1720  691]
 [1722  693]
 [1724  694]
 [1727  696]
 [1729  697]
 [1732  697]
 [1735  695]
 [1737  694]
 [1738  693]]
Fuhrman 2, [[1854  618]
 [1858  618]
 [1862  616]
 [1866  614]
 [1867  611]
 [1867  607]
 [1868  603]
 [1868  600]
 [1866  597]
 [1863  595]
 [1860  593]
 [1857  592]
 [1854  593]
 [1851  594]
 [1847  597]
 [1845  600]
 [1843  603]
 [1842  605]
 [1841  609]
 [1840  612]
 [1840  615]
 [1841  617]
 [1841  618]
 [1843  619]
 [1845  619]
 [1848  619]
 [1851  618]
 [1852  618]
 [1854  618]]
Fuhrman 2, [[1786  695]
 [1788  700]
 [1791  702]
 [1795  704]
 [1798  705]
 [1801  705]
 [1805  704]
 [1809  704]
 [1812  703]
 [1814  702]
 [1815  700]
 [1815  699]
 [1815  697]
 [1815  695]
 [1814  693]
 [1812  691]
 [1811  689]
 [1809  687]
 [1809  685]
 [1809  683]
 [1810  681]
 [1810  679]
 [1811  676]
 [1811  674]
 [1810  670]
 [1808  669]
 [1806  668]
 [1804  667]
 [1801  667]
 [1797  668]
 [1794  671]
 [1792  674]
 [1790  675]
 [1788  677]
 [1787  679]
 [1786  681]
 [1785  683]
 [1785  685]
 [1785  688]
 [1785  690]
 [1785  693]
 [1786  696]]
Fuhrman 2, [[1566  879]
 [1571  878]
 [1577  875]
 [1579  871]
 [1581  868]
 [1582  864]
 [1582  861]
 [1581  858]
 [1579  857]
 [1575  857]
 [1570  856]
 [1564  855]
 [1558  855]
 [1550  857]
 [1547  859]
 [1544  861]
 [1541  865]
 [1539  868]
 [1539  873]
 [1542  875]
 [1544  877]
 [1547  877]
 [1550  879]
 [1554  879]
 [1558  879]
 [1562  880]
 [1565  879]
 [1566  879]]
Fuhrman 2, [[1550  895]
 [1548  898]
 [1546  900]
 [1545  902]
 [1544  905]
 [1544  907]
 [1543  909]
 [1543  913]
 [1544  917]
 [1544  922]
 [1546  926]
 [1547  929]
 [1548  931]
 [1550  931]
 [1551  931]
 [1554  930]
 [1557  928]
 [1560  925]
 [1562  922]
 [1563  921]
 [1564  918]
 [1565  915]
 [1565  911]
 [1564  905]
 [1563  903]
 [1562  900]
 [1560  898]
 [1558  898]
 [1557  897]
 [1555  895]
 [1554  895]
 [1552  895]
 [1550  895]]
Fuhrman 2, [[472 791]
 [475 790]
 [479 788]
 [482 786]
 [485 781]
 [486 778]
 [487 774]
 [486 770]
 [482 767]
 [477 765]
 [470 766]
 [464 767]
 [460 770]
 [456 772]
 [453 774]
 [451 776]
 [450 778]
 [451 781]
 [453 784]
 [454 788]
 [457 790]
 [459 791]
 [462 792]
 [466 791]
 [469 791]
 [473 791]]
Fuhrman 2, [[1233  188]
 [1235  186]
 [1237  183]
 [1238  180]
 [1238  176]
 [1235  173]
 [1231  171]
 [1228  170]
 [1224  169]
 [1220  169]
 [1217  172]
 [1216  175]
 [1215  178]
 [1214  182]
 [1214  186]
 [1216  191]
 [1218  193]
 [1221  194]
 [1225  194]
 [1228  194]
 [1230  193]
 [1232  192]
 [1233  190]
 [1233  189]
 [1233  188]]
Fuhrman 2, [[1065  209]
 [1068  207]
 [1069  205]
 [1070  203]
 [1072  200]
 [1072  197]
 [1071  192]
 [1069  188]
 [1066  184]
 [1062  181]
 [1060  179]
 [1058  179]
 [1056  180]
 [1053  182]
 [1052  185]
 [1051  188]
 [1050  190]
 [1050  194]
 [1051  198]
 [1051  202]
 [1052  205]
 [1054  208]
 [1055  209]
 [1058  211]
 [1059  211]
 [1061  211]
 [1063  210]
 [1065  209]
 [1066  209]]
Fuhrman 2, [[1098  156]
 [1101  155]
 [1104  154]
 [1105  152]
 [1105  149]
 [1105  146]
 [1106  143]
 [1106  138]
 [1105  135]
 [1102  133]
 [1099  131]
 [1095  130]
 [1093  131]
 [1089  131]
 [1088  132]
 [1086  132]
 [1083  132]
 [1079  133]
 [1075  134]
 [1074  136]
 [1073  139]
 [1073  142]
 [1074  147]
 [1075  150]
 [1078  152]
 [1081  152]
 [1083  153]
 [1086  153]
 [1088  153]
 [1091  153]
 [1092  154]
 [1093  156]
 [1093  157]
 [1095  158]
 [1096  158]
 [1098  157]
 [1098  156]
 [1098  156]]
Fuhrman 2, [[967 414]
 [969 412]
 [972 411]
 [974 408]
 [975 407]
 [977 406]
 [978 404]
 [978 402]
 [978 401]
 [977 399]
 [975 398]
 [972 396]
 [969 395]
 [967 394]
 [965 393]
 [962 392]
 [960 391]
 [958 391]
 [955 391]
 [952 392]
 [950 394]
 [948 397]
 [948 401]
 [947 403]
 [947 405]
 [948 407]
 [949 410]
 [951 413]
 [953 415]
 [955 416]
 [958 417]
 [960 417]
 [962 416]
 [965 415]
 [966 415]
 [967 414]]
