Fuhrman 2, [[148 218]
 [151 219]
 [155 219]
 [159 219]
 [162 216]
 [162 214]
 [162 212]
 [161 209]
 [160 205]
 [159 203]
 [158 201]
 [158 198]
 [156 195]
 [153 192]
 [151 191]
 [148 190]
 [146 189]
 [143 189]
 [140 190]
 [137 191]
 [135 193]
 [133 195]
 [132 199]
 [132 201]
 [132 204]
 [133 207]
 [134 209]
 [135 212]
 [137 212]
 [139 213]
 [141 215]
 [144 216]
 [146 217]
 [148 218]]
Fuhrman 2, [[315 148]
 [317 147]
 [320 146]
 [321 143]
 [322 140]
 [322 137]
 [322 133]
 [321 130]
 [319 126]
 [317 124]
 [315 122]
 [313 120]
 [311 119]
 [308 119]
 [305 120]
 [304 121]
 [303 122]
 [301 124]
 [299 125]
 [297 128]
 [295 131]
 [295 134]
 [295 135]
 [295 137]
 [296 139]
 [297 141]
 [298 143]
 [300 146]
 [302 147]
 [304 148]
 [306 149]
 [309 149]
 [311 149]
 [313 148]
 [315 148]]
Fuhrman 2, [[366  79]
 [364  82]
 [362  83]
 [360  86]
 [359  89]
 [359  92]
 [359  95]
 [358  98]
 [358 100]
 [358 102]
 [359 104]
 [360 106]
 [362 107]
 [364 107]
 [367 107]
 [370 106]
 [372 105]
 [375 105]
 [378 103]
 [379 102]
 [381 100]
 [382  98]
 [382  96]
 [383  94]
 [383  91]
 [382  88]
 [382  87]
 [381  84]
 [381  83]
 [380  81]
 [379  80]
 [378  79]
 [376  78]
 [375  77]
 [373  77]
 [371  77]
 [368  78]
 [366  80]]
Fuhrman 2, [[169 870]
 [172 870]
 [175 869]
 [177 866]
 [178 864]
 [178 861]
 [178 859]
 [177 856]
 [176 853]
 [173 851]
 [171 849]
 [167 848]
 [165 849]
 [162 848]
 [158 849]
 [156 851]
 [154 853]
 [152 856]
 [152 859]
 [153 862]
 [153 865]
 [154 868]
 [155 869]
 [157 870]
 [159 871]
 [162 871]
 [165 871]
 [167 871]
 [169 870]]
Fuhrman 2, [[330 690]
 [332 688]
 [334 687]
 [336 685]
 [338 683]
 [338 679]
 [338 675]
 [338 672]
 [336 668]
 [333 664]
 [330 662]
 [327 661]
 [323 661]
 [320 662]
 [317 662]
 [314 665]
 [311 668]
 [308 672]
 [307 675]
 [307 678]
 [308 682]
 [309 685]
 [311 688]
 [314 690]
 [316 691]
 [320 692]
 [323 692]
 [327 691]
 [329 690]
 [330 690]]
Fuhrman 2, [[ 86 522]
 [ 84 523]
 [ 83 525]
 [ 82 527]
 [ 81 530]
 [ 80 533]
 [ 80 535]
 [ 80 538]
 [ 81 541]
 [ 81 543]
 [ 81 546]
 [ 82 548]
 [ 84 550]
 [ 86 552]
 [ 87 553]
 [ 89 553]
 [ 93 553]
 [ 95 554]
 [ 97 553]
 [ 99 553]
 [100 551]
 [102 549]
 [103 547]
 [104 544]
 [104 540]
 [103 538]
 [102 535]
 [101 531]
 [ 99 528]
 [ 98 526]
 [ 95 523]
 [ 92 521]
 [ 90 520]
 [ 89 521]
 [ 87 522]
 [ 86 522]]
Fuhrman 2, [[870 578]
 [874 576]
 [876 574]
 [877 571]
 [877 568]
 [877 564]
 [876 561]
 [874 558]
 [870 556]
 [866 556]
 [862 556]
 [859 556]
 [856 557]
 [852 560]
 [850 563]
 [848 565]
 [847 569]
 [847 572]
 [848 577]
 [851 577]
 [853 577]
 [855 578]
 [857 581]
 [858 582]
 [861 583]
 [863 582]
 [865 580]
 [868 579]
 [870 578]]
Fuhrman 2, [[1169  443]
 [1171  442]
 [1172  441]
 [1174  440]
 [1175  438]
 [1176  434]
 [1176  430]
 [1175  428]
 [1173  425]
 [1171  422]
 [1167  421]
 [1164  420]
 [1160  421]
 [1156  423]
 [1154  426]
 [1153  428]
 [1152  431]
 [1151  434]
 [1151  437]
 [1152  440]
 [1154  442]
 [1155  443]
 [1159  443]
 [1161  444]
 [1163  444]
 [1166  444]
 [1168  444]
 [1169  443]]
Fuhrman 2, [[1038  382]
 [1041  381]
 [1044  379]
 [1046  376]
 [1048  373]
 [1049  370]
 [1050  367]
 [1051  363]
 [1050  359]
 [1050  356]
 [1047  352]
 [1043  349]
 [1039  346]
 [1034  345]
 [1031  344]
 [1027  344]
 [1023  345]
 [1021  347]
 [1019  350]
 [1018  352]
 [1016  356]
 [1014  357]
 [1014  361]
 [1013  364]
 [1013  367]
 [1014  371]
 [1016  375]
 [1019  377]
 [1021  379]
 [1025  380]
 [1029  382]
 [1033  382]
 [1036  382]
 [1038  382]]
Fuhrman 2, [[1104  297]
 [1102  298]
 [1099  298]
 [1096  300]
 [1094  302]
 [1093  305]
 [1091  307]
 [1091  310]
 [1091  313]
 [1091  316]
 [1093  318]
 [1095  320]
 [1097  321]
 [1099  322]
 [1103  321]
 [1107  321]
 [1110  320]
 [1113  319]
 [1115  318]
 [1117  314]
 [1118  311]
 [1119  309]
 [1120  307]
 [1120  305]
 [1119  301]
 [1118  300]
 [1115  298]
 [1112  297]
 [1109  296]
 [1106  296]
 [1104  297]]
Fuhrman 2, [[1654  350]
 [1657  352]
 [1660  353]
 [1663  354]
 [1666  355]
 [1668  355]
 [1670  355]
 [1672  355]
 [1673  353]
 [1675  352]
 [1675  350]
 [1675  347]
 [1674  343]
 [1673  339]
 [1672  334]
 [1672  331]
 [1672  330]
 [1670  328]
 [1668  327]
 [1666  326]
 [1664  324]
 [1662  323]
 [1660  323]
 [1657  324]
 [1654  326]
 [1653  328]
 [1652  330]
 [1650  332]
 [1650  334]
 [1650  337]
 [1650  339]
 [1650  342]
 [1651  345]
 [1652  347]
 [1653  348]
 [1654  349]
 [1654  350]]
Fuhrman 2, [[1120  431]
 [1123  430]
 [1125  429]
 [1128  427]
 [1129  425]
 [1130  422]
 [1130  420]
 [1130  416]
 [1128  412]
 [1126  409]
 [1124  406]
 [1123  404]
 [1121  402]
 [1118  401]
 [1115  401]
 [1112  402]
 [1109  405]
 [1106  407]
 [1103  411]
 [1101  413]
 [1100  416]
 [1099  420]
 [1099  424]
 [1100  426]
 [1102  428]
 [1105  431]
 [1109  433]
 [1111  433]
 [1115  432]
 [1118  432]
 [1120  431]]
Fuhrman 2, [[957 229]
 [956 232]
 [955 234]
 [956 237]
 [956 241]
 [957 243]
 [959 246]
 [961 248]
 [964 251]
 [965 252]
 [967 253]
 [969 254]
 [971 255]
 [973 254]
 [975 253]
 [976 251]
 [977 248]
 [978 246]
 [978 243]
 [978 241]
 [978 239]
 [976 237]
 [974 236]
 [972 235]
 [971 233]
 [970 232]
 [968 230]
 [967 229]
 [965 229]
 [962 228]
 [960 228]
 [958 228]
 [957 229]]
Fuhrman 2, [[1197 1015]
 [1199 1013]
 [1202 1013]
 [1206 1011]
 [1208 1009]
 [1211 1007]
 [1212 1005]
 [1212 1002]
 [1212  999]
 [1212  998]
 [1210  996]
 [1207  995]
 [1204  995]
 [1200  995]
 [1195  995]
 [1191  996]
 [1187  998]
 [1185  999]
 [1184 1000]
 [1182 1003]
 [1182 1005]
 [1182 1007]
 [1182 1008]
 [1183 1011]
 [1183 1013]
 [1184 1015]
 [1185 1016]
 [1188 1016]
 [1191 1016]
 [1193 1016]
 [1195 1016]
 [1197 1015]
 [1198 1015]]
Fuhrman 2, [[ 808 1018]
 [ 811 1017]
 [ 813 1015]
 [ 815 1013]
 [ 815 1010]
 [ 814 1007]
 [ 813 1004]
 [ 812 1002]
 [ 811  999]
 [ 809  997]
 [ 807  995]
 [ 803  994]
 [ 800  993]
 [ 797  994]
 [ 794  995]
 [ 792  996]
 [ 790  998]
 [ 789 1001]
 [ 788 1005]
 [ 788 1009]
 [ 790 1011]
 [ 792 1014]
 [ 794 1015]
 [ 797 1017]
 [ 800 1018]
 [ 802 1018]
 [ 805 1018]
 [ 806 1018]
 [ 808 1018]]
Fuhrman 2, [[691 939]
 [694 938]
 [697 937]
 [698 934]
 [699 932]
 [699 928]
 [697 925]
 [696 922]
 [693 920]
 [691 919]
 [687 918]
 [684 918]
 [680 919]
 [678 920]
 [675 922]
 [674 925]
 [674 928]
 [674 931]
 [675 934]
 [677 936]
 [679 938]
 [683 939]
 [686 940]
 [689 940]
 [691 939]]
Fuhrman 2, [[123  19]
 [121  20]
 [119  21]
 [118  24]
 [116  27]
 [115  30]
 [114  33]
 [114  36]
 [113  39]
 [113  41]
 [114  43]
 [115  45]
 [116  46]
 [117  47]
 [118  49]
 [120  50]
 [123  50]
 [125  50]
 [127  49]
 [129  48]
 [130  46]
 [132  43]
 [132  40]
 [132  37]
 [133  34]
 [133  31]
 [133  27]
 [132  24]
 [131  23]
 [129  22]
 [127  21]
 [126  21]
 [125  20]
 [124  20]
 [123  19]]
Fuhrman 2, [[778 272]
 [781 274]
 [784 274]
 [788 274]
 [792 273]
 [796 272]
 [799 270]
 [802 268]
 [804 266]
 [804 263]
 [805 259]
 [804 257]
 [802 254]
 [800 252]
 [797 249]
 [793 248]
 [789 248]
 [785 249]
 [782 251]
 [778 253]
 [776 255]
 [773 257]
 [772 260]
 [772 262]
 [773 265]
 [774 268]
 [775 270]
 [778 272]]
Fuhrman 2, [[1858  882]
 [1859  880]
 [1861  878]
 [1862  876]
 [1863  874]
 [1863  871]
 [1863  869]
 [1861  867]
 [1860  865]
 [1858  864]
 [1856  863]
 [1853  863]
 [1851  864]
 [1848  866]
 [1848  867]
 [1847  869]
 [1844  869]
 [1842  871]
 [1841  873]
 [1840  876]
 [1839  878]
 [1839  881]
 [1839  885]
 [1840  886]
 [1842  888]
 [1844  889]
 [1846  889]
 [1849  889]
 [1851  888]
 [1853  887]
 [1855  885]
 [1857  884]
 [1858  882]]
Fuhrman 2, [[188 986]
 [191 985]
 [193 984]
 [195 983]
 [197 980]
 [198 976]
 [199 972]
 [199 969]
 [197 964]
 [193 959]
 [190 957]
 [185 957]
 [181 958]
 [176 959]
 [173 961]
 [171 963]
 [170 965]
 [169 968]
 [170 972]
 [170 976]
 [172 979]
 [175 982]
 [178 985]
 [180 985]
 [183 986]
 [186 986]
 [189 986]]
