Fuhrman 2, [[ 21 325]
 [ 18 329]
 [ 18 333]
 [ 19 338]
 [ 21 341]
 [ 23 343]
 [ 27 345]
 [ 30 346]
 [ 35 347]
 [ 39 347]
 [ 44 347]
 [ 46 346]
 [ 48 344]
 [ 49 341]
 [ 50 339]
 [ 50 337]
 [ 50 334]
 [ 49 333]
 [ 48 331]
 [ 46 330]
 [ 43 330]
 [ 41 330]
 [ 39 329]
 [ 38 326]
 [ 38 325]
 [ 36 323]
 [ 34 322]
 [ 30 321]
 [ 27 322]
 [ 24 323]
 [ 22 323]
 [ 20 325]]
Fuhrman 2, [[527 829]
 [523 829]
 [520 831]
 [518 834]
 [517 836]
 [517 840]
 [516 843]
 [516 845]
 [516 848]
 [517 850]
 [519 853]
 [521 855]
 [523 857]
 [527 858]
 [531 858]
 [535 858]
 [539 857]
 [542 856]
 [545 855]
 [547 852]
 [549 850]
 [549 846]
 [548 843]
 [546 840]
 [545 838]
 [544 835]
 [541 832]
 [537 830]
 [533 829]
 [530 829]
 [527 829]]
Fuhrman 2, [[569 943]
 [570 940]
 [570 937]
 [570 934]
 [569 929]
 [566 926]
 [563 924]
 [559 924]
 [555 925]
 [550 925]
 [546 926]
 [544 928]
 [542 931]
 [541 933]
 [540 935]
 [540 938]
 [540 941]
 [540 943]
 [540 945]
 [541 947]
 [543 949]
 [545 949]
 [547 949]
 [549 947]
 [552 947]
 [554 946]
 [557 945]
 [560 944]
 [562 945]
 [566 945]
 [567 945]
 [568 943]
 [569 943]]
Fuhrman 2, [[628 986]
 [631 989]
 [633 990]
 [636 990]
 [639 990]
 [642 988]
 [645 984]
 [647 981]
 [648 978]
 [648 974]
 [648 971]
 [647 967]
 [645 964]
 [643 961]
 [640 959]
 [637 958]
 [634 958]
 [631 958]
 [629 960]
 [627 961]
 [626 964]
 [625 967]
 [624 969]
 [624 973]
 [625 976]
 [625 980]
 [626 982]
 [627 985]
 [628 986]]
Fuhrman 2, [[851 265]
 [850 268]
 [849 271]
 [848 274]
 [849 277]
 [849 280]
 [852 283]
 [854 284]
 [856 284]
 [859 283]
 [863 282]
 [866 279]
 [870 275]
 [871 272]
 [872 269]
 [871 266]
 [870 264]
 [869 261]
 [866 260]
 [864 259]
 [861 259]
 [857 261]
 [853 263]
 [852 264]
 [851 266]]
Fuhrman 2, [[864  59]
 [863  57]
 [861  54]
 [858  53]
 [856  53]
 [854  53]
 [852  54]
 [849  56]
 [847  58]
 [847  61]
 [846  64]
 [847  67]
 [848  70]
 [849  72]
 [850  76]
 [852  78]
 [854  80]
 [856  81]
 [859  81]
 [862  80]
 [865  78]
 [867  77]
 [869  75]
 [870  72]
 [870  70]
 [869  68]
 [868  65]
 [866  63]
 [865  61]
 [864  59]]
Fuhrman 2, [[884  70]
 [882  72]
 [880  75]
 [879  77]
 [879  80]
 [879  82]
 [881  84]
 [883  86]
 [887  87]
 [891  88]
 [894  88]
 [898  87]
 [901  86]
 [903  85]
 [906  83]
 [907  81]
 [909  79]
 [909  77]
 [909  74]
 [908  72]
 [906  70]
 [904  69]
 [901  68]
 [897  67]
 [892  67]
 [889  68]
 [887  68]
 [884  70]]
Fuhrman 2, [[585  21]
 [583  24]
 [584  27]
 [585  30]
 [587  32]
 [589  36]
 [590  38]
 [593  40]
 [596  40]
 [599  39]
 [603  37]
 [609  35]
 [612  33]
 [614  30]
 [614  26]
 [613  23]
 [611  20]
 [607  18]
 [603  16]
 [600  15]
 [597  14]
 [593  15]
 [590  16]
 [587  18]
 [584  21]]
Fuhrman 2, [[1722  424]
 [1720  429]
 [1720  434]
 [1723  440]
 [1727  444]
 [1730  447]
 [1735  448]
 [1741  447]
 [1745  445]
 [1749  443]
 [1751  440]
 [1752  437]
 [1751  433]
 [1750  429]
 [1746  426]
 [1742  424]
 [1738  423]
 [1734  422]
 [1729  422]
 [1725  422]
 [1721  424]]
Fuhrman 2, [[ 83 640]
 [ 82 643]
 [ 82 647]
 [ 83 651]
 [ 85 655]
 [ 88 658]
 [ 91 659]
 [ 95 658]
 [100 657]
 [104 656]
 [108 655]
 [110 653]
 [110 649]
 [109 645]
 [107 641]
 [106 638]
 [104 634]
 [101 632]
 [ 96 632]
 [ 92 633]
 [ 89 635]
 [ 86 637]
 [ 83 640]]
