Fuhrman 2, [[ 31 275]
 [ 26 275]
 [ 22 275]
 [ 20 277]
 [ 19 280]
 [ 18 283]
 [ 19 287]
 [ 19 291]
 [ 21 294]
 [ 24 296]
 [ 28 296]
 [ 32 296]
 [ 35 295]
 [ 39 295]
 [ 43 293]
 [ 46 291]
 [ 48 289]
 [ 49 287]
 [ 48 283]
 [ 48 280]
 [ 46 278]
 [ 42 276]
 [ 40 275]
 [ 37 275]
 [ 33 275]
 [ 31 275]]
Fuhrman 2, [[721 552]
 [725 551]
 [727 549]
 [729 546]
 [731 544]
 [732 542]
 [733 539]
 [732 536]
 [731 533]
 [728 530]
 [725 528]
 [722 527]
 [718 526]
 [715 526]
 [712 527]
 [708 529]
 [705 531]
 [703 533]
 [701 535]
 [700 538]
 [700 541]
 [700 543]
 [700 545]
 [702 547]
 [704 549]
 [706 550]
 [710 551]
 [712 552]
 [715 552]
 [718 552]
 [720 552]
 [722 552]]
Fuhrman 2, [[762 864]
 [765 863]
 [768 862]
 [770 861]
 [773 859]
 [775 857]
 [776 854]
 [777 852]
 [777 849]
 [777 846]
 [777 843]
 [775 840]
 [772 837]
 [770 835]
 [767 833]
 [764 832]
 [761 832]
 [758 834]
 [755 836]
 [752 838]
 [750 841]
 [749 844]
 [748 847]
 [747 850]
 [748 853]
 [749 856]
 [751 858]
 [754 860]
 [758 862]
 [760 864]
 [761 864]
 [762 864]]
Fuhrman 2, [[1144  361]
 [1141  363]
 [1140  366]
 [1138  369]
 [1139  372]
 [1141  374]
 [1143  376]
 [1144  379]
 [1146  380]
 [1148  381]
 [1152  382]
 [1155  382]
 [1157  382]
 [1160  379]
 [1164  377]
 [1166  374]
 [1168  371]
 [1168  366]
 [1168  362]
 [1167  359]
 [1165  357]
 [1162  355]
 [1159  354]
 [1155  355]
 [1152  355]
 [1148  357]
 [1146  359]
 [1144  361]]
Fuhrman 2, [[1344  397]
 [1340  400]
 [1337  405]
 [1335  409]
 [1334  414]
 [1335  418]
 [1335  421]
 [1336  423]
 [1338  423]
 [1341  423]
 [1344  423]
 [1349  423]
 [1353  421]
 [1356  419]
 [1359  417]
 [1362  416]
 [1364  414]
 [1364  412]
 [1365  409]
 [1364  406]
 [1364  403]
 [1364  401]
 [1363  398]
 [1362  396]
 [1360  395]
 [1358  394]
 [1355  394]
 [1351  394]
 [1349  395]
 [1347  395]
 [1344  397]]
Fuhrman 2, [[1037  459]
 [1039  456]
 [1040  452]
 [1041  448]
 [1041  445]
 [1040  443]
 [1038  441]
 [1035  439]
 [1031  437]
 [1027  435]
 [1022  435]
 [1018  437]
 [1015  439]
 [1013  443]
 [1012  446]
 [1011  449]
 [1011  453]
 [1013  455]
 [1016  458]
 [1020  460]
 [1024  462]
 [1027  463]
 [1030  463]
 [1033  463]
 [1035  462]
 [1037  460]
 [1037  459]]
Fuhrman 2, [[1102  290]
 [1100  291]
 [1098  293]
 [1096  295]
 [1095  297]
 [1096  300]
 [1097  304]
 [1098  307]
 [1100  311]
 [1102  312]
 [1104  314]
 [1108  315]
 [1112  315]
 [1117  315]
 [1121  314]
 [1124  313]
 [1126  311]
 [1128  309]
 [1129  307]
 [1129  305]
 [1128  302]
 [1126  299]
 [1124  297]
 [1122  297]
 [1121  295]
 [1120  294]
 [1118  293]
 [1115  293]
 [1113  294]
 [1112  295]
 [1109  294]
 [1107  293]
 [1105  292]
 [1104  290]
 [1102  290]]
Fuhrman 2, [[1596  744]
 [1592  749]
 [1590  751]
 [1589  754]
 [1590  759]
 [1593  763]
 [1595  767]
 [1598  768]
 [1602  769]
 [1606  769]
 [1609  768]
 [1613  768]
 [1614  767]
 [1615  763]
 [1615  760]
 [1616  758]
 [1618  754]
 [1620  752]
 [1621  751]
 [1621  750]
 [1621  749]
 [1621  747]
 [1620  745]
 [1618  743]
 [1615  741]
 [1612  740]
 [1609  740]
 [1605  740]
 [1601  741]
 [1598  743]
 [1596  745]]
Fuhrman 2, [[1711  621]
 [1708  623]
 [1707  624]
 [1705  624]
 [1703  624]
 [1702  627]
 [1701  628]
 [1701  630]
 [1701  633]
 [1701  636]
 [1702  638]
 [1703  640]
 [1706  643]
 [1708  644]
 [1711  644]
 [1715  644]
 [1719  643]
 [1721  643]
 [1725  641]
 [1727  638]
 [1730  635]
 [1731  632]
 [1731  629]
 [1731  627]
 [1730  624]
 [1728  622]
 [1727  621]
 [1725  620]
 [1723  619]
 [1722  619]
 [1720  620]
 [1719  621]
 [1718  621]
 [1716  621]
 [1715  621]
 [1713  621]
 [1711  621]]
Fuhrman 2, [[1822  931]
 [1820  934]
 [1819  937]
 [1818  940]
 [1819  943]
 [1820  945]
 [1822  948]
 [1824  949]
 [1826  950]
 [1829  952]
 [1832  953]
 [1835  954]
 [1838  953]
 [1841  952]
 [1843  951]
 [1846  948]
 [1847  944]
 [1847  941]
 [1847  938]
 [1846  936]
 [1844  933]
 [1842  931]
 [1839  929]
 [1836  928]
 [1832  928]
 [1829  928]
 [1826  928]
 [1823  930]
 [1822  931]]
Fuhrman 2, [[185 573]
 [187 570]
 [187 567]
 [185 564]
 [181 564]
 [179 565]
 [177 566]
 [175 566]
 [172 565]
 [170 565]
 [167 566]
 [164 568]
 [163 569]
 [161 571]
 [159 575]
 [158 578]
 [159 582]
 [160 586]
 [162 590]
 [165 592]
 [168 592]
 [173 592]
 [177 591]
 [182 589]
 [186 586]
 [189 584]
 [192 583]
 [192 581]
 [192 580]
 [192 578]
 [191 577]
 [189 576]
 [187 576]
 [186 574]
 [185 573]]
Fuhrman 2, [[158 457]
 [160 455]
 [163 453]
 [164 452]
 [165 450]
 [164 448]
 [163 445]
 [162 443]
 [159 440]
 [155 437]
 [151 435]
 [145 434]
 [142 433]
 [138 433]
 [136 434]
 [135 435]
 [134 438]
 [134 440]
 [133 442]
 [132 444]
 [131 446]
 [131 448]
 [132 450]
 [134 451]
 [136 452]
 [138 453]
 [140 454]
 [141 455]
 [142 457]
 [144 458]
 [147 459]
 [149 459]
 [152 459]
 [154 458]
 [156 458]
 [158 457]
 [158 457]]
Fuhrman 2, [[ 29 539]
 [ 26 532]
 [ 24 529]
 [ 22 527]
 [ 19 525]
 [ 17 524]
 [ 15 526]
 [ 12 527]
 [ 10 529]
 [  8 532]
 [  7 535]
 [  8 538]
 [  8 541]
 [  9 545]
 [ 11 549]
 [ 12 552]
 [ 15 555]
 [ 17 557]
 [ 17 558]
 [ 20 562]
 [ 23 564]
 [ 26 564]
 [ 29 564]
 [ 32 563]
 [ 35 561]
 [ 37 558]
 [ 37 556]
 [ 37 553]
 [ 35 551]
 [ 34 548]
 [ 32 545]
 [ 31 543]
 [ 30 541]
 [ 29 539]]
Fuhrman 2, [[ 998  798]
 [ 996  800]
 [ 994  802]
 [ 993  805]
 [ 993  809]
 [ 993  812]
 [ 993  815]
 [ 995  817]
 [ 999  819]
 [1002  818]
 [1006  817]
 [1011  815]
 [1014  813]
 [1017  811]
 [1020  811]
 [1022  810]
 [1024  808]
 [1025  806]
 [1025  803]
 [1025  800]
 [1024  797]
 [1021  794]
 [1017  794]
 [1015  794]
 [1013  795]
 [1010  795]
 [1007  795]
 [1004  796]
 [1001  797]
 [ 999  798]
 [ 998  799]]
Fuhrman 2, [[688 595]
 [685 598]
 [683 599]
 [681 602]
 [681 604]
 [681 606]
 [681 609]
 [682 612]
 [685 614]
 [687 616]
 [690 618]
 [693 618]
 [696 618]
 [701 617]
 [704 617]
 [706 615]
 [709 613]
 [712 610]
 [712 606]
 [713 605]
 [713 602]
 [713 599]
 [711 596]
 [709 593]
 [705 592]
 [701 591]
 [696 592]
 [693 593]
 [690 593]
 [689 595]
 [688 596]]
Fuhrman 2, [[1205  523]
 [1207  521]
 [1210  519]
 [1211  517]
 [1211  514]
 [1211  512]
 [1211  508]
 [1209  505]
 [1207  502]
 [1205  499]
 [1201  497]
 [1196  497]
 [1191  498]
 [1186  501]
 [1182  504]
 [1179  509]
 [1178  512]
 [1178  515]
 [1179  519]
 [1180  521]
 [1183  523]
 [1186  525]
 [1190  526]
 [1195  526]
 [1199  525]
 [1202  524]
 [1205  523]]
Fuhrman 2, [[1194  435]
 [1191  437]
 [1190  440]
 [1189  443]
 [1189  446]
 [1190  450]
 [1191  453]
 [1194  456]
 [1198  457]
 [1201  459]
 [1205  460]
 [1208  460]
 [1211  460]
 [1215  459]
 [1218  458]
 [1222  455]
 [1224  454]
 [1225  452]
 [1226  450]
 [1227  448]
 [1227  445]
 [1226  441]
 [1225  439]
 [1223  437]
 [1222  434]
 [1221  433]
 [1218  432]
 [1217  432]
 [1213  432]
 [1209  432]
 [1206  432]
 [1203  432]
 [1199  433]
 [1196  433]
 [1194  435]]
Fuhrman 2, [[1384  182]
 [1386  182]
 [1388  180]
 [1389  179]
 [1389  177]
 [1390  176]
 [1390  174]
 [1389  172]
 [1388  170]
 [1385  168]
 [1382  166]
 [1379  165]
 [1377  163]
 [1374  159]
 [1371  159]
 [1367  159]
 [1364  160]
 [1363  162]
 [1362  163]
 [1359  163]
 [1357  164]
 [1355  165]
 [1354  167]
 [1354  168]
 [1355  170]
 [1357  172]
 [1359  175]
 [1363  177]
 [1368  179]
 [1371  180]
 [1373  181]
 [1375  181]
 [1377  183]
 [1379  183]
 [1382  183]
 [1383  183]
 [1384  182]]
Fuhrman 2, [[502 861]
 [504 860]
 [506 859]
 [508 856]
 [509 853]
 [510 851]
 [510 848]
 [510 846]
 [510 844]
 [508 843]
 [507 842]
 [505 842]
 [504 841]
 [501 840]
 [498 840]
 [495 841]
 [492 842]
 [489 844]
 [487 845]
 [485 848]
 [484 849]
 [482 849]
 [479 849]
 [478 849]
 [476 851]
 [476 854]
 [476 857]
 [477 859]
 [480 860]
 [483 861]
 [486 862]
 [490 863]
 [494 862]
 [497 862]
 [499 862]
 [501 862]
 [502 861]]
Fuhrman 2, [[1818  182]
 [1822  179]
 [1824  176]
 [1826  173]
 [1828  169]
 [1828  165]
 [1827  161]
 [1826  158]
 [1822  155]
 [1818  154]
 [1815  155]
 [1810  157]
 [1802  159]
 [1799  160]
 [1795  162]
 [1792  165]
 [1790  168]
 [1789  171]
 [1790  174]
 [1792  176]
 [1793  178]
 [1795  180]
 [1797  183]
 [1799  186]
 [1801  187]
 [1804  188]
 [1806  187]
 [1809  186]
 [1813  185]
 [1815  184]
 [1817  183]
 [1818  182]]
