Fuhrman 2, [[238 137]
 [236 141]
 [237 143]
 [238 146]
 [240 148]
 [242 150]
 [246 151]
 [249 151]
 [252 152]
 [256 151]
 [259 150]
 [261 148]
 [262 146]
 [263 143]
 [263 140]
 [262 137]
 [261 136]
 [259 134]
 [257 133]
 [254 132]
 [251 131]
 [248 131]
 [244 132]
 [241 134]
 [239 135]
 [238 138]]
Fuhrman 2, [[ 91 687]
 [ 89 690]
 [ 88 692]
 [ 87 694]
 [ 88 697]
 [ 88 700]
 [ 90 702]
 [ 93 703]
 [ 96 704]
 [100 705]
 [103 704]
 [108 702]
 [113 698]
 [116 696]
 [117 694]
 [117 690]
 [117 688]
 [114 685]
 [112 684]
 [110 682]
 [107 682]
 [103 682]
 [100 682]
 [ 97 684]
 [ 94 685]
 [ 91 687]]
Fuhrman 2, [[316 914]
 [313 917]
 [312 921]
 [312 924]
 [312 927]
 [314 930]
 [316 932]
 [319 934]
 [323 935]
 [328 935]
 [332 935]
 [337 933]
 [341 931]
 [343 929]
 [344 926]
 [345 922]
 [344 918]
 [343 915]
 [336 911]
 [333 909]
 [330 909]
 [327 909]
 [323 911]
 [320 912]
 [318 913]
 [316 915]]
Fuhrman 2, [[564 970]
 [563 973]
 [562 976]
 [563 979]
 [564 982]
 [566 985]
 [569 987]
 [572 987]
 [576 986]
 [580 986]
 [584 984]
 [587 983]
 [588 981]
 [590 979]
 [590 976]
 [591 974]
 [590 969]
 [590 966]
 [587 963]
 [584 962]
 [580 961]
 [576 961]
 [572 962]
 [569 964]
 [567 967]
 [565 968]
 [564 970]]
Fuhrman 2, [[560 707]
 [562 705]
 [564 702]
 [564 699]
 [563 695]
 [561 690]
 [560 685]
 [557 681]
 [552 677]
 [546 675]
 [543 675]
 [540 676]
 [538 678]
 [535 682]
 [535 686]
 [535 690]
 [536 694]
 [538 698]
 [541 700]
 [545 703]
 [547 705]
 [550 707]
 [553 710]
 [556 710]
 [558 709]
 [560 707]]
Fuhrman 2, [[731 326]
 [730 328]
 [729 331]
 [729 334]
 [730 337]
 [732 339]
 [733 340]
 [736 340]
 [739 342]
 [742 342]
 [746 342]
 [749 342]
 [752 341]
 [756 340]
 [758 339]
 [760 337]
 [760 335]
 [761 333]
 [760 331]
 [760 329]
 [757 326]
 [756 324]
 [753 321]
 [750 320]
 [747 319]
 [744 319]
 [741 320]
 [737 321]
 [734 322]
 [732 324]
 [731 326]]
Fuhrman 2, [[852 578]
 [848 579]
 [846 580]
 [843 582]
 [842 586]
 [841 589]
 [842 592]
 [845 595]
 [848 598]
 [852 600]
 [856 602]
 [860 601]
 [865 600]
 [869 598]
 [872 596]
 [875 592]
 [876 589]
 [876 585]
 [875 581]
 [873 578]
 [869 576]
 [864 575]
 [859 576]
 [855 577]
 [852 578]]
Fuhrman 2, [[1618  128]
 [1614  130]
 [1612  133]
 [1611  136]
 [1610  140]
 [1611  143]
 [1614  145]
 [1617  147]
 [1620  149]
 [1623  150]
 [1626  151]
 [1629  151]
 [1633  150]
 [1637  148]
 [1639  145]
 [1642  142]
 [1644  139]
 [1644  136]
 [1643  132]
 [1641  129]
 [1638  127]
 [1634  125]
 [1630  124]
 [1628  126]
 [1626  127]
 [1623  128]
 [1620  128]
 [1618  128]]
Fuhrman 2, [[1555  140]
 [1554  143]
 [1553  146]
 [1553  149]
 [1554  152]
 [1554  155]
 [1556  157]
 [1559  159]
 [1561  161]
 [1563  162]
 [1566  163]
 [1570  163]
 [1573  163]
 [1577  162]
 [1579  160]
 [1581  159]
 [1583  156]
 [1583  150]
 [1582  146]
 [1580  143]
 [1577  140]
 [1574  138]
 [1571  137]
 [1568  137]
 [1563  137]
 [1560  138]
 [1558  139]
 [1555  141]]
Fuhrman 2, [[1660   86]
 [1658   89]
 [1657   91]
 [1654   91]
 [1653   93]
 [1653   96]
 [1653   98]
 [1655  101]
 [1656  102]
 [1656  105]
 [1655  108]
 [1656  110]
 [1657  111]
 [1659  112]
 [1663  113]
 [1668  113]
 [1671  112]
 [1674  111]
 [1678  109]
 [1680  107]
 [1682  104]
 [1683  101]
 [1683   98]
 [1683   94]
 [1681   91]
 [1679   88]
 [1677   87]
 [1673   85]
 [1672   84]
 [1670   84]
 [1667   84]
 [1664   84]
 [1663   85]
 [1660   87]]
Fuhrman 2, [[1711  223]
 [1710  227]
 [1711  231]
 [1712  234]
 [1714  237]
 [1717  239]
 [1719  240]
 [1721  241]
 [1726  241]
 [1729  240]
 [1733  240]
 [1737  238]
 [1740  234]
 [1742  232]
 [1743  228]
 [1743  225]
 [1743  221]
 [1741  218]
 [1740  216]
 [1738  214]
 [1735  213]
 [1732  212]
 [1728  212]
 [1724  213]
 [1720  214]
 [1718  215]
 [1715  217]
 [1713  219]
 [1711  222]
 [1711  224]]
Fuhrman 2, [[1837  818]
 [1834  820]
 [1833  823]
 [1833  825]
 [1833  828]
 [1835  829]
 [1838  831]
 [1841  833]
 [1845  834]
 [1848  835]
 [1852  834]
 [1856  834]
 [1859  833]
 [1860  831]
 [1861  828]
 [1861  825]
 [1860  822]
 [1858  819]
 [1857  818]
 [1853  817]
 [1849  816]
 [1845  816]
 [1841  817]
 [1839  817]
 [1837  818]]
Fuhrman 2, [[1306  754]
 [1305  757]
 [1304  760]
 [1304  764]
 [1306  766]
 [1309  769]
 [1312  771]
 [1316  772]
 [1320  773]
 [1325  772]
 [1329  771]
 [1333  768]
 [1334  765]
 [1334  761]
 [1334  757]
 [1331  753]
 [1328  751]
 [1324  749]
 [1320  748]
 [1316  748]
 [1312  750]
 [1309  751]
 [1306  754]]
Fuhrman 2, [[727 228]
 [726 231]
 [725 234]
 [726 237]
 [727 239]
 [729 241]
 [733 243]
 [737 243]
 [741 244]
 [745 243]
 [751 241]
 [753 240]
 [754 237]
 [754 233]
 [752 229]
 [750 227]
 [746 224]
 [743 223]
 [739 222]
 [734 223]
 [731 225]
 [729 226]
 [727 228]]
Fuhrman 2, [[1462  458]
 [1461  462]
 [1460  465]
 [1460  469]
 [1461  471]
 [1463  473]
 [1466  475]
 [1469  476]
 [1472  476]
 [1476  476]
 [1480  476]
 [1485  473]
 [1488  472]
 [1489  469]
 [1491  466]
 [1491  462]
 [1491  459]
 [1490  455]
 [1487  452]
 [1485  451]
 [1482  450]
 [1478  450]
 [1474  451]
 [1471  452]
 [1468  453]
 [1465  455]
 [1463  457]
 [1462  459]]
Fuhrman 2, [[1095  488]
 [1096  490]
 [1097  494]
 [1098  495]
 [1100  497]
 [1103  498]
 [1106  499]
 [1109  500]
 [1112  501]
 [1116  501]
 [1119  500]
 [1121  498]
 [1123  496]
 [1124  495]
 [1123  492]
 [1122  490]
 [1120  488]
 [1118  486]
 [1116  484]
 [1113  483]
 [1110  482]
 [1108  481]
 [1105  481]
 [1102  481]
 [1100  482]
 [1098  483]
 [1097  485]
 [1096  486]
 [1095  488]]
Fuhrman 2, [[582 338]
 [580 341]
 [579 343]
 [578 346]
 [579 349]
 [580 351]
 [582 353]
 [583 354]
 [585 356]
 [588 356]
 [590 356]
 [592 354]
 [595 351]
 [596 350]
 [597 348]
 [597 345]
 [597 343]
 [596 340]
 [594 338]
 [593 336]
 [591 336]
 [589 336]
 [587 336]
 [585 337]
 [582 338]]
Fuhrman 2, [[511 438]
 [510 440]
 [510 442]
 [509 444]
 [509 445]
 [509 448]
 [510 450]
 [512 452]
 [513 454]
 [514 455]
 [516 456]
 [518 458]
 [520 460]
 [523 462]
 [525 462]
 [528 462]
 [530 462]
 [533 460]
 [535 458]
 [535 455]
 [535 451]
 [534 448]
 [533 447]
 [531 444]
 [528 442]
 [526 441]
 [524 439]
 [522 438]
 [520 437]
 [518 437]
 [516 437]
 [514 437]
 [513 437]
 [512 438]
 [511 439]]
Fuhrman 2, [[647  14]
 [644  15]
 [642  18]
 [641  21]
 [641  24]
 [642  27]
 [644  28]
 [648  28]
 [650  29]
 [654  30]
 [657  31]
 [660  32]
 [664  32]
 [668  31]
 [671  29]
 [673  27]
 [674  24]
 [674  21]
 [673  19]
 [671  17]
 [667  14]
 [663  13]
 [659  13]
 [655  13]
 [651  13]
 [648  13]
 [646  14]]
Fuhrman 2, [[945  41]
 [941  42]
 [938  44]
 [936  48]
 [935  51]
 [934  54]
 [934  57]
 [935  59]
 [937  61]
 [940  63]
 [942  64]
 [944  65]
 [946  66]
 [948  67]
 [952  66]
 [954  64]
 [957  62]
 [959  58]
 [959  54]
 [959  49]
 [958  46]
 [957  43]
 [955  42]
 [953  40]
 [951  40]
 [948  40]
 [946  40]
 [944  41]]
