Fuhrman 2, [[268 271]
 [266 274]
 [264 276]
 [263 279]
 [263 283]
 [263 287]
 [263 290]
 [265 292]
 [268 294]
 [271 295]
 [275 295]
 [280 295]
 [282 294]
 [284 292]
 [287 289]
 [289 285]
 [291 281]
 [291 277]
 [291 273]
 [290 271]
 [287 268]
 [283 266]
 [279 266]
 [275 266]
 [271 268]
 [268 271]]
Fuhrman 2, [[452 618]
 [449 620]
 [447 624]
 [447 628]
 [449 631]
 [453 634]
 [457 637]
 [460 638]
 [463 639]
 [468 641]
 [474 641]
 [478 640]
 [481 639]
 [484 636]
 [484 633]
 [484 628]
 [483 624]
 [479 621]
 [474 617]
 [470 616]
 [468 614]
 [464 614]
 [458 615]
 [455 616]
 [452 618]]
Fuhrman 2, [[692 619]
 [693 616]
 [692 614]
 [690 613]
 [687 612]
 [683 612]
 [679 614]
 [676 615]
 [673 618]
 [671 621]
 [670 624]
 [669 626]
 [669 629]
 [669 632]
 [670 635]
 [672 638]
 [674 641]
 [676 642]
 [679 644]
 [683 645]
 [686 644]
 [693 643]
 [696 640]
 [698 638]
 [699 636]
 [699 635]
 [700 633]
 [701 632]
 [701 631]
 [701 629]
 [699 627]
 [697 625]
 [695 623]
 [694 621]
 [693 621]
 [692 619]
 [692 619]]
Fuhrman 2, [[711 633]
 [710 636]
 [709 638]
 [710 641]
 [710 644]
 [712 647]
 [714 649]
 [716 651]
 [719 653]
 [724 654]
 [727 654]
 [730 654]
 [734 652]
 [738 650]
 [740 647]
 [740 645]
 [741 643]
 [741 639]
 [740 636]
 [738 633]
 [736 630]
 [733 628]
 [729 626]
 [725 626]
 [722 626]
 [718 628]
 [715 629]
 [714 631]
 [712 632]
 [711 633]]
Fuhrman 2, [[664 758]
 [661 761]
 [658 763]
 [657 765]
 [656 768]
 [656 770]
 [657 774]
 [658 778]
 [660 781]
 [663 783]
 [665 784]
 [667 785]
 [670 785]
 [675 783]
 [679 780]
 [683 778]
 [686 775]
 [689 773]
 [690 770]
 [691 767]
 [690 764]
 [689 760]
 [687 758]
 [684 756]
 [681 755]
 [677 754]
 [673 754]
 [670 755]
 [667 756]
 [665 757]
 [664 758]]
Fuhrman 2, [[796 401]
 [794 406]
 [793 410]
 [794 414]
 [794 418]
 [794 422]
 [796 425]
 [798 427]
 [800 429]
 [803 430]
 [806 430]
 [810 428]
 [814 425]
 [818 423]
 [821 420]
 [823 417]
 [825 413]
 [826 408]
 [825 405]
 [824 402]
 [823 400]
 [821 399]
 [818 398]
 [817 396]
 [815 394]
 [812 394]
 [809 394]
 [805 395]
 [803 396]
 [800 397]
 [798 398]
 [797 400]
 [796 401]]
Fuhrman 2, [[755 462]
 [753 465]
 [751 468]
 [751 472]
 [751 476]
 [752 480]
 [754 483]
 [757 486]
 [761 488]
 [764 489]
 [768 488]
 [772 486]
 [775 483]
 [776 479]
 [776 474]
 [775 470]
 [772 467]
 [770 465]
 [768 462]
 [766 460]
 [763 459]
 [761 459]
 [759 459]
 [757 461]
 [755 462]]
Fuhrman 2, [[785  75]
 [780  78]
 [778  81]
 [777  86]
 [778  91]
 [779  94]
 [781  97]
 [785  99]
 [788  99]
 [791  99]
 [796  98]
 [800  96]
 [803  94]
 [805  92]
 [808  89]
 [810  86]
 [812  83]
 [812  79]
 [811  76]
 [809  74]
 [806  71]
 [803  71]
 [801  71]
 [794  73]
 [791  74]
 [788  75]
 [785  75]]
Fuhrman 2, [[817  68]
 [817  74]
 [818  77]
 [820  81]
 [823  84]
 [827  87]
 [831  87]
 [838  87]
 [842  86]
 [846  83]
 [849  82]
 [850  80]
 [850  77]
 [850  74]
 [850  71]
 [849  68]
 [849  66]
 [847  64]
 [846  64]
 [844  61]
 [841  59]
 [838  57]
 [835  57]
 [832  57]
 [827  57]
 [823  59]
 [821  62]
 [819  64]
 [817  68]]
Fuhrman 2, [[895 228]
 [897 226]
 [900 223]
 [901 219]
 [902 215]
 [902 209]
 [900 205]
 [897 202]
 [893 200]
 [888 200]
 [885 200]
 [881 200]
 [876 203]
 [873 206]
 [871 209]
 [870 211]
 [869 214]
 [869 217]
 [869 221]
 [870 224]
 [871 226]
 [873 228]
 [876 230]
 [880 230]
 [883 231]
 [887 230]
 [890 229]
 [892 229]
 [894 228]
 [895 228]]
Fuhrman 2, [[903 234]
 [900 237]
 [899 240]
 [899 245]
 [899 250]
 [901 255]
 [903 258]
 [905 260]
 [907 263]
 [910 266]
 [914 269]
 [918 273]
 [922 275]
 [925 277]
 [928 277]
 [931 277]
 [933 277]
 [935 275]
 [936 274]
 [937 272]
 [937 269]
 [937 266]
 [938 263]
 [937 261]
 [937 258]
 [935 255]
 [933 252]
 [931 250]
 [929 247]
 [927 244]
 [925 242]
 [923 240]
 [920 237]
 [918 235]
 [915 234]
 [913 233]
 [910 232]
 [907 232]
 [904 233]
 [903 234]]
Fuhrman 2, [[1038  227]
 [1035  230]
 [1034  234]
 [1034  239]
 [1034  244]
 [1035  247]
 [1038  250]
 [1041  254]
 [1044  255]
 [1046  256]
 [1049  256]
 [1054  254]
 [1057  252]
 [1060  250]
 [1062  246]
 [1063  243]
 [1063  239]
 [1062  233]
 [1060  229]
 [1058  227]
 [1056  225]
 [1054  224]
 [1050  223]
 [1047  223]
 [1042  223]
 [1040  225]
 [1037  227]]
Fuhrman 2, [[ 997  387]
 [ 995  389]
 [ 994  392]
 [ 993  396]
 [ 994  400]
 [ 995  403]
 [ 997  406]
 [1000  408]
 [1002  408]
 [1005  409]
 [1008  409]
 [1011  408]
 [1014  406]
 [1015  404]
 [1018  401]
 [1020  400]
 [1021  398]
 [1021  395]
 [1021  392]
 [1021  389]
 [1019  386]
 [1018  383]
 [1015  381]
 [1012  380]
 [1009  379]
 [1006  379]
 [1004  380]
 [1001  382]
 [1000  384]
 [ 999  385]
 [ 997  387]]
Fuhrman 2, [[627 690]
 [624 694]
 [623 698]
 [623 702]
 [624 707]
 [628 711]
 [631 714]
 [635 716]
 [640 716]
 [645 715]
 [648 713]
 [653 709]
 [655 707]
 [657 703]
 [656 699]
 [653 695]
 [651 693]
 [650 690]
 [649 687]
 [646 685]
 [642 684]
 [638 684]
 [633 685]
 [629 688]
 [627 691]]
Fuhrman 2, [[977 473]
 [978 471]
 [979 468]
 [980 465]
 [979 460]
 [977 456]
 [975 453]
 [970 451]
 [965 450]
 [960 451]
 [956 452]
 [952 454]
 [950 457]
 [949 461]
 [949 464]
 [950 468]
 [952 472]
 [953 475]
 [956 477]
 [958 479]
 [960 480]
 [963 480]
 [967 480]
 [970 480]
 [973 479]
 [975 477]
 [976 475]
 [977 473]]
Fuhrman 2, [[286 695]
 [282 697]
 [281 700]
 [280 703]
 [281 707]
 [282 710]
 [285 713]
 [289 715]
 [293 717]
 [297 718]
 [301 719]
 [306 719]
 [310 718]
 [313 716]
 [315 714]
 [316 711]
 [316 707]
 [315 703]
 [314 701]
 [311 698]
 [307 696]
 [302 694]
 [298 693]
 [293 694]
 [289 694]
 [286 695]]
Fuhrman 2, [[1135  585]
 [1132  589]
 [1131  592]
 [1130  594]
 [1129  598]
 [1130  601]
 [1131  604]
 [1132  607]
 [1134  609]
 [1138  611]
 [1140  612]
 [1143  612]
 [1147  611]
 [1151  609]
 [1154  606]
 [1156  603]
 [1157  600]
 [1157  596]
 [1156  591]
 [1155  586]
 [1154  583]
 [1152  581]
 [1150  580]
 [1147  579]
 [1143  579]
 [1140  581]
 [1137  582]
 [1136  584]
 [1135  585]]
Fuhrman 2, [[1173  595]
 [1170  596]
 [1167  598]
 [1166  600]
 [1164  604]
 [1164  607]
 [1164  610]
 [1164  613]
 [1165  615]
 [1166  618]
 [1168  619]
 [1170  620]
 [1174  621]
 [1177  621]
 [1181  620]
 [1185  619]
 [1188  616]
 [1192  612]
 [1193  610]
 [1194  607]
 [1194  604]
 [1194  600]
 [1193  596]
 [1193  594]
 [1192  592]
 [1191  591]
 [1189  590]
 [1188  589]
 [1186  589]
 [1184  590]
 [1181  591]
 [1181  592]
 [1179  592]
 [1177  593]
 [1175  593]
 [1174  594]
 [1173  595]]
Fuhrman 2, [[1249  522]
 [1245  526]
 [1244  529]
 [1243  531]
 [1243  534]
 [1243  537]
 [1244  539]
 [1245  541]
 [1247  543]
 [1250  544]
 [1253  545]
 [1257  545]
 [1262  544]
 [1266  542]
 [1269  540]
 [1272  537]
 [1274  535]
 [1275  532]
 [1276  529]
 [1277  525]
 [1276  523]
 [1275  520]
 [1273  516]
 [1270  515]
 [1266  514]
 [1263  514]
 [1259  515]
 [1255  517]
 [1252  519]
 [1250  521]
 [1248  522]]
Fuhrman 2, [[1285   44]
 [1282   44]
 [1279   46]
 [1276   48]
 [1273   51]
 [1272   54]
 [1272   58]
 [1272   61]
 [1274   64]
 [1276   66]
 [1279   69]
 [1282   71]
 [1284   73]
 [1287   75]
 [1290   76]
 [1294   77]
 [1298   78]
 [1301   78]
 [1304   76]
 [1306   75]
 [1308   73]
 [1310   71]
 [1310   67]
 [1309   62]
 [1308   58]
 [1307   54]
 [1305   51]
 [1305   49]
 [1303   47]
 [1301   46]
 [1297   44]
 [1294   44]
 [1290   44]
 [1287   44]
 [1285   44]]
Fuhrman 2, [[1019  548]
 [1018  551]
 [1017  554]
 [1017  557]
 [1018  560]
 [1021  564]
 [1023  567]
 [1026  568]
 [1030  568]
 [1039  569]
 [1042  568]
 [1046  566]
 [1049  565]
 [1051  562]
 [1054  558]
 [1055  555]
 [1055  552]
 [1054  550]
 [1053  548]
 [1051  546]
 [1048  544]
 [1045  544]
 [1040  543]
 [1036  543]
 [1031  542]
 [1027  543]
 [1024  544]
 [1021  546]
 [1020  547]
 [1019  549]]
Fuhrman 2, [[945 896]
 [944 901]
 [943 904]
 [942 907]
 [943 910]
 [943 913]
 [945 916]
 [947 918]
 [950 919]
 [953 920]
 [956 920]
 [960 919]
 [965 917]
 [969 913]
 [971 910]
 [973 907]
 [973 904]
 [972 903]
 [971 901]
 [971 898]
 [970 895]
 [969 893]
 [966 891]
 [964 889]
 [962 888]
 [960 888]
 [957 888]
 [954 888]
 [951 890]
 [949 892]
 [947 894]
 [945 896]]
Fuhrman 2, [[686 884]
 [684 886]
 [683 888]
 [683 891]
 [683 894]
 [685 897]
 [687 899]
 [689 901]
 [692 903]
 [694 905]
 [698 907]
 [701 909]
 [704 909]
 [709 909]
 [711 909]
 [714 908]
 [717 906]
 [719 903]
 [721 901]
 [721 898]
 [721 895]
 [720 889]
 [719 886]
 [717 884]
 [715 882]
 [712 880]
 [708 879]
 [703 878]
 [698 878]
 [695 879]
 [692 879]
 [689 881]
 [687 882]
 [686 884]]
Fuhrman 2, [[ 61 511]
 [ 60 517]
 [ 61 521]
 [ 64 525]
 [ 68 528]
 [ 72 532]
 [ 75 533]
 [ 79 534]
 [ 82 534]
 [ 85 533]
 [ 87 530]
 [ 89 528]
 [ 90 526]
 [ 89 521]
 [ 89 518]
 [ 89 513]
 [ 89 509]
 [ 88 506]
 [ 86 504]
 [ 84 502]
 [ 80 500]
 [ 76 499]
 [ 71 500]
 [ 67 502]
 [ 64 505]
 [ 62 508]
 [ 61 512]]
Fuhrman 2, [[383 214]
 [385 220]
 [388 226]
 [391 230]
 [394 234]
 [397 236]
 [401 237]
 [404 236]
 [408 235]
 [412 233]
 [414 230]
 [415 226]
 [415 220]
 [414 217]
 [413 213]
 [410 210]
 [408 207]
 [405 205]
 [401 203]
 [399 202]
 [396 201]
 [393 200]
 [390 202]
 [389 203]
 [387 205]
 [385 207]
 [384 209]
 [383 211]
 [383 214]]
Fuhrman 2, [[1111  971]
 [1111  975]
 [1113  978]
 [1116  982]
 [1119  984]
 [1123  986]
 [1127  987]
 [1131  988]
 [1134  988]
 [1137  987]
 [1139  986]
 [1142  985]
 [1143  984]
 [1144  982]
 [1144  978]
 [1143  974]
 [1142  970]
 [1141  966]
 [1140  963]
 [1138  960]
 [1136  959]
 [1133  957]
 [1129  957]
 [1126  958]
 [1122  960]
 [1120  961]
 [1117  963]
 [1114  966]
 [1113  968]
 [1111  971]]
Fuhrman 2, [[1225  944]
 [1221  947]
 [1218  950]
 [1216  953]
 [1215  957]
 [1214  960]
 [1215  963]
 [1216  966]
 [1217  968]
 [1219  971]
 [1223  973]
 [1226  974]
 [1231  974]
 [1236  974]
 [1241  972]
 [1244  970]
 [1248  966]
 [1252  962]
 [1256  957]
 [1257  954]
 [1257  951]
 [1255  948]
 [1253  945]
 [1251  943]
 [1248  942]
 [1244  942]
 [1241  941]
 [1238  939]
 [1235  939]
 [1232  940]
 [1228  942]
 [1226  943]
 [1224  945]]
Fuhrman 2, [[1171  736]
 [1171  739]
 [1172  743]
 [1175  747]
 [1179  750]
 [1183  752]
 [1187  754]
 [1191  755]
 [1194  755]
 [1198  755]
 [1201  754]
 [1203  752]
 [1205  749]
 [1206  747]
 [1206  744]
 [1206  740]
 [1205  737]
 [1204  734]
 [1202  731]
 [1199  729]
 [1196  728]
 [1193  726]
 [1188  724]
 [1184  724]
 [1181  724]
 [1178  725]
 [1176  727]
 [1173  729]
 [1172  732]
 [1171  734]
 [1171  736]]
Fuhrman 2, [[941 703]
 [937 706]
 [936 709]
 [935 712]
 [936 716]
 [937 718]
 [939 720]
 [943 721]
 [947 723]
 [953 723]
 [957 724]
 [962 723]
 [966 721]
 [968 719]
 [969 715]
 [970 710]
 [969 707]
 [968 704]
 [965 701]
 [962 699]
 [959 698]
 [954 697]
 [949 699]
 [945 701]
 [942 703]
 [941 703]]
Fuhrman 2, [[554 357]
 [550 359]
 [548 363]
 [548 367]
 [548 371]
 [550 374]
 [552 377]
 [555 380]
 [560 381]
 [563 382]
 [569 381]
 [573 380]
 [576 377]
 [578 374]
 [577 371]
 [577 368]
 [578 366]
 [580 364]
 [580 362]
 [577 359]
 [573 356]
 [569 355]
 [566 354]
 [562 355]
 [557 356]
 [553 358]]
