Fuhrman 2, [[ 43 489]
 [ 46 488]
 [ 49 486]
 [ 52 482]
 [ 53 479]
 [ 54 476]
 [ 55 473]
 [ 55 470]
 [ 54 467]
 [ 52 464]
 [ 49 462]
 [ 46 461]
 [ 44 461]
 [ 40 462]
 [ 36 464]
 [ 32 466]
 [ 30 470]
 [ 28 473]
 [ 28 476]
 [ 27 479]
 [ 27 482]
 [ 28 484]
 [ 29 487]
 [ 31 489]
 [ 33 490]
 [ 36 491]
 [ 39 491]
 [ 41 490]
 [ 44 489]]
Fuhrman 2, [[ 78 574]
 [ 80 573]
 [ 83 570]
 [ 84 567]
 [ 85 563]
 [ 85 559]
 [ 84 555]
 [ 81 552]
 [ 80 552]
 [ 78 552]
 [ 76 551]
 [ 74 550]
 [ 72 550]
 [ 69 551]
 [ 66 552]
 [ 63 553]
 [ 61 554]
 [ 58 557]
 [ 57 560]
 [ 56 563]
 [ 56 565]
 [ 57 568]
 [ 59 571]
 [ 61 573]
 [ 64 574]
 [ 68 574]
 [ 71 575]
 [ 73 575]
 [ 75 575]
 [ 78 575]
 [ 78 574]]
Fuhrman 2, [[759 611]
 [761 610]
 [764 609]
 [766 607]
 [767 605]
 [768 604]
 [768 601]
 [768 598]
 [768 596]
 [767 594]
 [764 591]
 [762 590]
 [759 589]
 [756 589]
 [751 589]
 [748 590]
 [744 592]
 [742 593]
 [740 595]
 [738 597]
 [736 600]
 [735 603]
 [735 605]
 [735 607]
 [736 610]
 [737 611]
 [739 612]
 [742 613]
 [745 614]
 [750 614]
 [752 613]
 [755 613]
 [758 612]
 [759 611]]
Fuhrman 2, [[1320  736]
 [1318  738]
 [1316  740]
 [1315  743]
 [1314  745]
 [1314  748]
 [1314  751]
 [1315  753]
 [1316  756]
 [1317  758]
 [1319  760]
 [1321  761]
 [1323  762]
 [1325  762]
 [1327  762]
 [1330  761]
 [1332  760]
 [1333  756]
 [1334  752]
 [1335  752]
 [1335  749]
 [1334  747]
 [1332  745]
 [1333  743]
 [1332  740]
 [1331  738]
 [1329  736]
 [1327  736]
 [1325  736]
 [1323  735]
 [1321  736]
 [1320  736]]
Fuhrman 2, [[1147  392]
 [1145  394]
 [1144  396]
 [1143  399]
 [1143  401]
 [1142  404]
 [1143  406]
 [1144  408]
 [1146  411]
 [1147  413]
 [1149  415]
 [1151  416]
 [1152  417]
 [1154  417]
 [1155  417]
 [1157  416]
 [1159  415]
 [1160  413]
 [1161  411]
 [1162  409]
 [1162  406]
 [1162  404]
 [1162  400]
 [1161  398]
 [1160  396]
 [1159  393]
 [1157  391]
 [1155  390]
 [1153  389]
 [1151  389]
 [1149  390]
 [1148  392]
 [1147  393]]
Fuhrman 2, [[176 674]
 [172 676]
 [170 676]
 [168 677]
 [167 679]
 [165 679]
 [162 681]
 [161 682]
 [160 683]
 [159 685]
 [159 688]
 [159 689]
 [161 692]
 [164 694]
 [166 696]
 [170 696]
 [172 697]
 [174 699]
 [176 699]
 [179 698]
 [181 696]
 [183 695]
 [184 694]
 [186 692]
 [188 691]
 [190 690]
 [192 689]
 [194 687]
 [194 685]
 [194 683]
 [193 681]
 [191 680]
 [189 679]
 [188 678]
 [187 676]
 [184 674]
 [182 673]
 [179 673]
 [177 673]
 [175 674]]
Fuhrman 2, [[186 442]
 [188 441]
 [190 439]
 [189 434]
 [187 430]
 [185 426]
 [182 423]
 [180 421]
 [177 419]
 [174 418]
 [170 418]
 [166 419]
 [164 420]
 [162 422]
 [162 425]
 [162 427]
 [163 429]
 [165 431]
 [167 432]
 [169 434]
 [170 436]
 [172 437]
 [174 440]
 [175 441]
 [177 443]
 [178 443]
 [180 443]
 [182 443]
 [184 443]
 [186 443]
 [186 442]]
Fuhrman 2, [[257 521]
 [255 523]
 [255 525]
 [255 526]
 [255 528]
 [254 529]
 [254 532]
 [255 535]
 [256 537]
 [259 539]
 [261 540]
 [264 541]
 [268 541]
 [272 541]
 [275 541]
 [278 540]
 [280 538]
 [282 536]
 [283 532]
 [283 529]
 [283 527]
 [282 525]
 [281 523]
 [279 521]
 [277 519]
 [275 517]
 [273 516]
 [271 515]
 [268 515]
 [265 516]
 [261 518]
 [259 519]
 [258 520]
 [257 522]]
Fuhrman 2, [[1026  303]
 [1024  304]
 [1023  305]
 [1022  307]
 [1022  309]
 [1022  312]
 [1023  314]
 [1024  315]
 [1027  316]
 [1032  316]
 [1035  316]
 [1039  315]
 [1041  316]
 [1044  316]
 [1047  315]
 [1049  313]
 [1051  312]
 [1053  311]
 [1055  311]
 [1057  309]
 [1057  305]
 [1056  304]
 [1055  302]
 [1053  300]
 [1050  299]
 [1046  299]
 [1042  298]
 [1038  299]
 [1034  299]
 [1031  300]
 [1029  302]
 [1026  303]]
Fuhrman 2, [[1251  745]
 [1248  747]
 [1247  750]
 [1246  753]
 [1246  757]
 [1246  760]
 [1247  762]
 [1249  764]
 [1251  764]
 [1256  764]
 [1261  764]
 [1265  763]
 [1269  761]
 [1272  760]
 [1276  758]
 [1278  756]
 [1280  753]
 [1281  749]
 [1281  746]
 [1282  743]
 [1281  738]
 [1278  736]
 [1275  735]
 [1272  735]
 [1268  735]
 [1263  737]
 [1259  738]
 [1256  740]
 [1254  742]
 [1252  744]
 [1251  745]]
Fuhrman 2, [[720 172]
 [719 174]
 [719 177]
 [720 179]
 [722 182]
 [725 183]
 [728 185]
 [731 185]
 [734 185]
 [737 184]
 [739 183]
 [741 181]
 [742 178]
 [742 175]
 [741 172]
 [740 169]
 [739 168]
 [737 167]
 [735 166]
 [733 166]
 [731 166]
 [728 166]
 [726 168]
 [725 169]
 [724 170]
 [723 171]
 [722 171]
 [721 171]
 [720 172]]
Fuhrman 2, [[633 133]
 [630 135]
 [629 138]
 [629 140]
 [630 143]
 [632 145]
 [634 148]
 [638 151]
 [642 151]
 [646 151]
 [650 150]
 [653 148]
 [655 145]
 [655 143]
 [655 140]
 [653 136]
 [651 134]
 [648 132]
 [644 131]
 [640 130]
 [636 131]
 [634 132]
 [633 133]]
Fuhrman 2, [[157 244]
 [154 246]
 [152 247]
 [151 249]
 [150 252]
 [150 255]
 [150 258]
 [151 261]
 [151 265]
 [152 268]
 [153 270]
 [155 271]
 [155 273]
 [156 275]
 [158 277]
 [159 277]
 [162 277]
 [164 275]
 [166 274]
 [170 272]
 [171 271]
 [173 270]
 [175 267]
 [176 266]
 [177 264]
 [177 261]
 [177 258]
 [179 256]
 [180 254]
 [180 251]
 [179 249]
 [178 247]
 [176 247]
 [175 246]
 [173 244]
 [171 242]
 [169 241]
 [167 241]
 [165 241]
 [162 242]
 [159 242]
 [158 243]
 [156 244]]
Fuhrman 2, [[497 604]
 [495 607]
 [493 609]
 [490 613]
 [489 616]
 [488 621]
 [488 624]
 [489 629]
 [490 632]
 [492 636]
 [495 640]
 [498 643]
 [501 644]
 [505 644]
 [509 642]
 [513 639]
 [516 636]
 [517 633]
 [518 629]
 [517 622]
 [517 618]
 [515 613]
 [513 610]
 [511 608]
 [508 606]
 [505 604]
 [503 603]
 [500 603]
 [497 604]]
Fuhrman 2, [[1274  931]
 [1271  930]
 [1268  929]
 [1266  931]
 [1264  934]
 [1264  937]
 [1264  940]
 [1264  943]
 [1264  944]
 [1263  947]
 [1262  951]
 [1262  955]
 [1264  959]
 [1265  961]
 [1267  961]
 [1270  961]
 [1273  960]
 [1276  959]
 [1279  957]
 [1281  956]
 [1282  953]
 [1283  949]
 [1283  945]
 [1283  942]
 [1282  939]
 [1280  936]
 [1280  934]
 [1279  933]
 [1277  933]
 [1275  932]
 [1274  931]]
Fuhrman 2, [[1124  209]
 [1121  212]
 [1120  215]
 [1120  219]
 [1121  224]
 [1121  227]
 [1123  229]
 [1125  230]
 [1127  231]
 [1130  232]
 [1132  231]
 [1134  230]
 [1136  228]
 [1138  226]
 [1140  224]
 [1140  222]
 [1140  219]
 [1140  217]
 [1140  214]
 [1139  211]
 [1138  208]
 [1137  206]
 [1136  205]
 [1134  205]
 [1130  205]
 [1127  206]
 [1125  208]
 [1123  209]]
Fuhrman 2, [[1030   88]
 [1027   90]
 [1025   92]
 [1023   95]
 [1022   98]
 [1022  100]
 [1023  104]
 [1024  107]
 [1027  109]
 [1031  110]
 [1035  111]
 [1039  110]
 [1044  108]
 [1046  106]
 [1047  103]
 [1047   99]
 [1047   95]
 [1045   92]
 [1044   89]
 [1040   87]
 [1037   87]
 [1033   87]
 [1030   88]]
Fuhrman 2, [[884 365]
 [881 366]
 [878 367]
 [876 370]
 [875 373]
 [874 377]
 [875 381]
 [876 385]
 [878 387]
 [881 389]
 [884 391]
 [888 392]
 [892 392]
 [895 391]
 [898 389]
 [900 388]
 [902 385]
 [903 382]
 [903 379]
 [903 375]
 [902 371]
 [901 368]
 [899 366]
 [897 365]
 [895 364]
 [892 364]
 [888 364]
 [885 364]
 [884 365]]
Fuhrman 2, [[1604  647]
 [1600  649]
 [1595  654]
 [1593  658]
 [1591  662]
 [1590  666]
 [1590  670]
 [1592  673]
 [1595  676]
 [1599  678]
 [1603  680]
 [1607  681]
 [1610  681]
 [1614  680]
 [1617  678]
 [1619  675]
 [1620  670]
 [1621  665]
 [1620  658]
 [1619  655]
 [1619  652]
 [1618  650]
 [1616  649]
 [1616  649]
 [1613  649]
 [1612  647]
 [1610  647]
 [1609  646]
 [1608  646]
 [1606  646]
 [1604  647]]
Fuhrman 2, [[1663  254]
 [1661  257]
 [1661  259]
 [1660  260]
 [1659  262]
 [1659  264]
 [1659  266]
 [1660  268]
 [1661  270]
 [1662  272]
 [1663  274]
 [1665  275]
 [1666  275]
 [1667  275]
 [1669  276]
 [1670  277]
 [1673  276]
 [1674  275]
 [1675  273]
 [1675  271]
 [1675  268]
 [1675  265]
 [1676  263]
 [1677  260]
 [1678  258]
 [1679  256]
 [1678  254]
 [1677  252]
 [1676  251]
 [1674  250]
 [1672  250]
 [1669  250]
 [1666  251]
 [1665  252]
 [1664  253]
 [1663  255]]
