Fuhrman 2, [[1667  406]
 [1664  405]
 [1661  406]
 [1658  407]
 [1657  409]
 [1656  412]
 [1656  414]
 [1656  418]
 [1656  421]
 [1657  425]
 [1659  429]
 [1661  432]
 [1663  434]
 [1665  436]
 [1667  437]
 [1669  437]
 [1671  438]
 [1673  439]
 [1675  439]
 [1678  439]
 [1681  438]
 [1683  437]
 [1685  436]
 [1687  434]
 [1689  433]
 [1689  431]
 [1689  429]
 [1690  426]
 [1690  423]
 [1690  419]
 [1690  415]
 [1689  413]
 [1687  411]
 [1684  408]
 [1682  407]
 [1680  406]
 [1677  405]
 [1675  405]
 [1674  404]
 [1672  404]
 [1671  405]
 [1669  405]
 [1669  406]
 [1667  406]]
Fuhrman 2, [[1496  653]
 [1492  654]
 [1490  655]
 [1487  656]
 [1485  658]
 [1484  661]
 [1482  664]
 [1482  666]
 [1482  669]
 [1482  672]
 [1484  673]
 [1485  674]
 [1487  677]
 [1489  679]
 [1490  680]
 [1491  681]
 [1493  683]
 [1495  683]
 [1498  682]
 [1499  683]
 [1501  684]
 [1503  684]
 [1505  683]
 [1506  681]
 [1508  680]
 [1511  679]
 [1512  677]
 [1513  672]
 [1513  668]
 [1512  664]
 [1510  660]
 [1508  658]
 [1506  656]
 [1504  654]
 [1502  653]
 [1499  653]
 [1496  653]]
Fuhrman 2, [[1555  609]
 [1554  611]
 [1554  612]
 [1553  613]
 [1552  615]
 [1552  618]
 [1552  621]
 [1554  624]
 [1554  625]
 [1555  627]
 [1556  628]
 [1555  630]
 [1555  632]
 [1556  633]
 [1557  634]
 [1558  633]
 [1560  634]
 [1563  634]
 [1566  634]
 [1568  634]
 [1570  633]
 [1572  633]
 [1573  631]
 [1575  631]
 [1576  630]
 [1578  629]
 [1579  627]
 [1580  623]
 [1581  620]
 [1580  616]
 [1580  613]
 [1579  611]
 [1578  610]
 [1576  608]
 [1575  607]
 [1573  606]
 [1570  606]
 [1567  605]
 [1564  605]
 [1562  605]
 [1559  606]
 [1557  607]
 [1556  608]
 [1555  609]]
Fuhrman 2, [[709 920]
 [709 917]
 [709 913]
 [709 908]
 [708 905]
 [707 903]
 [705 901]
 [701 900]
 [697 900]
 [695 900]
 [693 900]
 [690 901]
 [688 903]
 [686 906]
 [685 908]
 [684 911]
 [682 914]
 [681 917]
 [682 920]
 [682 924]
 [684 927]
 [686 929]
 [689 930]
 [693 931]
 [697 931]
 [702 929]
 [705 928]
 [707 926]
 [708 924]
 [708 922]
 [709 920]]
Fuhrman 2, [[ 809 1000]
 [ 807 1002]
 [ 806 1004]
 [ 805 1006]
 [ 804 1008]
 [ 805 1010]
 [ 806 1012]
 [ 807 1015]
 [ 809 1018]
 [ 811 1020]
 [ 813 1021]
 [ 816 1022]
 [ 820 1022]
 [ 824 1023]
 [ 826 1023]
 [ 828 1022]
 [ 831 1022]
 [ 832 1021]
 [ 834 1019]
 [ 835 1016]
 [ 836 1013]
 [ 836 1010]
 [ 836 1008]
 [ 835 1005]
 [ 834 1003]
 [ 831 1001]
 [ 828  999]
 [ 826  999]
 [ 823  998]
 [ 820  998]
 [ 818  998]
 [ 817  997]
 [ 815  997]
 [ 813  998]
 [ 811  998]
 [ 810 1000]
 [ 809 1000]]
Fuhrman 2, [[ 898  994]
 [ 896  995]
 [ 894  996]
 [ 892  998]
 [ 891 1000]
 [ 891 1003]
 [ 891 1005]
 [ 891 1007]
 [ 891 1010]
 [ 891 1012]
 [ 891 1015]
 [ 892 1016]
 [ 894 1018]
 [ 896 1019]
 [ 898 1020]
 [ 901 1021]
 [ 904 1021]
 [ 907 1021]
 [ 909 1020]
 [ 911 1020]
 [ 913 1019]
 [ 915 1017]
 [ 916 1015]
 [ 916 1013]
 [ 917 1010]
 [ 917 1007]
 [ 917 1004]
 [ 917 1002]
 [ 916 1000]
 [ 914  998]
 [ 912  997]
 [ 911  995]
 [ 910  993]
 [ 908  992]
 [ 906  992]
 [ 904  993]
 [ 903  993]
 [ 900  993]
 [ 899  994]
 [ 898  994]]
Fuhrman 2, [[1247  785]
 [1244  786]
 [1242  788]
 [1241  790]
 [1240  792]
 [1239  794]
 [1238  797]
 [1238  800]
 [1238  802]
 [1238  806]
 [1238  809]
 [1238  812]
 [1238  815]
 [1239  816]
 [1239  818]
 [1240  819]
 [1241  820]
 [1243  820]
 [1244  820]
 [1245  819]
 [1247  817]
 [1249  815]
 [1252  812]
 [1254  810]
 [1256  808]
 [1257  805]
 [1258  802]
 [1258  799]
 [1258  795]
 [1258  792]
 [1256  789]
 [1255  788]
 [1253  787]
 [1252  786]
 [1250  785]
 [1248  785]
 [1247  785]]
Fuhrman 2, [[1336  844]
 [1334  845]
 [1332  847]
 [1332  848]
 [1332  850]
 [1331  852]
 [1330  853]
 [1330  855]
 [1330  857]
 [1330  859]
 [1331  862]
 [1333  864]
 [1335  865]
 [1337  867]
 [1339  869]
 [1340  870]
 [1342  871]
 [1345  871]
 [1349  870]
 [1350  870]
 [1352  869]
 [1353  867]
 [1355  864]
 [1355  862]
 [1355  859]
 [1356  857]
 [1356  856]
 [1355  855]
 [1354  854]
 [1353  854]
 [1353  852]
 [1353  850]
 [1352  849]
 [1351  848]
 [1350  847]
 [1349  846]
 [1347  845]
 [1345  844]
 [1344  844]
 [1342  844]
 [1340  844]
 [1338  844]
 [1336  844]]
Fuhrman 2, [[1390  870]
 [1387  872]
 [1385  874]
 [1384  876]
 [1383  880]
 [1383  883]
 [1384  887]
 [1386  889]
 [1388  891]
 [1392  893]
 [1394  894]
 [1398  894]
 [1401  893]
 [1403  892]
 [1405  890]
 [1407  888]
 [1408  886]
 [1410  884]
 [1410  881]
 [1410  878]
 [1410  874]
 [1408  872]
 [1407  869]
 [1405  867]
 [1402  866]
 [1399  867]
 [1396  867]
 [1394  868]
 [1391  869]
 [1390  870]]
Fuhrman 2, [[1376  962]
 [1376  960]
 [1376  957]
 [1375  955]
 [1373  954]
 [1372  953]
 [1369  952]
 [1368  953]
 [1366  954]
 [1365  955]
 [1364  955]
 [1361  955]
 [1360  955]
 [1358  956]
 [1356  958]
 [1355  959]
 [1353  961]
 [1353  963]
 [1353  967]
 [1354  968]
 [1356  971]
 [1358  973]
 [1360  974]
 [1362  975]
 [1364  975]
 [1366  975]
 [1368  976]
 [1369  977]
 [1371  977]
 [1373  976]
 [1375  976]
 [1376  976]
 [1378  977]
 [1379  976]
 [1380  975]
 [1381  974]
 [1381  972]
 [1381  970]
 [1380  968]
 [1379  966]
 [1378  965]
 [1376  964]
 [1376  963]
 [1376  962]
 [1376  962]]
Fuhrman 2, [[1639 1006]
 [1640 1003]
 [1640  999]
 [1640  995]
 [1638  991]
 [1637  988]
 [1635  985]
 [1631  984]
 [1628  984]
 [1624  984]
 [1621  987]
 [1619  989]
 [1618  991]
 [1617  994]
 [1617  997]
 [1617 1000]
 [1617 1003]
 [1619 1006]
 [1620 1008]
 [1622 1008]
 [1624 1008]
 [1625 1010]
 [1626 1011]
 [1629 1013]
 [1631 1013]
 [1633 1012]
 [1635 1011]
 [1637 1009]
 [1638 1007]
 [1639 1006]]
Fuhrman 2, [[1716  917]
 [1713  918]
 [1711  920]
 [1711  923]
 [1710  924]
 [1709  925]
 [1707  926]
 [1706  928]
 [1705  931]
 [1705  934]
 [1705  934]
 [1706  935]
 [1707  936]
 [1707  937]
 [1708  940]
 [1709  943]
 [1711  945]
 [1714  946]
 [1716  946]
 [1719  946]
 [1721  946]
 [1724  947]
 [1727  946]
 [1728  945]
 [1730  942]
 [1730  939]
 [1731  935]
 [1731  931]
 [1730  928]
 [1728  926]
 [1727  924]
 [1727  922]
 [1726  919]
 [1724  918]
 [1721  917]
 [1719  917]
 [1717  917]
 [1716  917]]
Fuhrman 2, [[1203  537]
 [1200  538]
 [1198  539]
 [1196  541]
 [1195  544]
 [1194  546]
 [1194  549]
 [1194  553]
 [1195  555]
 [1197  558]
 [1198  560]
 [1200  563]
 [1201  563]
 [1203  564]
 [1206  564]
 [1208  564]
 [1211  563]
 [1213  563]
 [1216  562]
 [1219  561]
 [1221  559]
 [1222  557]
 [1223  554]
 [1223  551]
 [1222  548]
 [1221  546]
 [1219  544]
 [1218  542]
 [1216  540]
 [1215  539]
 [1214  538]
 [1212  537]
 [1209  536]
 [1206  536]
 [1204  537]
 [1203  537]]
Fuhrman 2, [[1345  658]
 [1343  660]
 [1343  662]
 [1342  665]
 [1342  668]
 [1342  672]
 [1343  675]
 [1345  677]
 [1347  679]
 [1348  678]
 [1350  678]
 [1351  679]
 [1353  680]
 [1355  681]
 [1357  680]
 [1359  679]
 [1361  678]
 [1363  677]
 [1364  676]
 [1365  673]
 [1365  670]
 [1365  666]
 [1363  662]
 [1362  659]
 [1360  658]
 [1358  657]
 [1356  656]
 [1353  656]
 [1350  656]
 [1347  657]
 [1346  657]
 [1344  658]]
Fuhrman 2, [[407 563]
 [406 564]
 [405 565]
 [403 565]
 [401 566]
 [400 568]
 [400 569]
 [400 571]
 [399 573]
 [398 574]
 [397 576]
 [395 579]
 [395 582]
 [395 583]
 [395 585]
 [396 587]
 [397 590]
 [399 591]
 [401 592]
 [403 593]
 [404 594]
 [406 595]
 [408 595]
 [410 594]
 [412 593]
 [414 591]
 [415 589]
 [416 587]
 [416 585]
 [418 583]
 [419 581]
 [420 580]
 [420 578]
 [420 576]
 [419 573]
 [419 572]
 [417 570]
 [416 569]
 [416 567]
 [416 565]
 [415 563]
 [413 563]
 [412 562]
 [410 562]
 [408 562]
 [407 563]]
Fuhrman 2, [[ 60 526]
 [ 58 528]
 [ 57 528]
 [ 56 530]
 [ 55 532]
 [ 54 534]
 [ 54 536]
 [ 55 538]
 [ 56 539]
 [ 56 542]
 [ 55 544]
 [ 56 546]
 [ 56 548]
 [ 56 550]
 [ 58 551]
 [ 59 551]
 [ 61 551]
 [ 63 552]
 [ 64 553]
 [ 65 553]
 [ 67 553]
 [ 70 553]
 [ 72 552]
 [ 74 551]
 [ 75 550]
 [ 76 549]
 [ 78 548]
 [ 79 548]
 [ 79 546]
 [ 79 544]
 [ 79 542]
 [ 78 539]
 [ 77 535]
 [ 77 529]
 [ 75 527]
 [ 74 526]
 [ 72 525]
 [ 69 525]
 [ 67 525]
 [ 65 525]
 [ 62 525]
 [ 61 526]
 [ 60 526]]
Fuhrman 2, [[260 578]
 [257 579]
 [255 580]
 [254 581]
 [252 582]
 [252 583]
 [252 584]
 [251 585]
 [250 587]
 [249 589]
 [249 591]
 [249 593]
 [250 595]
 [250 597]
 [251 598]
 [252 599]
 [252 600]
 [254 602]
 [255 604]
 [257 605]
 [259 606]
 [262 606]
 [263 606]
 [265 605]
 [267 606]
 [268 605]
 [270 604]
 [271 602]
 [272 600]
 [273 600]
 [276 600]
 [276 599]
 [276 597]
 [277 595]
 [278 593]
 [279 591]
 [279 588]
 [278 586]
 [277 583]
 [275 581]
 [273 580]
 [271 580]
 [270 580]
 [269 579]
 [268 578]
 [267 577]
 [265 577]
 [264 577]
 [262 577]
 [261 577]
 [260 578]]
Fuhrman 2, [[582 740]
 [583 739]
 [585 736]
 [586 735]
 [587 733]
 [588 731]
 [587 727]
 [586 725]
 [583 721]
 [582 719]
 [579 717]
 [577 715]
 [574 714]
 [571 714]
 [567 715]
 [565 717]
 [562 719]
 [562 720]
 [560 722]
 [558 724]
 [558 726]
 [557 729]
 [558 732]
 [558 734]
 [560 737]
 [562 740]
 [564 741]
 [566 742]
 [569 742]
 [572 742]
 [575 742]
 [578 742]
 [579 741]
 [581 741]
 [582 740]]
Fuhrman 2, [[633 780]
 [635 781]
 [637 781]
 [638 782]
 [640 782]
 [643 781]
 [645 779]
 [646 778]
 [647 777]
 [648 777]
 [650 776]
 [651 776]
 [652 775]
 [653 774]
 [653 773]
 [652 770]
 [651 769]
 [650 767]
 [649 765]
 [648 763]
 [647 762]
 [646 760]
 [644 759]
 [643 758]
 [641 756]
 [638 755]
 [636 754]
 [633 754]
 [631 755]
 [630 757]
 [629 758]
 [627 758]
 [626 759]
 [625 761]
 [624 763]
 [624 765]
 [623 767]
 [623 769]
 [623 772]
 [624 773]
 [624 774]
 [625 775]
 [627 776]
 [628 776]
 [629 777]
 [629 777]
 [630 778]
 [631 779]
 [632 780]
 [633 780]]
Fuhrman 2, [[1123  887]
 [1121  889]
 [1120  891]
 [1119  892]
 [1118  893]
 [1117  895]
 [1116  897]
 [1116  899]
 [1117  901]
 [1118  902]
 [1120  903]
 [1121  903]
 [1122  905]
 [1123  906]
 [1125  906]
 [1126  907]
 [1128  907]
 [1130  907]
 [1131  908]
 [1132  910]
 [1134  910]
 [1136  910]
 [1137  910]
 [1139  909]
 [1139  907]
 [1140  906]
 [1141  906]
 [1142  904]
 [1142  902]
 [1142  899]
 [1141  896]
 [1140  893]
 [1139  891]
 [1138  889]
 [1137  887]
 [1135  886]
 [1132  885]
 [1130  885]
 [1127  885]
 [1125  886]
 [1124  886]
 [1123  887]]
