Fuhrman 2, [[410 498]
 [414 494]
 [417 491]
 [417 490]
 [417 488]
 [417 484]
 [417 480]
 [414 477]
 [412 474]
 [411 473]
 [409 472]
 [407 471]
 [404 471]
 [402 471]
 [399 472]
 [397 473]
 [395 474]
 [393 475]
 [391 477]
 [390 480]
 [389 482]
 [389 484]
 [389 487]
 [389 489]
 [390 490]
 [391 491]
 [392 493]
 [392 495]
 [393 496]
 [394 497]
 [396 498]
 [397 498]
 [398 499]
 [400 501]
 [402 501]
 [405 501]
 [406 501]
 [408 500]
 [409 499]
 [410 498]]
Fuhrman 2, [[351 355]
 [353 353]
 [354 349]
 [354 344]
 [354 341]
 [352 339]
 [350 336]
 [349 335]
 [346 335]
 [344 334]
 [341 334]
 [338 334]
 [335 335]
 [333 336]
 [330 339]
 [329 341]
 [328 343]
 [328 345]
 [328 348]
 [329 350]
 [331 352]
 [333 353]
 [334 354]
 [336 354]
 [337 357]
 [338 357]
 [341 358]
 [345 357]
 [347 356]
 [350 356]
 [352 355]]
Fuhrman 2, [[524 401]
 [524 404]
 [526 408]
 [529 411]
 [532 413]
 [535 414]
 [537 414]
 [538 414]
 [539 414]
 [541 415]
 [543 415]
 [545 414]
 [548 413]
 [549 411]
 [550 410]
 [552 408]
 [553 407]
 [553 405]
 [553 402]
 [554 399]
 [553 396]
 [552 394]
 [551 391]
 [549 390]
 [547 388]
 [544 387]
 [542 386]
 [540 386]
 [538 385]
 [536 385]
 [532 386]
 [530 388]
 [528 389]
 [526 392]
 [525 394]
 [524 396]
 [524 398]
 [524 399]
 [524 401]]
Fuhrman 2, [[133 276]
 [138 277]
 [141 277]
 [143 278]
 [145 279]
 [149 278]
 [152 277]
 [155 274]
 [157 270]
 [158 266]
 [159 263]
 [158 258]
 [157 254]
 [154 251]
 [152 250]
 [149 249]
 [144 251]
 [141 252]
 [138 253]
 [134 254]
 [131 257]
 [130 259]
 [129 261]
 [128 264]
 [127 267]
 [128 269]
 [129 272]
 [130 274]
 [132 275]
 [133 276]]
Fuhrman 2, [[288  66]
 [285  68]
 [284  71]
 [284  73]
 [283  76]
 [283  78]
 [283  81]
 [284  83]
 [286  86]
 [288  88]
 [290  90]
 [292  90]
 [294  89]
 [297  89]
 [302  89]
 [307  89]
 [311  87]
 [313  84]
 [315  80]
 [315  76]
 [314  72]
 [313  70]
 [311  68]
 [309  66]
 [307  64]
 [304  63]
 [300  63]
 [296  64]
 [292  64]
 [290  65]
 [289  66]
 [288  66]]
Fuhrman 2, [[317 855]
 [315 858]
 [314 860]
 [314 862]
 [314 865]
 [314 869]
 [315 872]
 [317 875]
 [320 877]
 [324 879]
 [327 880]
 [331 880]
 [334 879]
 [339 878]
 [342 876]
 [345 872]
 [345 868]
 [345 864]
 [344 861]
 [341 858]
 [338 856]
 [335 854]
 [331 852]
 [326 852]
 [323 852]
 [320 854]
 [317 856]]
Fuhrman 2, [[284 929]
 [283 932]
 [283 935]
 [283 939]
 [284 943]
 [285 946]
 [289 948]
 [293 949]
 [296 949]
 [301 949]
 [305 947]
 [308 944]
 [309 940]
 [310 936]
 [310 933]
 [310 930]
 [309 928]
 [306 926]
 [302 924]
 [298 924]
 [294 924]
 [291 924]
 [288 926]
 [285 927]
 [284 929]]
Fuhrman 2, [[274 958]
 [272 960]
 [272 963]
 [272 967]
 [273 968]
 [274 971]
 [275 973]
 [278 974]
 [282 976]
 [285 976]
 [288 976]
 [292 976]
 [295 974]
 [298 972]
 [300 970]
 [301 968]
 [303 964]
 [303 959]
 [302 956]
 [299 954]
 [295 952]
 [293 951]
 [289 951]
 [285 952]
 [282 953]
 [279 954]
 [277 956]
 [275 957]
 [274 958]]
Fuhrman 2, [[620 680]
 [619 684]
 [619 688]
 [620 691]
 [622 693]
 [624 696]
 [626 696]
 [627 699]
 [629 700]
 [633 702]
 [637 701]
 [642 700]
 [644 698]
 [645 694]
 [647 693]
 [649 690]
 [648 685]
 [646 684]
 [645 681]
 [645 679]
 [642 676]
 [639 674]
 [636 673]
 [633 673]
 [629 673]
 [625 674]
 [623 677]
 [622 679]
 [620 681]]
Fuhrman 2, [[1026  288]
 [1029  285]
 [1030  282]
 [1029  277]
 [1029  273]
 [1027  270]
 [1024  267]
 [1021  265]
 [1019  264]
 [1015  263]
 [1012  264]
 [1009  265]
 [1005  268]
 [1002  270]
 [1000  274]
 [ 999  276]
 [ 999  280]
 [ 999  283]
 [1000  285]
 [1001  287]
 [1004  289]
 [1006  291]
 [1009  293]
 [1012  294]
 [1015  294]
 [1019  294]
 [1021  294]
 [1023  292]
 [1025  290]
 [1026  288]]
Fuhrman 2, [[1087  340]
 [1086  341]
 [1085  344]
 [1085  346]
 [1085  350]
 [1086  352]
 [1088  355]
 [1090  357]
 [1092  359]
 [1095  360]
 [1097  360]
 [1100  360]
 [1102  360]
 [1104  359]
 [1105  357]
 [1108  355]
 [1109  354]
 [1109  352]
 [1109  350]
 [1109  348]
 [1111  347]
 [1112  346]
 [1112  343]
 [1111  341]
 [1110  339]
 [1108  337]
 [1106  336]
 [1103  334]
 [1100  333]
 [1097  334]
 [1094  334]
 [1092  335]
 [1090  336]
 [1088  337]
 [1087  339]
 [1087  340]]
Fuhrman 2, [[1191  565]
 [1193  563]
 [1194  561]
 [1194  558]
 [1194  555]
 [1193  553]
 [1191  550]
 [1190  548]
 [1189  546]
 [1185  543]
 [1181  542]
 [1176  541]
 [1174  541]
 [1171  541]
 [1168  543]
 [1166  544]
 [1164  545]
 [1162  547]
 [1161  549]
 [1161  552]
 [1161  555]
 [1162  557]
 [1163  559]
 [1164  560]
 [1166  562]
 [1166  564]
 [1167  567]
 [1169  569]
 [1172  570]
 [1175  571]
 [1177  570]
 [1179  570]
 [1180  570]
 [1182  570]
 [1185  570]
 [1188  569]
 [1190  568]
 [1191  567]
 [1191  566]
 [1191  565]]
Fuhrman 2, [[1255  579]
 [1253  582]
 [1252  583]
 [1251  586]
 [1251  589]
 [1251  591]
 [1252  594]
 [1253  597]
 [1255  601]
 [1258  604]
 [1260  606]
 [1263  607]
 [1267  607]
 [1270  607]
 [1273  606]
 [1275  605]
 [1277  604]
 [1280  602]
 [1281  599]
 [1282  596]
 [1282  592]
 [1282  589]
 [1281  586]
 [1279  583]
 [1277  581]
 [1275  579]
 [1272  578]
 [1269  576]
 [1266  576]
 [1263  576]
 [1260  576]
 [1257  578]
 [1256  579]
 [1255  579]]
Fuhrman 2, [[1666  637]
 [1668  635]
 [1670  633]
 [1670  632]
 [1670  630]
 [1671  629]
 [1673  628]
 [1673  625]
 [1672  622]
 [1670  620]
 [1668  618]
 [1668  617]
 [1666  616]
 [1664  616]
 [1661  615]
 [1656  615]
 [1654  616]
 [1651  616]
 [1648  618]
 [1646  619]
 [1644  621]
 [1643  624]
 [1642  627]
 [1642  630]
 [1643  632]
 [1644  635]
 [1646  637]
 [1647  638]
 [1649  640]
 [1652  640]
 [1655  640]
 [1658  640]
 [1661  640]
 [1661  639]
 [1663  638]
 [1665  638]
 [1666  637]]
Fuhrman 2, [[1678  690]
 [1676  692]
 [1673  692]
 [1672  694]
 [1670  695]
 [1669  697]
 [1669  700]
 [1668  702]
 [1668  706]
 [1669  708]
 [1669  710]
 [1671  711]
 [1672  713]
 [1674  714]
 [1675  715]
 [1677  717]
 [1679  718]
 [1681  719]
 [1684  719]
 [1688  719]
 [1691  718]
 [1692  717]
 [1693  717]
 [1695  717]
 [1697  716]
 [1699  713]
 [1700  712]
 [1700  710]
 [1701  708]
 [1702  707]
 [1701  704]
 [1700  701]
 [1698  698]
 [1695  695]
 [1692  692]
 [1689  692]
 [1686  691]
 [1683  690]
 [1682  691]
 [1681  691]
 [1680  691]
 [1678  690]
 [1678  690]]
Fuhrman 2, [[1816  870]
 [1818  871]
 [1819  871]
 [1821  871]
 [1823  872]
 [1825  872]
 [1828  872]
 [1830  871]
 [1832  869]
 [1834  867]
 [1834  865]
 [1834  861]
 [1834  857]
 [1833  854]
 [1833  852]
 [1832  850]
 [1830  850]
 [1829  849]
 [1827  849]
 [1825  848]
 [1823  848]
 [1822  847]
 [1820  845]
 [1818  845]
 [1816  845]
 [1813  846]
 [1812  847]
 [1811  848]
 [1809  849]
 [1807  850]
 [1807  853]
 [1806  854]
 [1806  856]
 [1806  859]
 [1807  861]
 [1808  863]
 [1809  864]
 [1810  865]
 [1811  867]
 [1813  868]
 [1814  869]
 [1816  870]]
Fuhrman 2, [[1418 1008]
 [1415 1010]
 [1414 1012]
 [1413 1015]
 [1412 1017]
 [1411 1019]
 [1411 1021]
 [1411 1024]
 [1412 1027]
 [1414 1029]
 [1415 1033]
 [1418 1035]
 [1421 1036]
 [1424 1036]
 [1428 1036]
 [1433 1035]
 [1437 1033]
 [1438 1031]
 [1440 1030]
 [1441 1029]
 [1441 1026]
 [1442 1024]
 [1442 1020]
 [1442 1017]
 [1442 1014]
 [1440 1011]
 [1437 1010]
 [1434 1008]
 [1431 1007]
 [1427 1006]
 [1424 1006]
 [1421 1006]
 [1419 1008]
 [1418 1008]]
Fuhrman 2, [[1795  475]
 [1792  478]
 [1790  479]
 [1789  480]
 [1788  481]
 [1786  481]
 [1785  482]
 [1785  486]
 [1784  490]
 [1785  494]
 [1786  497]
 [1788  500]
 [1791  502]
 [1794  503]
 [1798  504]
 [1802  504]
 [1806  504]
 [1810  502]
 [1813  499]
 [1816  495]
 [1817  492]
 [1817  487]
 [1814  483]
 [1810  480]
 [1809  478]
 [1805  478]
 [1802  477]
 [1800  475]
 [1797  475]
 [1795  475]]
Fuhrman 2, [[1590  202]
 [1587  206]
 [1585  210]
 [1584  213]
 [1584  218]
 [1586  221]
 [1589  223]
 [1592  224]
 [1597  225]
 [1601  226]
 [1606  225]
 [1609  223]
 [1612  221]
 [1614  219]
 [1615  215]
 [1615  210]
 [1614  206]
 [1612  203]
 [1609  200]
 [1606  199]
 [1603  199]
 [1600  199]
 [1597  200]
 [1595  200]
 [1593  201]
 [1590  202]]
Fuhrman 2, [[727 146]
 [726 142]
 [725 138]
 [724 134]
 [722 132]
 [719 130]
 [716 128]
 [713 127]
 [707 127]
 [703 127]
 [700 129]
 [697 131]
 [695 134]
 [694 136]
 [693 141]
 [693 145]
 [694 148]
 [695 150]
 [696 152]
 [699 155]
 [702 156]
 [705 157]
 [709 158]
 [713 158]
 [717 157]
 [720 156]
 [722 155]
 [725 153]
 [726 152]
 [727 149]
 [727 147]
 [727 145]]
