Fuhrman 2, [[247 279]
 [250 278]
 [253 277]
 [256 276]
 [259 274]
 [261 271]
 [262 269]
 [262 265]
 [260 262]
 [258 258]
 [256 256]
 [255 255]
 [253 253]
 [250 251]
 [246 249]
 [242 248]
 [239 248]
 [234 250]
 [231 252]
 [227 255]
 [225 257]
 [223 260]
 [222 264]
 [221 266]
 [221 269]
 [222 271]
 [224 274]
 [225 276]
 [227 279]
 [230 280]
 [233 281]
 [235 281]
 [239 280]
 [242 279]
 [245 279]
 [248 279]]
Fuhrman 2, [[209 339]
 [210 335]
 [211 331]
 [210 328]
 [209 325]
 [207 323]
 [204 322]
 [200 321]
 [197 321]
 [193 322]
 [190 323]
 [187 325]
 [185 328]
 [184 330]
 [184 333]
 [184 337]
 [185 339]
 [188 342]
 [189 344]
 [191 345]
 [194 346]
 [197 346]
 [200 345]
 [200 344]
 [202 344]
 [203 345]
 [205 345]
 [207 344]
 [208 341]
 [209 340]
 [209 339]]
Fuhrman 2, [[ 49 338]
 [ 44 341]
 [ 42 343]
 [ 41 346]
 [ 41 349]
 [ 41 351]
 [ 41 352]
 [ 43 353]
 [ 44 354]
 [ 45 356]
 [ 44 359]
 [ 45 362]
 [ 45 364]
 [ 47 366]
 [ 50 368]
 [ 52 369]
 [ 54 369]
 [ 57 369]
 [ 60 369]
 [ 63 369]
 [ 66 368]
 [ 69 366]
 [ 72 363]
 [ 73 361]
 [ 73 359]
 [ 74 358]
 [ 75 357]
 [ 75 354]
 [ 73 350]
 [ 71 346]
 [ 69 343]
 [ 67 340]
 [ 66 337]
 [ 64 336]
 [ 61 335]
 [ 57 335]
 [ 55 336]
 [ 52 337]
 [ 49 338]]
Fuhrman 2, [[236 566]
 [236 562]
 [235 560]
 [233 558]
 [230 556]
 [228 555]
 [224 553]
 [221 553]
 [220 553]
 [217 553]
 [216 553]
 [216 555]
 [214 556]
 [212 556]
 [210 557]
 [208 557]
 [207 558]
 [206 560]
 [206 562]
 [207 562]
 [208 563]
 [208 565]
 [208 567]
 [208 569]
 [209 570]
 [210 571]
 [212 572]
 [213 573]
 [214 574]
 [215 576]
 [217 576]
 [220 577]
 [223 577]
 [225 578]
 [229 578]
 [231 578]
 [233 577]
 [235 575]
 [236 575]
 [237 573]
 [237 570]
 [237 568]
 [236 566]]
Fuhrman 2, [[473 388]
 [471 389]
 [469 389]
 [467 389]
 [465 389]
 [462 390]
 [460 392]
 [458 394]
 [458 396]
 [457 399]
 [458 402]
 [459 404]
 [462 406]
 [464 407]
 [467 408]
 [471 408]
 [475 408]
 [480 408]
 [483 408]
 [486 407]
 [489 406]
 [492 406]
 [494 405]
 [497 403]
 [498 401]
 [500 399]
 [502 395]
 [502 391]
 [501 389]
 [500 388]
 [497 386]
 [494 386]
 [492 386]
 [490 386]
 [489 385]
 [486 385]
 [485 386]
 [484 387]
 [482 387]
 [480 387]
 [478 387]
 [475 387]
 [472 389]]
Fuhrman 2, [[369 342]
 [366 343]
 [365 345]
 [364 347]
 [365 350]
 [367 354]
 [370 358]
 [372 362]
 [375 364]
 [378 365]
 [381 366]
 [384 366]
 [387 366]
 [389 366]
 [391 364]
 [393 362]
 [394 359]
 [394 355]
 [395 353]
 [396 351]
 [395 348]
 [393 345]
 [390 343]
 [387 341]
 [384 340]
 [380 340]
 [376 340]
 [374 339]
 [372 340]
 [371 341]
 [369 342]]
Fuhrman 2, [[565 851]
 [566 849]
 [568 848]
 [568 846]
 [569 843]
 [569 840]
 [568 837]
 [566 834]
 [563 832]
 [560 830]
 [557 829]
 [555 829]
 [552 828]
 [551 827]
 [549 826]
 [547 827]
 [545 829]
 [544 831]
 [543 834]
 [543 838]
 [544 841]
 [545 844]
 [547 846]
 [549 848]
 [551 850]
 [554 851]
 [556 851]
 [558 851]
 [561 852]
 [563 851]
 [565 851]]
Fuhrman 2, [[678 970]
 [677 970]
 [674 971]
 [672 972]
 [670 974]
 [669 976]
 [668 978]
 [668 981]
 [668 984]
 [669 986]
 [670 989]
 [672 993]
 [674 995]
 [676 997]
 [679 997]
 [683 998]
 [687 997]
 [690 995]
 [692 993]
 [694 992]
 [696 989]
 [697 986]
 [698 983]
 [697 979]
 [696 976]
 [696 973]
 [694 971]
 [692 970]
 [690 969]
 [686 968]
 [683 969]
 [680 969]
 [678 970]]
Fuhrman 2, [[857 545]
 [854 548]
 [851 552]
 [850 555]
 [849 559]
 [849 563]
 [849 568]
 [850 572]
 [852 574]
 [855 577]
 [859 579]
 [864 580]
 [870 580]
 [875 579]
 [879 577]
 [883 573]
 [883 573]
 [885 570]
 [886 565]
 [885 561]
 [886 558]
 [885 552]
 [883 548]
 [878 545]
 [874 543]
 [869 542]
 [863 543]
 [859 545]
 [857 546]]
Fuhrman 2, [[906 617]
 [903 618]
 [902 620]
 [901 621]
 [899 622]
 [897 623]
 [895 624]
 [894 626]
 [894 628]
 [893 631]
 [894 633]
 [895 637]
 [896 640]
 [898 642]
 [901 644]
 [904 647]
 [907 648]
 [910 649]
 [912 649]
 [915 648]
 [918 647]
 [921 646]
 [923 644]
 [924 641]
 [924 638]
 [923 635]
 [923 633]
 [922 630]
 [921 627]
 [920 625]
 [918 623]
 [916 621]
 [913 619]
 [910 618]
 [909 618]
 [908 617]
 [906 617]]
Fuhrman 2, [[1082  932]
 [1080  933]
 [1078  935]
 [1077  937]
 [1075  940]
 [1074  942]
 [1074  946]
 [1075  950]
 [1075  954]
 [1077  957]
 [1078  958]
 [1081  959]
 [1083  960]
 [1085  961]
 [1087  961]
 [1089  961]
 [1092  960]
 [1094  959]
 [1096  957]
 [1098  957]
 [1100  955]
 [1100  953]
 [1101  952]
 [1102  951]
 [1104  950]
 [1104  948]
 [1104  945]
 [1103  943]
 [1101  941]
 [1101  940]
 [1100  938]
 [1099  936]
 [1098  935]
 [1097  934]
 [1095  932]
 [1093  931]
 [1089  931]
 [1088  932]
 [1087  932]
 [1086  932]
 [1084  932]
 [1082  932]]
Fuhrman 2, [[1015  296]
 [1011  297]
 [1010  296]
 [1009  295]
 [1008  293]
 [1006  293]
 [1004  293]
 [1001  295]
 [ 999  297]
 [ 997  299]
 [ 996  301]
 [ 995  303]
 [ 995  307]
 [ 996  310]
 [ 997  312]
 [ 999  314]
 [1000  316]
 [1002  317]
 [1004  318]
 [1005  319]
 [1007  321]
 [1009  321]
 [1013  321]
 [1017  320]
 [1021  317]
 [1022  314]
 [1023  311]
 [1023  307]
 [1022  304]
 [1021  301]
 [1020  299]
 [1019  298]
 [1018  297]
 [1016  296]
 [1015  296]]
Fuhrman 2, [[1371  505]
 [1368  506]
 [1366  507]
 [1364  510]
 [1363  513]
 [1362  516]
 [1362  519]
 [1363  522]
 [1365  526]
 [1367  528]
 [1370  530]
 [1374  531]
 [1378  531]
 [1382  531]
 [1384  529]
 [1387  529]
 [1389  527]
 [1391  524]
 [1392  520]
 [1393  516]
 [1392  513]
 [1391  510]
 [1388  507]
 [1385  506]
 [1382  505]
 [1379  504]
 [1375  504]
 [1373  504]
 [1371  505]]
Fuhrman 2, [[1289  467]
 [1287  469]
 [1285  472]
 [1284  474]
 [1283  476]
 [1282  476]
 [1280  477]
 [1279  480]
 [1280  483]
 [1281  485]
 [1283  487]
 [1285  488]
 [1286  489]
 [1286  491]
 [1287  494]
 [1289  496]
 [1290  496]
 [1293  496]
 [1296  496]
 [1300  496]
 [1303  497]
 [1305  497]
 [1306  497]
 [1308  497]
 [1312  497]
 [1313  496]
 [1315  495]
 [1317  494]
 [1319  492]
 [1320  489]
 [1320  484]
 [1320  481]
 [1321  480]
 [1320  479]
 [1319  477]
 [1318  475]
 [1317  472]
 [1315  470]
 [1314  469]
 [1312  467]
 [1310  466]
 [1307  465]
 [1304  465]
 [1301  465]
 [1298  465]
 [1297  465]
 [1296  464]
 [1295  464]
 [1294  464]
 [1292  465]
 [1292  465]
 [1290  466]
 [1289  466]
 [1289  466]]
Fuhrman 2, [[1357  733]
 [1359  731]
 [1362  729]
 [1362  726]
 [1362  723]
 [1361  720]
 [1359  717]
 [1356  714]
 [1353  712]
 [1349  710]
 [1346  710]
 [1344  711]
 [1341  712]
 [1338  713]
 [1335  713]
 [1332  715]
 [1330  717]
 [1329  720]
 [1329  724]
 [1331  727]
 [1333  730]
 [1337  734]
 [1341  736]
 [1345  736]
 [1346  737]
 [1349  738]
 [1351  737]
 [1353  736]
 [1355  735]
 [1356  734]
 [1357  733]]
Fuhrman 2, [[1462  836]
 [1459  839]
 [1457  842]
 [1457  845]
 [1457  848]
 [1459  851]
 [1463  854]
 [1465  857]
 [1467  858]
 [1471  861]
 [1474  862]
 [1478  862]
 [1480  862]
 [1482  860]
 [1485  860]
 [1487  858]
 [1487  855]
 [1487  850]
 [1486  847]
 [1484  843]
 [1482  843]
 [1480  841]
 [1480  838]
 [1478  835]
 [1475  834]
 [1471  833]
 [1468  832]
 [1465  833]
 [1464  834]
 [1461  836]]
Fuhrman 2, [[252 775]
 [255 773]
 [258 771]
 [259 769]
 [260 767]
 [261 765]
 [262 761]
 [261 757]
 [260 754]
 [257 753]
 [256 751]
 [254 749]
 [250 748]
 [247 747]
 [243 747]
 [239 749]
 [235 751]
 [233 753]
 [233 754]
 [232 757]
 [231 760]
 [230 761]
 [230 764]
 [230 767]
 [232 770]
 [234 772]
 [237 774]
 [241 776]
 [244 777]
 [247 776]
 [250 776]
 [252 775]]
Fuhrman 2, [[224 143]
 [221 144]
 [220 147]
 [219 149]
 [218 151]
 [218 154]
 [217 156]
 [217 159]
 [218 161]
 [219 163]
 [221 165]
 [223 167]
 [225 168]
 [228 169]
 [231 169]
 [234 169]
 [237 169]
 [240 168]
 [241 167]
 [242 164]
 [244 163]
 [245 161]
 [245 158]
 [245 154]
 [244 151]
 [241 147]
 [239 145]
 [236 145]
 [234 143]
 [232 142]
 [229 141]
 [226 141]
 [225 142]
 [223 143]]
Fuhrman 2, [[749 648]
 [746 652]
 [746 655]
 [745 659]
 [746 662]
 [746 664]
 [749 667]
 [752 669]
 [756 671]
 [760 671]
 [764 672]
 [767 671]
 [769 671]
 [772 669]
 [774 667]
 [775 664]
 [776 661]
 [775 657]
 [774 653]
 [772 651]
 [769 648]
 [765 645]
 [761 644]
 [757 643]
 [754 645]
 [751 646]
 [749 648]]
Fuhrman 2, [[1371  785]
 [1371  785]
 [1369  787]
 [1367  789]
 [1365  792]
 [1365  795]
 [1366  798]
 [1367  801]
 [1369  805]
 [1371  808]
 [1374  809]
 [1375  812]
 [1377  814]
 [1379  815]
 [1382  815]
 [1385  814]
 [1388  812]
 [1390  810]
 [1392  808]
 [1394  805]
 [1394  802]
 [1394  797]
 [1393  793]
 [1390  790]
 [1387  787]
 [1382  784]
 [1378  783]
 [1376  783]
 [1373  784]
 [1371  786]]
