Fuhrman 2, [[232 154]
 [230 156]
 [229 158]
 [228 160]
 [228 162]
 [228 164]
 [228 166]
 [230 168]
 [230 170]
 [230 172]
 [231 174]
 [233 175]
 [235 175]
 [237 175]
 [239 175]
 [241 176]
 [243 176]
 [245 176]
 [247 176]
 [249 175]
 [252 173]
 [253 172]
 [255 172]
 [255 170]
 [257 166]
 [257 163]
 [256 161]
 [255 158]
 [253 156]
 [251 155]
 [249 153]
 [248 152]
 [245 152]
 [242 151]
 [239 151]
 [236 152]
 [234 153]
 [233 154]
 [231 155]]
Fuhrman 2, [[277 371]
 [275 369]
 [273 368]
 [270 368]
 [268 369]
 [265 370]
 [263 371]
 [261 373]
 [259 374]
 [259 377]
 [259 379]
 [260 382]
 [261 386]
 [262 388]
 [264 390]
 [265 392]
 [268 393]
 [270 393]
 [273 393]
 [276 393]
 [278 392]
 [280 392]
 [282 392]
 [283 390]
 [284 388]
 [285 385]
 [285 382]
 [285 380]
 [284 377]
 [283 375]
 [281 373]
 [280 372]
 [279 372]
 [278 371]
 [277 371]
 [277 371]]
Fuhrman 2, [[452 410]
 [454 408]
 [455 405]
 [456 402]
 [455 400]
 [455 398]
 [453 395]
 [451 393]
 [449 391]
 [448 389]
 [446 388]
 [443 388]
 [440 387]
 [437 387]
 [435 389]
 [433 391]
 [431 393]
 [429 394]
 [428 397]
 [428 399]
 [428 401]
 [428 404]
 [429 406]
 [429 408]
 [431 410]
 [432 412]
 [435 414]
 [438 415]
 [440 416]
 [441 416]
 [443 416]
 [445 415]
 [447 414]
 [449 413]
 [451 411]
 [452 410]
 [452 410]]
Fuhrman 2, [[668 168]
 [672 167]
 [674 165]
 [676 163]
 [678 162]
 [679 160]
 [679 157]
 [678 154]
 [677 150]
 [675 147]
 [673 144]
 [670 142]
 [666 141]
 [664 142]
 [663 143]
 [662 143]
 [660 142]
 [658 142]
 [654 142]
 [654 142]
 [652 143]
 [649 145]
 [647 147]
 [646 150]
 [645 153]
 [645 156]
 [646 159]
 [647 161]
 [649 163]
 [651 165]
 [654 167]
 [657 169]
 [659 169]
 [661 169]
 [664 169]
 [667 169]
 [669 168]]
Fuhrman 2, [[1288  400]
 [1288  397]
 [1288  394]
 [1288  391]
 [1287  389]
 [1285  387]
 [1281  386]
 [1277  386]
 [1274  386]
 [1270  387]
 [1268  389]
 [1266  391]
 [1264  394]
 [1263  397]
 [1264  400]
 [1264  403]
 [1264  406]
 [1265  408]
 [1267  411]
 [1270  412]
 [1273  412]
 [1276  412]
 [1280  412]
 [1282  410]
 [1285  409]
 [1286  407]
 [1288  405]
 [1288  403]
 [1289  400]]
Fuhrman 2, [[1132  523]
 [1134  523]
 [1136  522]
 [1140  522]
 [1142  521]
 [1144  520]
 [1146  518]
 [1148  515]
 [1149  512]
 [1148  508]
 [1147  505]
 [1145  502]
 [1143  500]
 [1141  498]
 [1138  497]
 [1134  497]
 [1130  497]
 [1126  498]
 [1124  499]
 [1122  501]
 [1120  504]
 [1119  507]
 [1118  510]
 [1119  513]
 [1120  516]
 [1122  519]
 [1124  522]
 [1126  524]
 [1129  524]
 [1131  523]
 [1132  523]]
Fuhrman 2, [[499 757]
 [500 757]
 [502 757]
 [504 756]
 [505 754]
 [506 752]
 [507 749]
 [507 747]
 [508 746]
 [508 742]
 [507 738]
 [505 736]
 [503 733]
 [501 731]
 [499 730]
 [496 727]
 [493 727]
 [489 728]
 [487 729]
 [486 728]
 [482 728]
 [480 729]
 [478 731]
 [477 734]
 [475 737]
 [475 739]
 [475 742]
 [476 745]
 [477 747]
 [479 749]
 [481 751]
 [484 752]
 [486 754]
 [488 756]
 [489 757]
 [492 758]
 [494 757]
 [496 757]
 [497 757]
 [499 757]]
Fuhrman 2, [[689 977]
 [690 981]
 [691 984]
 [693 985]
 [695 987]
 [698 988]
 [701 988]
 [705 988]
 [708 988]
 [711 986]
 [713 984]
 [714 981]
 [715 977]
 [715 974]
 [714 970]
 [713 968]
 [711 966]
 [708 965]
 [705 964]
 [702 964]
 [698 964]
 [694 967]
 [692 969]
 [691 971]
 [690 972]
 [690 974]
 [689 975]
 [689 976]]
Fuhrman 2, [[1586  421]
 [1584  423]
 [1583  425]
 [1582  429]
 [1582  432]
 [1583  435]
 [1584  437]
 [1587  438]
 [1590  439]
 [1592  441]
 [1594  442]
 [1596  442]
 [1598  442]
 [1600  442]
 [1602  442]
 [1604  443]
 [1606  444]
 [1608  443]
 [1610  442]
 [1611  439]
 [1612  436]
 [1612  433]
 [1612  430]
 [1612  427]
 [1611  425]
 [1610  422]
 [1608  420]
 [1605  418]
 [1601  418]
 [1598  417]
 [1595  417]
 [1592  418]
 [1589  418]
 [1587  420]
 [1585  421]]
Fuhrman 2, [[1673  232]
 [1670  234]
 [1669  235]
 [1667  237]
 [1666  240]
 [1666  243]
 [1666  245]
 [1666  248]
 [1668  251]
 [1670  253]
 [1672  255]
 [1675  256]
 [1678  257]
 [1681  257]
 [1684  256]
 [1687  254]
 [1689  252]
 [1691  249]
 [1691  247]
 [1692  245]
 [1691  243]
 [1690  242]
 [1689  241]
 [1688  239]
 [1689  237]
 [1688  236]
 [1686  234]
 [1684  232]
 [1682  231]
 [1680  231]
 [1677  231]
 [1675  231]
 [1674  232]
 [1673  232]]
Fuhrman 2, [[558 291]
 [561 289]
 [563 286]
 [564 284]
 [565 280]
 [565 277]
 [564 273]
 [564 271]
 [563 268]
 [561 267]
 [557 267]
 [554 268]
 [550 269]
 [546 271]
 [544 273]
 [544 275]
 [541 276]
 [539 277]
 [538 279]
 [537 283]
 [537 286]
 [538 289]
 [539 291]
 [541 292]
 [544 293]
 [546 293]
 [549 294]
 [552 294]
 [555 293]
 [557 292]
 [558 291]]
Fuhrman 2, [[408  17]
 [408  20]
 [408  24]
 [409  27]
 [411  29]
 [413  31]
 [416  32]
 [419  33]
 [423  33]
 [426  33]
 [429  33]
 [433  31]
 [435  30]
 [438  28]
 [439  25]
 [439  23]
 [439  21]
 [438  18]
 [437  16]
 [435  13]
 [433  11]
 [430   8]
 [428   7]
 [426   6]
 [422   5]
 [420   6]
 [417   7]
 [414   8]
 [412  10]
 [411  11]
 [409  13]
 [409  15]
 [408  17]]
Fuhrman 2, [[752 461]
 [752 466]
 [752 468]
 [754 472]
 [755 476]
 [757 479]
 [759 481]
 [761 483]
 [765 484]
 [768 484]
 [771 484]
 [775 483]
 [778 482]
 [780 480]
 [782 478]
 [784 476]
 [785 474]
 [786 471]
 [786 468]
 [785 466]
 [785 465]
 [785 463]
 [784 460]
 [782 458]
 [780 456]
 [780 454]
 [779 451]
 [777 449]
 [776 447]
 [774 447]
 [771 446]
 [768 446]
 [763 446]
 [760 448]
 [758 450]
 [757 451]
 [755 453]
 [754 454]
 [753 456]
 [752 459]
 [752 461]]
Fuhrman 2, [[904 364]
 [903 366]
 [902 367]
 [901 368]
 [899 368]
 [898 369]
 [897 371]
 [897 373]
 [898 375]
 [899 377]
 [901 379]
 [903 380]
 [905 382]
 [908 382]
 [910 383]
 [912 383]
 [913 384]
 [915 385]
 [916 385]
 [917 384]
 [919 383]
 [920 382]
 [920 381]
 [921 379]
 [921 377]
 [922 376]
 [922 374]
 [923 372]
 [923 370]
 [923 368]
 [921 366]
 [920 364]
 [918 363]
 [916 361]
 [915 361]
 [913 360]
 [911 361]
 [909 361]
 [907 361]
 [906 362]
 [905 363]
 [904 364]]
Fuhrman 2, [[1036  637]
 [1038  636]
 [1040  634]
 [1041  632]
 [1042  631]
 [1044  630]
 [1044  629]
 [1044  625]
 [1043  622]
 [1040  619]
 [1038  618]
 [1036  617]
 [1034  616]
 [1032  614]
 [1029  613]
 [1026  613]
 [1024  614]
 [1023  616]
 [1022  618]
 [1021  621]
 [1022  623]
 [1023  626]
 [1023  629]
 [1024  632]
 [1024  635]
 [1024  637]
 [1026  638]
 [1028  638]
 [1030  639]
 [1032  639]
 [1035  638]
 [1036  637]]
Fuhrman 2, [[989 854]
 [991 853]
 [992 852]
 [994 849]
 [995 847]
 [995 844]
 [995 841]
 [993 839]
 [992 836]
 [990 835]
 [988 833]
 [986 832]
 [984 832]
 [981 832]
 [978 832]
 [976 834]
 [973 834]
 [971 836]
 [970 839]
 [969 840]
 [969 842]
 [969 845]
 [970 848]
 [970 850]
 [972 852]
 [973 854]
 [975 855]
 [978 857]
 [980 857]
 [982 857]
 [985 856]
 [987 856]
 [988 855]
 [989 855]]
Fuhrman 2, [[1545  845]
 [1541  847]
 [1539  850]
 [1538  853]
 [1537  856]
 [1537  860]
 [1536  864]
 [1537  868]
 [1537  872]
 [1539  874]
 [1542  877]
 [1545  879]
 [1549  881]
 [1553  881]
 [1557  881]
 [1561  880]
 [1565  879]
 [1567  878]
 [1568  876]
 [1567  874]
 [1565  872]
 [1564  870]
 [1564  866]
 [1564  863]
 [1564  860]
 [1563  857]
 [1561  854]
 [1559  852]
 [1557  851]
 [1555  851]
 [1553  850]
 [1553  848]
 [1552  846]
 [1549  846]
 [1547  845]
 [1544  846]]
Fuhrman 2, [[1847  247]
 [1846  249]
 [1846  250]
 [1844  250]
 [1842  251]
 [1841  254]
 [1841  257]
 [1842  260]
 [1843  262]
 [1844  265]
 [1846  267]
 [1847  269]
 [1849  271]
 [1851  273]
 [1854  274]
 [1857  275]
 [1859  275]
 [1861  275]
 [1863  273]
 [1866  271]
 [1868  269]
 [1870  267]
 [1872  266]
 [1872  264]
 [1873  262]
 [1872  260]
 [1872  258]
 [1871  256]
 [1869  255]
 [1867  253]
 [1865  252]
 [1863  250]
 [1861  249]
 [1859  248]
 [1857  247]
 [1855  246]
 [1853  246]
 [1851  246]
 [1850  246]
 [1848  246]
 [1847  247]]
Fuhrman 2, [[1013  223]
 [1007  223]
 [1003  222]
 [1001  221]
 [ 998  222]
 [ 996  223]
 [ 995  225]
 [ 995  227]
 [ 996  230]
 [ 995  231]
 [ 994  232]
 [ 994  235]
 [ 994  237]
 [ 996  238]
 [ 998  240]
 [ 999  241]
 [1000  243]
 [1000  245]
 [1001  247]
 [1003  249]
 [1006  250]
 [1010  250]
 [1014  251]
 [1020  249]
 [1023  248]
 [1027  247]
 [1029  246]
 [1032  245]
 [1033  243]
 [1033  241]
 [1032  239]
 [1030  235]
 [1027  233]
 [1025  232]
 [1024  229]
 [1023  226]
 [1019  224]
 [1016  223]
 [1013  223]]
Fuhrman 2, [[1165 1017]
 [1167 1015]
 [1169 1013]
 [1170 1010]
 [1172 1007]
 [1172 1004]
 [1172 1000]
 [1171  997]
 [1170  993]
 [1170  989]
 [1169  985]
 [1167  983]
 [1164  981]
 [1161  980]
 [1158  980]
 [1154  982]
 [1151  984]
 [1149  986]
 [1148  989]
 [1146  994]
 [1145  996]
 [1144 1000]
 [1144 1005]
 [1145 1009]
 [1145 1014]
 [1146 1018]
 [1148 1020]
 [1149 1022]
 [1151 1023]
 [1154 1024]
 [1156 1023]
 [1159 1021]
 [1163 1019]
 [1165 1017]]
