Fuhrman 2, [[ 61 134]
 [ 63 134]
 [ 65 134]
 [ 67 133]
 [ 69 131]
 [ 69 129]
 [ 70 126]
 [ 70 123]
 [ 69 120]
 [ 67 118]
 [ 66 116]
 [ 63 114]
 [ 61 112]
 [ 58 112]
 [ 56 112]
 [ 54 113]
 [ 52 114]
 [ 50 115]
 [ 48 117]
 [ 47 118]
 [ 46 120]
 [ 46 121]
 [ 46 122]
 [ 46 123]
 [ 46 124]
 [ 46 126]
 [ 47 128]
 [ 47 129]
 [ 47 130]
 [ 48 131]
 [ 49 132]
 [ 50 133]
 [ 51 134]
 [ 52 134]
 [ 54 135]
 [ 56 135]
 [ 58 134]
 [ 60 134]
 [ 61 134]]
Fuhrman 2, [[148  83]
 [151  81]
 [153  79]
 [154  77]
 [154  73]
 [153  70]
 [153  66]
 [152  64]
 [150  63]
 [148  62]
 [146  62]
 [144  62]
 [142  62]
 [140  63]
 [139  65]
 [138  67]
 [137  69]
 [136  71]
 [134  72]
 [133  74]
 [133  76]
 [133  78]
 [134  79]
 [135  80]
 [135  80]
 [136  82]
 [137  85]
 [138  85]
 [139  86]
 [140  87]
 [142  87]
 [143  86]
 [145  85]
 [146  85]
 [147  84]
 [148  83]]
Fuhrman 2, [[171 436]
 [173 435]
 [175 433]
 [177 430]
 [178 427]
 [179 424]
 [179 420]
 [177 415]
 [175 411]
 [172 407]
 [170 405]
 [168 404]
 [166 404]
 [163 405]
 [162 406]
 [159 408]
 [156 410]
 [154 413]
 [152 415]
 [151 418]
 [151 421]
 [151 423]
 [151 424]
 [151 427]
 [152 429]
 [152 432]
 [154 433]
 [155 435]
 [157 437]
 [159 438]
 [162 439]
 [164 439]
 [167 438]
 [169 437]
 [171 436]]
Fuhrman 2, [[304 426]
 [307 426]
 [309 424]
 [311 422]
 [312 419]
 [310 412]
 [309 408]
 [307 405]
 [305 403]
 [302 403]
 [300 403]
 [297 403]
 [294 405]
 [292 406]
 [291 408]
 [291 410]
 [291 412]
 [291 415]
 [292 418]
 [293 421]
 [295 423]
 [296 424]
 [298 425]
 [299 426]
 [301 426]
 [302 426]
 [304 426]]
Fuhrman 2, [[591 547]
 [593 544]
 [594 542]
 [595 540]
 [596 539]
 [596 539]
 [596 537]
 [596 535]
 [594 533]
 [591 532]
 [588 531]
 [585 531]
 [582 530]
 [579 530]
 [577 530]
 [574 531]
 [572 532]
 [571 533]
 [570 534]
 [570 536]
 [570 537]
 [571 540]
 [571 542]
 [572 544]
 [573 544]
 [574 544]
 [576 544]
 [578 545]
 [580 545]
 [582 546]
 [583 547]
 [585 548]
 [586 548]
 [588 548]
 [589 548]
 [590 547]
 [592 547]]
Fuhrman 2, [[906 352]
 [909 350]
 [912 349]
 [914 347]
 [915 345]
 [916 343]
 [917 341]
 [917 338]
 [916 335]
 [914 333]
 [911 331]
 [908 331]
 [905 331]
 [901 331]
 [898 332]
 [894 334]
 [892 335]
 [889 336]
 [887 338]
 [886 341]
 [886 343]
 [886 345]
 [887 348]
 [887 351]
 [889 353]
 [890 354]
 [892 354]
 [895 354]
 [898 354]
 [901 353]
 [904 352]
 [906 352]]
Fuhrman 2, [[907 442]
 [910 442]
 [912 441]
 [915 438]
 [917 435]
 [918 432]
 [917 428]
 [917 426]
 [915 424]
 [912 423]
 [910 423]
 [908 423]
 [905 422]
 [903 420]
 [901 420]
 [897 420]
 [895 421]
 [894 423]
 [893 424]
 [890 425]
 [889 428]
 [889 430]
 [890 433]
 [890 435]
 [892 438]
 [893 440]
 [894 441]
 [896 442]
 [898 442]
 [901 443]
 [903 443]
 [907 442]]
Fuhrman 2, [[1192   77]
 [1193   74]
 [1194   72]
 [1195   70]
 [1196   67]
 [1195   64]
 [1194   61]
 [1192   58]
 [1190   56]
 [1187   55]
 [1184   54]
 [1181   55]
 [1178   56]
 [1176   58]
 [1175   61]
 [1174   63]
 [1174   65]
 [1174   68]
 [1175   71]
 [1176   74]
 [1177   77]
 [1179   79]
 [1180   82]
 [1182   84]
 [1183   85]
 [1185   85]
 [1187   85]
 [1189   84]
 [1191   81]
 [1191   79]
 [1192   77]]
Fuhrman 2, [[1118  176]
 [1119  174]
 [1120  173]
 [1121  171]
 [1121  168]
 [1120  164]
 [1119  162]
 [1117  159]
 [1115  157]
 [1113  157]
 [1110  158]
 [1108  158]
 [1105  160]
 [1104  161]
 [1102  163]
 [1101  165]
 [1101  167]
 [1101  170]
 [1101  172]
 [1102  173]
 [1104  174]
 [1105  174]
 [1106  176]
 [1108  177]
 [1110  178]
 [1111  178]
 [1113  178]
 [1115  178]
 [1117  177]
 [1118  177]
 [1118  176]]
Fuhrman 2, [[1735  729]
 [1739  730]
 [1745  731]
 [1745  731]
 [1748  730]
 [1751  730]
 [1753  730]
 [1754  728]
 [1755  726]
 [1754  724]
 [1754  721]
 [1751  718]
 [1749  716]
 [1748  713]
 [1745  712]
 [1742  711]
 [1739  710]
 [1736  710]
 [1733  709]
 [1730  710]
 [1727  711]
 [1726  713]
 [1724  716]
 [1724  719]
 [1725  722]
 [1726  725]
 [1727  727]
 [1729  729]
 [1730  730]
 [1733  730]
 [1734  729]
 [1735  729]]
Fuhrman 2, [[1791  670]
 [1794  669]
 [1796  668]
 [1798  667]
 [1799  666]
 [1800  664]
 [1800  662]
 [1799  659]
 [1798  656]
 [1797  654]
 [1794  652]
 [1791  651]
 [1789  650]
 [1786  651]
 [1784  652]
 [1782  654]
 [1781  656]
 [1780  658]
 [1780  661]
 [1779  663]
 [1779  666]
 [1780  668]
 [1781  669]
 [1782  671]
 [1784  672]
 [1785  672]
 [1785  672]
 [1788  672]
 [1790  671]
 [1791  670]
 [1791  670]]
Fuhrman 2, [[1329  968]
 [1333  966]
 [1334  964]
 [1334  962]
 [1334  959]
 [1332  957]
 [1330  955]
 [1328  952]
 [1324  951]
 [1321  950]
 [1317  949]
 [1314  950]
 [1312  950]
 [1310  952]
 [1309  954]
 [1308  957]
 [1308  960]
 [1308  963]
 [1309  965]
 [1311  966]
 [1311  966]
 [1313  967]
 [1316  968]
 [1318  969]
 [1321  969]
 [1323  969]
 [1326  969]
 [1328  969]
 [1329  968]
 [1330  968]]
Fuhrman 2, [[779 771]
 [781 770]
 [782 768]
 [782 765]
 [781 762]
 [781 757]
 [779 753]
 [777 749]
 [774 748]
 [771 747]
 [768 746]
 [766 746]
 [764 747]
 [763 748]
 [762 750]
 [762 752]
 [762 755]
 [763 757]
 [763 760]
 [763 761]
 [765 762]
 [766 763]
 [767 765]
 [769 767]
 [770 768]
 [771 770]
 [773 771]
 [774 771]
 [776 772]
 [777 771]
 [779 771]]
Fuhrman 2, [[380 965]
 [382 964]
 [384 963]
 [384 961]
 [385 958]
 [384 956]
 [383 953]
 [381 950]
 [378 947]
 [375 945]
 [371 945]
 [368 943]
 [365 943]
 [363 944]
 [361 945]
 [359 946]
 [358 948]
 [358 950]
 [358 952]
 [358 954]
 [359 957]
 [360 959]
 [362 960]
 [363 961]
 [365 962]
 [368 965]
 [369 966]
 [371 966]
 [373 966]
 [376 966]
 [378 966]
 [380 965]]
Fuhrman 2, [[266 666]
 [267 663]
 [269 660]
 [269 658]
 [270 656]
 [270 654]
 [269 652]
 [267 650]
 [264 648]
 [262 647]
 [260 647]
 [257 646]
 [255 646]
 [254 648]
 [252 649]
 [250 650]
 [249 652]
 [248 653]
 [248 656]
 [248 658]
 [248 660]
 [249 662]
 [250 664]
 [251 666]
 [252 668]
 [254 670]
 [256 671]
 [258 671]
 [260 670]
 [262 670]
 [264 669]
 [265 668]
 [266 666]]
Fuhrman 2, [[904 157]
 [905 156]
 [907 154]
 [908 153]
 [908 151]
 [908 148]
 [907 145]
 [906 142]
 [904 140]
 [902 139]
 [902 137]
 [901 135]
 [899 135]
 [898 135]
 [896 135]
 [893 135]
 [892 136]
 [890 137]
 [889 138]
 [888 139]
 [886 140]
 [885 142]
 [884 145]
 [884 147]
 [884 149]
 [885 151]
 [885 153]
 [887 155]
 [888 156]
 [889 157]
 [891 158]
 [894 159]
 [896 159]
 [899 159]
 [901 159]
 [903 158]
 [904 157]]
Fuhrman 2, [[1347  825]
 [1348  824]
 [1349  822]
 [1350  819]
 [1350  816]
 [1350  813]
 [1349  808]
 [1347  805]
 [1346  802]
 [1345  800]
 [1343  799]
 [1341  799]
 [1339  799]
 [1336  799]
 [1334  800]
 [1331  800]
 [1329  801]
 [1328  802]
 [1327  805]
 [1327  808]
 [1327  811]
 [1327  814]
 [1327  817]
 [1327  820]
 [1328  823]
 [1328  826]
 [1329  827]
 [1330  828]
 [1332  829]
 [1334  830]
 [1336  831]
 [1339  831]
 [1342  830]
 [1344  829]
 [1345  828]
 [1346  826]
 [1347  825]]
Fuhrman 2, [[328 157]
 [330 156]
 [334 154]
 [337 152]
 [338 150]
 [341 146]
 [342 143]
 [343 137]
 [343 134]
 [342 131]
 [340 128]
 [339 127]
 [336 126]
 [334 125]
 [331 125]
 [327 126]
 [325 128]
 [323 130]
 [321 133]
 [320 136]
 [319 138]
 [319 140]
 [319 143]
 [319 146]
 [319 148]
 [319 150]
 [319 152]
 [320 153]
 [321 155]
 [322 157]
 [324 157]
 [325 158]
 [327 158]
 [328 157]]
Fuhrman 2, [[ 232 1004]
 [ 234 1002]
 [ 236 1001]
 [ 237  998]
 [ 237  995]
 [ 237  992]
 [ 236  989]
 [ 234  988]
 [ 232  986]
 [ 231  985]
 [ 228  985]
 [ 225  985]
 [ 224  984]
 [ 222  982]
 [ 220  982]
 [ 218  982]
 [ 216  982]
 [ 215  983]
 [ 214  984]
 [ 213  986]
 [ 213  987]
 [ 212  989]
 [ 212  991]
 [ 212  994]
 [ 213  996]
 [ 214  998]
 [ 215  999]
 [ 216 1001]
 [ 217 1003]
 [ 219 1004]
 [ 221 1004]
 [ 224 1005]
 [ 226 1005]
 [ 229 1005]
 [ 230 1005]
 [ 232 1004]]
Fuhrman 2, [[1325  533]
 [1327  532]
 [1329  531]
 [1331  529]
 [1332  527]
 [1332  524]
 [1331  520]
 [1330  519]
 [1327  517]
 [1324  516]
 [1321  516]
 [1318  516]
 [1315  518]
 [1313  520]
 [1312  522]
 [1311  524]
 [1311  526]
 [1312  529]
 [1314  532]
 [1315  533]
 [1317  534]
 [1318  535]
 [1321  534]
 [1323  534]
 [1324  533]
 [1325  533]]
