Fuhrman 2, [[118 393]
 [120 393]
 [122 392]
 [124 391]
 [124 388]
 [125 385]
 [125 383]
 [125 382]
 [125 380]
 [124 378]
 [125 377]
 [126 377]
 [128 376]
 [128 374]
 [128 372]
 [128 369]
 [127 367]
 [125 365]
 [123 364]
 [121 364]
 [118 363]
 [115 364]
 [112 366]
 [110 368]
 [109 370]
 [107 373]
 [106 375]
 [105 378]
 [106 383]
 [107 386]
 [108 388]
 [110 390]
 [111 391]
 [112 392]
 [114 393]
 [115 393]
 [117 393]
 [119 393]]
Fuhrman 2, [[325 133]
 [326 131]
 [327 128]
 [329 125]
 [330 123]
 [332 121]
 [333 120]
 [333 118]
 [332 111]
 [332 108]
 [331 106]
 [330 105]
 [327 105]
 [324 107]
 [322 108]
 [320 109]
 [318 110]
 [315 113]
 [313 114]
 [312 116]
 [312 118]
 [312 121]
 [312 125]
 [312 128]
 [312 132]
 [313 133]
 [314 135]
 [315 136]
 [318 136]
 [320 136]
 [323 135]
 [324 134]
 [325 133]]
Fuhrman 2, [[673  75]
 [676  73]
 [678  71]
 [680  68]
 [681  65]
 [680  61]
 [678  57]
 [676  54]
 [673  51]
 [670  50]
 [667  49]
 [664  50]
 [662  52]
 [660  54]
 [658  55]
 [657  56]
 [655  58]
 [655  60]
 [654  63]
 [654  65]
 [655  68]
 [657  70]
 [658  73]
 [660  76]
 [662  76]
 [664  77]
 [667  77]
 [669  76]
 [672  76]
 [673  75]]
Fuhrman 2, [[768 370]
 [771 369]
 [773 368]
 [774 367]
 [774 364]
 [774 360]
 [772 357]
 [770 355]
 [766 352]
 [762 350]
 [759 350]
 [757 350]
 [755 350]
 [753 352]
 [753 355]
 [753 357]
 [753 361]
 [754 362]
 [755 365]
 [755 367]
 [756 369]
 [758 370]
 [759 370]
 [761 370]
 [764 370]
 [766 370]
 [768 370]]
Fuhrman 2, [[1270  368]
 [1272  367]
 [1275  365]
 [1277  362]
 [1279  358]
 [1279  355]
 [1279  353]
 [1281  351]
 [1282  349]
 [1282  347]
 [1282  344]
 [1280  341]
 [1278  339]
 [1276  339]
 [1275  338]
 [1271  338]
 [1268  339]
 [1266  340]
 [1264  343]
 [1262  346]
 [1260  349]
 [1258  352]
 [1257  355]
 [1256  358]
 [1256  361]
 [1257  363]
 [1258  365]
 [1259  367]
 [1262  368]
 [1264  369]
 [1266  369]
 [1268  369]
 [1270  368]]
Fuhrman 2, [[1121  235]
 [1123  234]
 [1124  232]
 [1126  231]
 [1128  230]
 [1130  229]
 [1132  228]
 [1133  227]
 [1133  224]
 [1131  220]
 [1130  218]
 [1128  216]
 [1126  215]
 [1124  215]
 [1122  214]
 [1121  212]
 [1118  212]
 [1117  211]
 [1115  212]
 [1114  213]
 [1114  215]
 [1114  216]
 [1114  216]
 [1112  217]
 [1111  219]
 [1110  220]
 [1109  222]
 [1109  225]
 [1108  227]
 [1109  230]
 [1110  231]
 [1111  232]
 [1113  233]
 [1114  234]
 [1116  235]
 [1117  235]
 [1119  236]
 [1120  236]
 [1121  235]
 [1121  235]]
Fuhrman 2, [[615 722]
 [617 721]
 [619 720]
 [621 719]
 [622 717]
 [623 714]
 [622 710]
 [621 708]
 [619 706]
 [617 705]
 [614 705]
 [611 706]
 [607 708]
 [605 710]
 [604 711]
 [603 712]
 [601 714]
 [601 715]
 [601 717]
 [601 718]
 [603 719]
 [605 719]
 [607 720]
 [609 722]
 [611 722]
 [613 722]
 [615 722]
 [615 722]]
Fuhrman 2, [[1025  755]
 [1027  754]
 [1030  752]
 [1031  750]
 [1032  746]
 [1032  742]
 [1032  739]
 [1031  736]
 [1030  733]
 [1030  730]
 [1027  728]
 [1023  730]
 [1020  731]
 [1016  732]
 [1014  733]
 [1011  734]
 [1009  736]
 [1008  738]
 [1007  740]
 [1007  743]
 [1007  746]
 [1008  749]
 [1009  752]
 [1010  754]
 [1012  757]
 [1015  758]
 [1017  758]
 [1020  758]
 [1022  757]
 [1024  756]
 [1025  755]]
Fuhrman 2, [[1031  710]
 [1034  708]
 [1036  706]
 [1037  703]
 [1038  701]
 [1038  698]
 [1037  694]
 [1035  692]
 [1034  690]
 [1032  688]
 [1028  686]
 [1025  685]
 [1020  686]
 [1018  688]
 [1015  690]
 [1013  693]
 [1013  695]
 [1013  698]
 [1013  702]
 [1014  706]
 [1015  709]
 [1018  711]
 [1020  712]
 [1023  712]
 [1026  712]
 [1029  711]
 [1031  709]]
Fuhrman 2, [[1062  582]
 [1064  580]
 [1067  577]
 [1068  573]
 [1069  569]
 [1069  565]
 [1069  561]
 [1067  557]
 [1066  555]
 [1064  553]
 [1062  552]
 [1060  552]
 [1057  553]
 [1054  554]
 [1052  558]
 [1050  561]
 [1050  567]
 [1049  568]
 [1047  571]
 [1047  573]
 [1048  576]
 [1050  580]
 [1051  582]
 [1053  583]
 [1055  584]
 [1058  584]
 [1060  584]
 [1061  583]
 [1063  582]]
Fuhrman 2, [[1016  503]
 [1020  501]
 [1022  500]
 [1022  498]
 [1022  494]
 [1023  492]
 [1024  491]
 [1025  488]
 [1024  485]
 [1022  481]
 [1020  479]
 [1016  478]
 [1011  478]
 [1007  478]
 [1005  480]
 [1003  482]
 [1001  486]
 [1000  489]
 [1000  491]
 [ 999  493]
 [ 998  495]
 [ 998  498]
 [ 999  499]
 [1001  500]
 [1003  501]
 [1004  504]
 [1006  505]
 [1009  505]
 [1011  505]
 [1014  505]
 [1015  504]
 [1017  503]]
Fuhrman 2, [[1505  810]
 [1507  809]
 [1511  809]
 [1513  808]
 [1516  807]
 [1517  805]
 [1518  802]
 [1518  800]
 [1517  796]
 [1514  794]
 [1511  792]
 [1509  791]
 [1504  790]
 [1500  791]
 [1496  791]
 [1494  792]
 [1491  793]
 [1489  795]
 [1487  798]
 [1486  801]
 [1486  804]
 [1487  808]
 [1488  809]
 [1489  809]
 [1490  810]
 [1490  813]
 [1491  814]
 [1493  815]
 [1496  815]
 [1498  815]
 [1500  815]
 [1503  814]
 [1504  813]
 [1505  811]
 [1505  810]]
Fuhrman 2, [[1689  972]
 [1691  971]
 [1692  970]
 [1695  970]
 [1696  970]
 [1698  968]
 [1698  966]
 [1698  964]
 [1699  964]
 [1700  963]
 [1700  961]
 [1700  959]
 [1699  958]
 [1697  958]
 [1697  957]
 [1695  955]
 [1695  953]
 [1693  952]
 [1692  952]
 [1690  952]
 [1688  953]
 [1687  954]
 [1686  955]
 [1685  957]
 [1685  958]
 [1684  959]
 [1683  960]
 [1681  961]
 [1679  962]
 [1678  964]
 [1677  966]
 [1677  968]
 [1677  969]
 [1677  972]
 [1678  973]
 [1679  975]
 [1681  976]
 [1682  976]
 [1684  976]
 [1686  975]
 [1688  974]
 [1689  973]
 [1689  972]]
Fuhrman 2, [[884 843]
 [886 842]
 [888 840]
 [890 838]
 [892 836]
 [893 833]
 [895 831]
 [896 828]
 [896 825]
 [894 823]
 [892 823]
 [891 823]
 [890 823]
 [889 822]
 [889 820]
 [888 819]
 [886 819]
 [884 820]
 [883 821]
 [882 823]
 [882 823]
 [880 824]
 [878 824]
 [877 824]
 [876 825]
 [875 827]
 [873 829]
 [872 831]
 [871 832]
 [871 834]
 [872 835]
 [873 836]
 [874 837]
 [874 840]
 [874 841]
 [875 842]
 [877 843]
 [878 843]
 [880 843]
 [882 843]
 [883 843]
 [884 843]]
Fuhrman 2, [[1701 1013]
 [1702 1010]
 [1704 1007]
 [1706 1004]
 [1706 1002]
 [1706  998]
 [1706  994]
 [1705  991]
 [1702  989]
 [1699  989]
 [1695  991]
 [1692  993]
 [1690  994]
 [1688  998]
 [1686 1000]
 [1685 1002]
 [1684 1006]
 [1684 1009]
 [1685 1011]
 [1686 1013]
 [1688 1014]
 [1690 1016]
 [1692 1017]
 [1694 1017]
 [1696 1017]
 [1698 1017]
 [1700 1015]
 [1701 1014]
 [1702 1012]]
Fuhrman 2, [[289 175]
 [291 172]
 [294 170]
 [297 170]
 [298 168]
 [298 167]
 [298 164]
 [297 163]
 [296 160]
 [293 158]
 [290 156]
 [288 154]
 [286 153]
 [283 153]
 [281 153]
 [279 152]
 [277 152]
 [277 152]
 [274 153]
 [270 155]
 [268 158]
 [266 160]
 [265 162]
 [264 165]
 [265 168]
 [266 171]
 [268 174]
 [270 175]
 [272 177]
 [274 177]
 [277 177]
 [279 176]
 [280 174]
 [282 174]
 [283 175]
 [285 176]
 [287 176]
 [288 175]
 [289 175]]
Fuhrman 2, [[724 909]
 [726 906]
 [727 904]
 [728 902]
 [727 900]
 [727 896]
 [726 892]
 [724 890]
 [721 889]
 [719 888]
 [715 888]
 [713 888]
 [709 889]
 [707 889]
 [705 890]
 [703 892]
 [702 895]
 [702 899]
 [702 902]
 [703 906]
 [704 908]
 [706 909]
 [707 911]
 [709 913]
 [711 913]
 [714 913]
 [715 913]
 [718 912]
 [720 912]
 [722 912]
 [723 911]
 [724 910]
 [724 909]]
Fuhrman 2, [[200 508]
 [202 506]
 [204 504]
 [206 504]
 [208 504]
 [209 502]
 [208 498]
 [206 494]
 [204 490]
 [200 488]
 [196 486]
 [193 486]
 [189 487]
 [187 488]
 [186 490]
 [185 492]
 [185 495]
 [184 500]
 [185 502]
 [186 504]
 [188 505]
 [190 507]
 [192 508]
 [194 509]
 [196 509]
 [198 509]
 [199 509]
 [200 508]]
Fuhrman 2, [[473 143]
 [475 141]
 [478 139]
 [480 136]
 [481 134]
 [481 130]
 [481 127]
 [480 124]
 [478 123]
 [475 122]
 [473 120]
 [469 120]
 [465 121]
 [461 123]
 [458 125]
 [455 129]
 [454 132]
 [454 135]
 [454 137]
 [456 138]
 [458 140]
 [460 142]
 [463 143]
 [464 144]
 [467 145]
 [470 144]
 [471 143]
 [473 143]]
Fuhrman 2, [[757 438]
 [758 437]
 [760 436]
 [761 434]
 [762 432]
 [762 430]
 [763 429]
 [763 427]
 [763 425]
 [761 424]
 [758 422]
 [755 422]
 [753 422]
 [751 421]
 [748 421]
 [745 422]
 [744 422]
 [742 424]
 [741 426]
 [739 427]
 [738 429]
 [737 431]
 [737 434]
 [737 437]
 [739 439]
 [740 440]
 [743 441]
 [746 441]
 [749 441]
 [751 440]
 [753 440]
 [755 439]
 [756 439]
 [757 438]]
