Fuhrman 2, [[875 375]
 [878 375]
 [881 375]
 [882 375]
 [884 373]
 [885 371]
 [886 369]
 [888 368]
 [888 365]
 [888 362]
 [886 358]
 [884 355]
 [881 353]
 [878 351]
 [874 350]
 [871 350]
 [868 351]
 [864 354]
 [861 356]
 [858 359]
 [857 361]
 [856 364]
 [856 367]
 [857 368]
 [858 369]
 [861 371]
 [862 372]
 [865 374]
 [867 375]
 [870 375]
 [872 376]
 [874 375]
 [875 375]]
Fuhrman 2, [[633 799]
 [635 798]
 [636 797]
 [637 794]
 [638 791]
 [639 786]
 [637 782]
 [636 779]
 [634 776]
 [631 774]
 [628 773]
 [626 772]
 [623 773]
 [620 774]
 [618 775]
 [616 776]
 [615 778]
 [614 780]
 [614 783]
 [614 787]
 [614 790]
 [615 792]
 [615 794]
 [617 796]
 [618 798]
 [620 799]
 [621 800]
 [623 801]
 [626 801]
 [629 801]
 [631 801]
 [632 800]
 [633 799]]
Fuhrman 2, [[516 132]
 [517 135]
 [518 136]
 [520 137]
 [523 138]
 [525 140]
 [528 140]
 [530 141]
 [533 140]
 [536 140]
 [538 137]
 [540 134]
 [541 131]
 [541 127]
 [540 124]
 [538 121]
 [535 118]
 [532 117]
 [528 115]
 [525 115]
 [523 116]
 [520 117]
 [518 119]
 [516 121]
 [514 123]
 [514 126]
 [514 127]
 [514 129]
 [516 131]]
Fuhrman 2, [[480 985]
 [482 983]
 [484 980]
 [485 977]
 [485 973]
 [483 969]
 [480 965]
 [477 963]
 [474 962]
 [471 961]
 [468 962]
 [465 964]
 [464 966]
 [464 968]
 [464 972]
 [464 975]
 [465 978]
 [467 980]
 [469 984]
 [471 985]
 [473 986]
 [475 987]
 [476 987]
 [478 987]
 [480 985]
 [480 984]]
Fuhrman 2, [[565 938]
 [565 934]
 [566 931]
 [566 927]
 [565 924]
 [564 922]
 [562 920]
 [559 919]
 [555 920]
 [552 920]
 [549 922]
 [547 924]
 [545 926]
 [544 928]
 [543 929]
 [543 931]
 [544 934]
 [545 937]
 [545 939]
 [546 941]
 [548 943]
 [549 944]
 [551 945]
 [553 946]
 [555 946]
 [558 946]
 [560 945]
 [562 943]
 [563 941]
 [564 939]
 [565 938]]
Fuhrman 2, [[ 60 952]
 [ 62 952]
 [ 65 953]
 [ 67 952]
 [ 70 951]
 [ 72 949]
 [ 74 947]
 [ 76 945]
 [ 77 942]
 [ 77 938]
 [ 77 934]
 [ 76 930]
 [ 74 927]
 [ 72 925]
 [ 70 924]
 [ 67 923]
 [ 65 924]
 [ 63 924]
 [ 61 923]
 [ 59 923]
 [ 58 924]
 [ 56 925]
 [ 55 928]
 [ 55 930]
 [ 54 931]
 [ 52 933]
 [ 51 934]
 [ 50 935]
 [ 49 937]
 [ 50 940]
 [ 50 943]
 [ 51 946]
 [ 52 948]
 [ 53 949]
 [ 55 950]
 [ 56 951]
 [ 58 951]
 [ 60 952]]
Fuhrman 2, [[340 658]
 [343 656]
 [345 653]
 [346 650]
 [347 647]
 [347 644]
 [346 641]
 [344 638]
 [342 636]
 [340 635]
 [337 633]
 [333 633]
 [331 633]
 [329 634]
 [326 636]
 [324 637]
 [322 639]
 [321 641]
 [322 642]
 [322 644]
 [323 645]
 [323 647]
 [323 649]
 [323 651]
 [322 653]
 [321 655]
 [321 657]
 [322 658]
 [324 659]
 [326 660]
 [328 660]
 [331 660]
 [334 660]
 [337 660]
 [338 660]
 [339 659]
 [340 658]]
Fuhrman 2, [[1476  656]
 [1479  656]
 [1482  656]
 [1486  654]
 [1488  652]
 [1490  650]
 [1490  647]
 [1490  644]
 [1489  641]
 [1487  639]
 [1485  639]
 [1482  637]
 [1481  635]
 [1480  632]
 [1479  630]
 [1477  630]
 [1474  631]
 [1473  631]
 [1469  632]
 [1466  634]
 [1463  636]
 [1460  638]
 [1458  639]
 [1457  642]
 [1457  644]
 [1458  646]
 [1459  647]
 [1461  649]
 [1463  651]
 [1466  653]
 [1468  654]
 [1471  655]
 [1473  656]
 [1474  656]
 [1476  656]]
Fuhrman 2, [[1600  644]
 [1602  642]
 [1604  639]
 [1604  635]
 [1604  631]
 [1602  628]
 [1598  625]
 [1595  624]
 [1592  623]
 [1588  622]
 [1585  623]
 [1582  624]
 [1579  626]
 [1577  628]
 [1575  631]
 [1574  635]
 [1573  637]
 [1573  639]
 [1573  642]
 [1574  645]
 [1575  647]
 [1577  649]
 [1579  649]
 [1581  650]
 [1585  651]
 [1589  651]
 [1591  650]
 [1594  649]
 [1596  648]
 [1598  646]
 [1600  644]]
Fuhrman 2, [[1531 1008]
 [1533 1005]
 [1535 1003]
 [1535  999]
 [1535  995]
 [1534  990]
 [1532  986]
 [1528  984]
 [1525  983]
 [1521  983]
 [1517  983]
 [1514  985]
 [1511  987]
 [1509  990]
 [1508  994]
 [1507  996]
 [1508 1000]
 [1509 1003]
 [1511 1006]
 [1514 1008]
 [1516 1009]
 [1519 1010]
 [1522 1010]
 [1526 1010]
 [1528 1009]
 [1530 1009]
 [1531 1007]]
Fuhrman 2, [[1719  903]
 [1721  900]
 [1723  896]
 [1724  892]
 [1724  887]
 [1723  883]
 [1721  880]
 [1718  878]
 [1715  876]
 [1713  875]
 [1709  876]
 [1706  878]
 [1703  880]
 [1700  882]
 [1697  885]
 [1695  887]
 [1695  891]
 [1695  893]
 [1695  897]
 [1696  900]
 [1697  903]
 [1699  904]
 [1701  906]
 [1703  907]
 [1707  907]
 [1710  906]
 [1714  906]
 [1717  905]
 [1718  903]
 [1719  903]]
Fuhrman 2, [[1159  842]
 [1161  841]
 [1163  839]
 [1164  837]
 [1165  834]
 [1165  829]
 [1163  825]
 [1161  822]
 [1158  820]
 [1155  819]
 [1151  817]
 [1147  816]
 [1143  817]
 [1140  818]
 [1137  821]
 [1135  823]
 [1134  825]
 [1134  827]
 [1134  830]
 [1134  833]
 [1134  833]
 [1135  835]
 [1135  836]
 [1136  838]
 [1137  840]
 [1138  841]
 [1140  841]
 [1142  842]
 [1144  843]
 [1146  844]
 [1147  845]
 [1150  846]
 [1151  846]
 [1154  845]
 [1157  845]
 [1158  844]
 [1159  842]]
Fuhrman 2, [[968 862]
 [971 860]
 [974 858]
 [976 855]
 [978 851]
 [978 847]
 [977 841]
 [976 837]
 [973 834]
 [969 832]
 [965 832]
 [961 832]
 [957 834]
 [954 835]
 [952 838]
 [950 840]
 [948 843]
 [947 846]
 [947 848]
 [947 851]
 [947 854]
 [949 856]
 [951 859]
 [953 860]
 [956 861]
 [960 862]
 [963 863]
 [966 863]
 [968 862]
 [968 862]]
Fuhrman 2, [[1132  706]
 [1135  703]
 [1136  701]
 [1137  698]
 [1137  694]
 [1135  689]
 [1134  687]
 [1131  684]
 [1127  682]
 [1123  681]
 [1120  681]
 [1117  683]
 [1115  686]
 [1114  689]
 [1113  691]
 [1113  695]
 [1113  698]
 [1114  701]
 [1116  704]
 [1118  706]
 [1120  708]
 [1122  710]
 [1123  711]
 [1125  712]
 [1126  711]
 [1128  710]
 [1130  708]
 [1132  707]
 [1132  705]]
Fuhrman 2, [[1256  665]
 [1259  665]
 [1261  665]
 [1263  664]
 [1265  663]
 [1266  661]
 [1267  657]
 [1267  653]
 [1265  648]
 [1264  646]
 [1261  644]
 [1259  642]
 [1255  641]
 [1253  642]
 [1251  642]
 [1248  643]
 [1245  644]
 [1244  645]
 [1243  648]
 [1242  651]
 [1241  654]
 [1241  656]
 [1242  659]
 [1243  660]
 [1245  662]
 [1248  663]
 [1250  664]
 [1252  664]
 [1254  664]
 [1256  665]]
Fuhrman 2, [[665 436]
 [667 436]
 [671 435]
 [673 434]
 [676 432]
 [677 430]
 [677 427]
 [676 424]
 [674 421]
 [671 419]
 [667 419]
 [664 419]
 [661 420]
 [660 421]
 [658 421]
 [655 422]
 [652 423]
 [649 425]
 [648 427]
 [648 429]
 [648 431]
 [650 433]
 [651 434]
 [653 434]
 [656 435]
 [659 436]
 [661 436]
 [663 436]
 [665 436]]
Fuhrman 2, [[678 310]
 [682 308]
 [684 306]
 [686 304]
 [687 302]
 [686 298]
 [684 295]
 [682 293]
 [679 291]
 [676 291]
 [672 290]
 [668 291]
 [664 292]
 [661 293]
 [658 294]
 [656 296]
 [654 298]
 [652 300]
 [651 302]
 [651 305]
 [652 307]
 [653 309]
 [655 310]
 [657 311]
 [660 312]
 [664 312]
 [667 312]
 [670 312]
 [673 311]
 [676 311]
 [677 310]
 [678 310]]
Fuhrman 2, [[1442  176]
 [1443  173]
 [1444  170]
 [1444  165]
 [1443  162]
 [1442  159]
 [1441  155]
 [1439  153]
 [1437  151]
 [1434  150]
 [1431  150]
 [1428  150]
 [1426  150]
 [1424  151]
 [1423  152]
 [1422  154]
 [1422  158]
 [1422  160]
 [1421  163]
 [1421  166]
 [1422  168]
 [1423  171]
 [1424  174]
 [1425  175]
 [1427  177]
 [1428  179]
 [1430  181]
 [1431  182]
 [1433  183]
 [1435  183]
 [1437  183]
 [1439  181]
 [1440  179]
 [1441  177]
 [1442  176]]
Fuhrman 2, [[1365  102]
 [1367  100]
 [1370   98]
 [1370   95]
 [1370   91]
 [1367   87]
 [1364   84]
 [1360   82]
 [1357   81]
 [1353   81]
 [1350   82]
 [1349   84]
 [1349   85]
 [1348   86]
 [1346   88]
 [1345   90]
 [1345   93]
 [1345   96]
 [1346   98]
 [1347  100]
 [1349  102]
 [1351  103]
 [1354  104]
 [1357  105]
 [1359  105]
 [1362  105]
 [1364  102]
 [1365  102]]
Fuhrman 2, [[ 683 1033]
 [ 686 1033]
 [ 688 1033]
 [ 690 1031]
 [ 692 1029]
 [ 693 1026]
 [ 694 1022]
 [ 694 1019]
 [ 692 1014]
 [ 690 1012]
 [ 688 1009]
 [ 685 1008]
 [ 682 1008]
 [ 680 1008]
 [ 678 1008]
 [ 676 1010]
 [ 673 1011]
 [ 671 1013]
 [ 669 1015]
 [ 668 1017]
 [ 668 1019]
 [ 668 1022]
 [ 669 1024]
 [ 670 1027]
 [ 671 1029]
 [ 673 1031]
 [ 674 1033]
 [ 676 1033]
 [ 679 1033]
 [ 681 1033]
 [ 684 1033]]
