Fuhrman 2, [[184 845]
 [186 844]
 [188 844]
 [191 843]
 [192 841]
 [193 839]
 [193 836]
 [193 831]
 [192 828]
 [191 826]
 [188 825]
 [185 823]
 [182 822]
 [180 822]
 [177 823]
 [174 824]
 [171 827]
 [170 830]
 [169 833]
 [169 837]
 [170 838]
 [171 840]
 [173 840]
 [174 842]
 [175 843]
 [177 844]
 [179 845]
 [181 846]
 [183 846]
 [184 845]]
Fuhrman 2, [[408 442]
 [410 441]
 [412 440]
 [414 438]
 [415 436]
 [416 434]
 [417 431]
 [416 426]
 [414 423]
 [411 420]
 [408 418]
 [405 417]
 [401 417]
 [398 417]
 [395 419]
 [392 421]
 [390 424]
 [390 427]
 [390 430]
 [390 433]
 [391 435]
 [392 438]
 [394 439]
 [395 440]
 [398 441]
 [400 442]
 [400 443]
 [402 443]
 [403 444]
 [405 444]
 [407 443]
 [408 442]]
Fuhrman 2, [[667 290]
 [669 287]
 [670 284]
 [671 280]
 [671 276]
 [669 271]
 [666 268]
 [663 266]
 [659 266]
 [655 265]
 [652 266]
 [649 267]
 [647 269]
 [645 272]
 [644 274]
 [645 278]
 [645 281]
 [646 284]
 [647 287]
 [650 290]
 [652 292]
 [654 293]
 [657 294]
 [659 294]
 [662 294]
 [664 293]
 [666 291]
 [668 290]]
Fuhrman 2, [[685 219]
 [687 218]
 [689 217]
 [690 215]
 [691 214]
 [692 213]
 [692 210]
 [691 206]
 [688 203]
 [684 201]
 [680 198]
 [676 197]
 [673 197]
 [668 197]
 [664 197]
 [661 199]
 [659 200]
 [658 203]
 [658 205]
 [658 207]
 [659 209]
 [661 211]
 [663 212]
 [666 213]
 [668 214]
 [670 215]
 [672 217]
 [674 217]
 [677 217]
 [678 218]
 [680 219]
 [682 219]
 [683 219]
 [685 219]]
Fuhrman 2, [[1207  311]
 [1209  309]
 [1211  306]
 [1212  303]
 [1212  299]
 [1210  294]
 [1207  292]
 [1204  289]
 [1200  287]
 [1197  287]
 [1193  288]
 [1190  290]
 [1188  292]
 [1186  295]
 [1185  298]
 [1184  303]
 [1185  305]
 [1186  308]
 [1188  310]
 [1190  313]
 [1193  315]
 [1194  316]
 [1195  316]
 [1198  317]
 [1200  316]
 [1202  315]
 [1205  313]
 [1207  312]
 [1207  311]]
Fuhrman 2, [[1233  272]
 [1235  272]
 [1238  272]
 [1242  272]
 [1245  272]
 [1248  270]
 [1251  268]
 [1253  267]
 [1255  265]
 [1257  261]
 [1257  259]
 [1257  256]
 [1256  253]
 [1255  250]
 [1252  247]
 [1248  245]
 [1245  244]
 [1242  245]
 [1240  246]
 [1237  246]
 [1235  246]
 [1232  247]
 [1232  249]
 [1231  249]
 [1229  250]
 [1227  252]
 [1226  255]
 [1225  257]
 [1225  260]
 [1224  262]
 [1224  265]
 [1225  267]
 [1226  269]
 [1226  270]
 [1228  271]
 [1229  272]
 [1231  272]
 [1233  272]]
Fuhrman 2, [[923 652]
 [926 651]
 [928 648]
 [930 646]
 [932 643]
 [933 640]
 [933 637]
 [932 633]
 [930 631]
 [927 628]
 [924 626]
 [920 626]
 [917 626]
 [913 627]
 [910 629]
 [908 631]
 [907 634]
 [907 637]
 [908 640]
 [908 643]
 [909 646]
 [910 648]
 [912 649]
 [914 650]
 [917 651]
 [919 652]
 [921 652]
 [922 652]
 [923 652]]
Fuhrman 2, [[1437  478]
 [1438  476]
 [1440  473]
 [1441  470]
 [1440  466]
 [1438  463]
 [1436  461]
 [1434  458]
 [1431  457]
 [1428  457]
 [1424  456]
 [1420  456]
 [1418  456]
 [1417  459]
 [1416  461]
 [1415  464]
 [1413  466]
 [1411  468]
 [1411  469]
 [1412  471]
 [1413  473]
 [1415  474]
 [1417  476]
 [1419  479]
 [1421  480]
 [1423  480]
 [1426  481]
 [1428  481]
 [1430  482]
 [1433  482]
 [1435  481]
 [1436  480]
 [1437  478]]
Fuhrman 2, [[1491  447]
 [1495  446]
 [1497  445]
 [1499  443]
 [1500  440]
 [1501  437]
 [1500  433]
 [1499  430]
 [1498  428]
 [1496  426]
 [1493  424]
 [1491  424]
 [1488  424]
 [1484  425]
 [1481  426]
 [1478  428]
 [1476  429]
 [1474  431]
 [1472  433]
 [1471  435]
 [1470  437]
 [1470  439]
 [1470  441]
 [1471  444]
 [1473  446]
 [1474  448]
 [1476  449]
 [1478  450]
 [1481  450]
 [1485  450]
 [1487  449]
 [1489  449]
 [1490  448]
 [1491  447]]
Fuhrman 2, [[1326  538]
 [1328  536]
 [1330  534]
 [1332  532]
 [1332  531]
 [1332  528]
 [1331  525]
 [1329  523]
 [1327  521]
 [1326  520]
 [1325  519]
 [1323  519]
 [1321  519]
 [1319  520]
 [1317  522]
 [1316  525]
 [1315  525]
 [1313  525]
 [1313  526]
 [1313  530]
 [1312  530]
 [1310  533]
 [1310  534]
 [1310  536]
 [1309  537]
 [1309  539]
 [1310  540]
 [1311  541]
 [1312  542]
 [1313  542]
 [1315  542]
 [1317  542]
 [1320  541]
 [1322  541]
 [1324  540]
 [1325  539]
 [1326  538]]
Fuhrman 2, [[1862  613]
 [1863  613]
 [1866  612]
 [1868  610]
 [1869  607]
 [1870  604]
 [1869  600]
 [1868  597]
 [1865  595]
 [1862  594]
 [1858  593]
 [1854  592]
 [1853  591]
 [1851  591]
 [1849  593]
 [1847  593]
 [1843  594]
 [1841  596]
 [1840  599]
 [1840  600]
 [1840  603]
 [1840  606]
 [1841  609]
 [1843  610]
 [1844  612]
 [1847  614]
 [1850  614]
 [1853  615]
 [1856  615]
 [1858  614]
 [1861  614]
 [1863  613]]
Fuhrman 2, [[1119  957]
 [1121  957]
 [1123  955]
 [1125  953]
 [1127  952]
 [1127  951]
 [1127  950]
 [1128  947]
 [1129  944]
 [1128  941]
 [1126  939]
 [1124  938]
 [1122  937]
 [1120  937]
 [1118  936]
 [1117  936]
 [1115  936]
 [1114  935]
 [1112  935]
 [1111  934]
 [1109  933]
 [1108  933]
 [1106  934]
 [1106  935]
 [1105  936]
 [1103  937]
 [1102  938]
 [1100  939]
 [1100  941]
 [1100  942]
 [1099  944]
 [1099  945]
 [1099  947]
 [1099  949]
 [1100  950]
 [1101  950]
 [1101  952]
 [1102  953]
 [1103  955]
 [1105  957]
 [1105  958]
 [1106  959]
 [1107  959]
 [1109  959]
 [1111  959]
 [1112  959]
 [1114  959]
 [1115  959]
 [1117  958]
 [1118  958]
 [1119  957]]
Fuhrman 2, [[560 686]
 [562 685]
 [564 683]
 [566 681]
 [567 679]
 [567 677]
 [567 673]
 [566 669]
 [564 666]
 [562 663]
 [560 660]
 [558 660]
 [555 660]
 [552 662]
 [549 665]
 [547 669]
 [546 672]
 [545 675]
 [545 677]
 [546 679]
 [547 681]
 [549 683]
 [551 684]
 [554 686]
 [555 686]
 [558 686]
 [560 686]]
Fuhrman 2, [[1048  377]
 [1050  375]
 [1052  373]
 [1053  371]
 [1053  368]
 [1053  364]
 [1051  361]
 [1048  359]
 [1046  358]
 [1043  356]
 [1040  356]
 [1037  356]
 [1034  357]
 [1032  357]
 [1030  359]
 [1029  361]
 [1027  363]
 [1025  366]
 [1025  368]
 [1025  371]
 [1026  375]
 [1027  376]
 [1029  378]
 [1030  380]
 [1032  381]
 [1035  381]
 [1037  382]
 [1040  382]
 [1044  381]
 [1046  380]
 [1048  378]
 [1048  377]]
Fuhrman 2, [[819 487]
 [821 486]
 [822 484]
 [824 481]
 [826 479]
 [826 476]
 [826 472]
 [825 468]
 [823 466]
 [821 463]
 [819 462]
 [816 461]
 [813 461]
 [810 461]
 [807 462]
 [804 463]
 [800 465]
 [798 468]
 [797 470]
 [796 472]
 [796 475]
 [796 478]
 [797 480]
 [797 483]
 [798 485]
 [800 487]
 [802 489]
 [804 490]
 [807 490]
 [810 491]
 [813 490]
 [815 489]
 [817 489]
 [818 488]
 [819 487]]
Fuhrman 2, [[578 367]
 [580 366]
 [582 364]
 [585 363]
 [585 360]
 [585 355]
 [585 351]
 [584 349]
 [581 348]
 [577 347]
 [572 347]
 [569 347]
 [566 349]
 [563 351]
 [562 353]
 [560 355]
 [560 357]
 [560 359]
 [560 361]
 [561 364]
 [562 365]
 [564 367]
 [565 368]
 [567 368]
 [569 369]
 [572 368]
 [575 368]
 [577 367]
 [578 367]]
Fuhrman 2, [[328 229]
 [331 228]
 [334 227]
 [336 225]
 [337 224]
 [337 220]
 [336 215]
 [334 210]
 [331 207]
 [327 205]
 [324 204]
 [320 204]
 [318 205]
 [316 209]
 [315 211]
 [315 214]
 [314 217]
 [314 219]
 [314 221]
 [314 224]
 [315 226]
 [316 227]
 [317 228]
 [318 229]
 [320 229]
 [322 230]
 [324 230]
 [326 229]
 [328 229]]
Fuhrman 2, [[174 167]
 [176 166]
 [178 164]
 [179 162]
 [179 157]
 [179 151]
 [177 148]
 [174 144]
 [172 142]
 [169 141]
 [165 142]
 [162 143]
 [160 145]
 [158 148]
 [157 151]
 [156 155]
 [156 158]
 [157 161]
 [158 164]
 [159 167]
 [160 168]
 [161 169]
 [162 170]
 [164 170]
 [166 170]
 [168 170]
 [170 171]
 [172 170]
 [173 169]
 [174 168]
 [174 167]]
Fuhrman 2, [[1764  821]
 [1767  822]
 [1770  821]
 [1773  821]
 [1776  820]
 [1779  818]
 [1782  816]
 [1784  813]
 [1785  809]
 [1785  806]
 [1784  801]
 [1781  797]
 [1778  795]
 [1772  795]
 [1769  795]
 [1766  795]
 [1762  796]
 [1759  797]
 [1755  799]
 [1753  801]
 [1751  803]
 [1750  806]
 [1750  809]
 [1751  812]
 [1752  815]
 [1753  817]
 [1754  818]
 [1757  820]
 [1759  821]
 [1761  822]
 [1763  821]
 [1764  821]]
Fuhrman 2, [[1738  114]
 [1741  115]
 [1744  116]
 [1746  116]
 [1748  115]
 [1749  112]
 [1750  108]
 [1748   96]
 [1746   92]
 [1744   88]
 [1742   84]
 [1740   82]
 [1737   81]
 [1734   80]
 [1732   81]
 [1730   82]
 [1728   84]
 [1728   87]
 [1727   90]
 [1727   95]
 [1727   99]
 [1727  102]
 [1728  105]
 [1729  107]
 [1730  110]
 [1732  112]
 [1734  113]
 [1735  113]
 [1737  114]
 [1738  115]]
