Fuhrman 2, [[ 78 300]
 [ 80 300]
 [ 82 299]
 [ 85 295]
 [ 86 290]
 [ 87 289]
 [ 89 286]
 [ 89 285]
 [ 88 282]
 [ 86 279]
 [ 84 277]
 [ 79 275]
 [ 75 273]
 [ 70 272]
 [ 68 271]
 [ 67 271]
 [ 65 272]
 [ 63 272]
 [ 59 272]
 [ 57 273]
 [ 55 274]
 [ 53 275]
 [ 51 278]
 [ 50 280]
 [ 50 282]
 [ 50 284]
 [ 52 286]
 [ 53 288]
 [ 55 290]
 [ 57 293]
 [ 58 294]
 [ 60 295]
 [ 61 296]
 [ 65 299]
 [ 67 300]
 [ 70 301]
 [ 74 301]
 [ 77 300]
 [ 78 300]]
Fuhrman 2, [[113 910]
 [115 911]
 [118 911]
 [120 911]
 [123 909]
 [124 908]
 [126 908]
 [128 908]
 [129 906]
 [131 904]
 [132 901]
 [132 899]
 [132 898]
 [133 897]
 [133 895]
 [133 892]
 [131 889]
 [130 888]
 [129 887]
 [129 885]
 [127 884]
 [125 882]
 [123 881]
 [122 880]
 [119 880]
 [115 881]
 [111 882]
 [109 883]
 [108 884]
 [106 885]
 [105 886]
 [104 887]
 [102 888]
 [101 891]
 [101 894]
 [100 896]
 [100 899]
 [100 901]
 [101 903]
 [102 905]
 [104 908]
 [105 909]
 [107 909]
 [110 909]
 [112 909]
 [113 910]
 [113 910]]
Fuhrman 2, [[707 221]
 [705 224]
 [704 227]
 [704 230]
 [706 232]
 [707 234]
 [710 236]
 [713 236]
 [717 236]
 [721 236]
 [721 236]
 [723 236]
 [726 236]
 [730 235]
 [731 234]
 [733 230]
 [734 227]
 [735 224]
 [735 220]
 [734 217]
 [731 215]
 [727 214]
 [723 213]
 [720 213]
 [718 212]
 [716 212]
 [714 213]
 [712 215]
 [712 216]
 [712 216]
 [709 217]
 [708 220]
 [707 221]]
Fuhrman 2, [[ 243 1050]
 [ 246 1051]
 [ 248 1051]
 [ 250 1051]
 [ 252 1050]
 [ 254 1049]
 [ 256 1047]
 [ 257 1046]
 [ 257 1044]
 [ 258 1043]
 [ 257 1041]
 [ 256 1038]
 [ 253 1034]
 [ 251 1032]
 [ 247 1029]
 [ 245 1028]
 [ 242 1026]
 [ 239 1025]
 [ 237 1025]
 [ 235 1026]
 [ 233 1027]
 [ 232 1028]
 [ 231 1030]
 [ 230 1031]
 [ 227 1032]
 [ 225 1034]
 [ 224 1036]
 [ 224 1037]
 [ 224 1039]
 [ 224 1041]
 [ 225 1042]
 [ 225 1044]
 [ 226 1045]
 [ 227 1045]
 [ 228 1045]
 [ 230 1045]
 [ 232 1046]
 [ 234 1047]
 [ 236 1049]
 [ 237 1049]
 [ 239 1049]
 [ 240 1050]
 [ 243 1050]]
Fuhrman 2, [[741 554]
 [744 553]
 [745 552]
 [746 552]
 [749 551]
 [751 551]
 [753 550]
 [755 548]
 [756 547]
 [757 545]
 [758 544]
 [758 542]
 [757 539]
 [756 537]
 [755 534]
 [752 532]
 [750 531]
 [748 530]
 [746 531]
 [744 531]
 [743 532]
 [742 532]
 [741 531]
 [740 529]
 [740 529]
 [738 528]
 [736 529]
 [735 529]
 [733 531]
 [731 534]
 [730 535]
 [729 538]
 [728 539]
 [727 542]
 [727 544]
 [727 546]
 [728 547]
 [729 549]
 [730 551]
 [731 552]
 [733 552]
 [735 553]
 [737 553]
 [738 553]
 [739 554]
 [741 554]
 [741 554]]
Fuhrman 2, [[1149  585]
 [1151  588]
 [1153  588]
 [1155  589]
 [1157  592]
 [1159  593]
 [1162  593]
 [1164  593]
 [1166  593]
 [1168  592]
 [1169  591]
 [1170  588]
 [1171  586]
 [1172  585]
 [1174  583]
 [1175  581]
 [1177  579]
 [1177  576]
 [1177  572]
 [1177  568]
 [1176  565]
 [1174  562]
 [1171  560]
 [1166  559]
 [1161  559]
 [1157  560]
 [1154  561]
 [1153  562]
 [1153  564]
 [1152  565]
 [1150  566]
 [1148  568]
 [1147  571]
 [1147  574]
 [1147  577]
 [1147  580]
 [1148  582]
 [1149  585]]
Fuhrman 2, [[1670   31]
 [1671   33]
 [1673   34]
 [1674   35]
 [1676   36]
 [1678   37]
 [1679   37]
 [1681   37]
 [1684   37]
 [1686   37]
 [1688   37]
 [1690   37]
 [1692   36]
 [1695   34]
 [1695   33]
 [1697   30]
 [1698   28]
 [1699   27]
 [1700   25]
 [1699   23]
 [1698   20]
 [1698   17]
 [1696   15]
 [1694   14]
 [1691   13]
 [1688   12]
 [1686   12]
 [1682   12]
 [1679   12]
 [1677   13]
 [1673   15]
 [1672   16]
 [1670   18]
 [1669   20]
 [1669   23]
 [1669   25]
 [1669   26]
 [1669   28]
 [1669   30]
 [1670   31]]
Fuhrman 2, [[1236  433]
 [1238  432]
 [1241  431]
 [1243  430]
 [1244  428]
 [1246  426]
 [1247  424]
 [1247  420]
 [1246  417]
 [1245  414]
 [1242  411]
 [1238  408]
 [1235  407]
 [1231  407]
 [1229  407]
 [1226  408]
 [1223  409]
 [1221  410]
 [1219  412]
 [1218  415]
 [1217  417]
 [1217  420]
 [1218  422]
 [1218  425]
 [1220  427]
 [1221  428]
 [1222  430]
 [1224  432]
 [1225  432]
 [1227  433]
 [1229  433]
 [1232  433]
 [1234  433]
 [1236  433]]
Fuhrman 2, [[893 200]
 [892 203]
 [891 206]
 [891 208]
 [891 210]
 [890 211]
 [890 212]
 [889 214]
 [889 216]
 [889 217]
 [890 219]
 [891 220]
 [892 220]
 [894 220]
 [896 220]
 [896 219]
 [897 219]
 [899 220]
 [900 221]
 [901 220]
 [904 220]
 [905 220]
 [907 219]
 [908 218]
 [909 217]
 [910 216]
 [911 215]
 [912 214]
 [913 214]
 [914 213]
 [915 211]
 [915 210]
 [916 208]
 [916 206]
 [916 203]
 [915 201]
 [913 199]
 [911 197]
 [909 196]
 [908 195]
 [904 194]
 [902 195]
 [899 195]
 [897 196]
 [895 197]
 [894 198]
 [893 200]
 [893 201]]
Fuhrman 2, [[1742  928]
 [1744  927]
 [1746  925]
 [1748  922]
 [1749  919]
 [1749  916]
 [1749  914]
 [1748  913]
 [1746  911]
 [1744  910]
 [1741  909]
 [1738  909]
 [1737  908]
 [1733  906]
 [1732  905]
 [1730  905]
 [1728  904]
 [1727  903]
 [1727  902]
 [1727  900]
 [1726  899]
 [1725  899]
 [1724  899]
 [1722  900]
 [1722  901]
 [1721  903]
 [1721  904]
 [1720  905]
 [1718  908]
 [1718  909]
 [1717  911]
 [1717  913]
 [1717  915]
 [1717  918]
 [1718  919]
 [1718  921]
 [1720  923]
 [1721  924]
 [1722  926]
 [1724  926]
 [1726  928]
 [1728  929]
 [1729  929]
 [1730  930]
 [1733  929]
 [1735  929]
 [1737  929]
 [1739  929]
 [1741  929]
 [1742  928]]
Fuhrman 2, [[637 958]
 [639 958]
 [640 958]
 [642 958]
 [644 958]
 [646 958]
 [648 957]
 [649 955]
 [650 953]
 [651 951]
 [651 948]
 [650 945]
 [649 942]
 [648 941]
 [648 940]
 [648 939]
 [648 937]
 [647 935]
 [646 934]
 [644 933]
 [643 932]
 [641 932]
 [640 933]
 [639 933]
 [638 934]
 [637 934]
 [635 934]
 [633 934]
 [632 935]
 [631 936]
 [631 937]
 [630 938]
 [630 940]
 [628 941]
 [627 942]
 [627 944]
 [627 945]
 [627 947]
 [627 949]
 [627 951]
 [628 952]
 [629 953]
 [630 953]
 [631 954]
 [632 955]
 [632 956]
 [633 957]
 [634 958]
 [635 959]
 [636 959]
 [637 958]]
Fuhrman 2, [[1381  493]
 [1383  493]
 [1385  493]
 [1387  492]
 [1390  492]
 [1392  491]
 [1393  490]
 [1395  489]
 [1396  487]
 [1397  485]
 [1398  483]
 [1397  481]
 [1397  479]
 [1396  477]
 [1394  475]
 [1392  473]
 [1391  472]
 [1390  471]
 [1388  470]
 [1386  469]
 [1385  469]
 [1383  469]
 [1381  468]
 [1380  468]
 [1378  467]
 [1377  466]
 [1375  467]
 [1373  467]
 [1371  468]
 [1370  469]
 [1368  470]
 [1367  471]
 [1366  474]
 [1366  476]
 [1366  478]
 [1365  480]
 [1365  481]
 [1365  482]
 [1365  484]
 [1366  485]
 [1367  485]
 [1368  486]
 [1368  488]
 [1369  490]
 [1370  491]
 [1372  492]
 [1374  493]
 [1375  493]
 [1378  493]
 [1380  493]
 [1381  493]]
Fuhrman 2, [[1414  236]
 [1416  238]
 [1418  239]
 [1420  240]
 [1421  240]
 [1423  241]
 [1425  240]
 [1426  240]
 [1428  239]
 [1429  237]
 [1429  234]
 [1430  231]
 [1429  227]
 [1428  222]
 [1427  217]
 [1424  214]
 [1421  210]
 [1419  208]
 [1417  206]
 [1414  206]
 [1411  205]
 [1409  206]
 [1407  206]
 [1405  207]
 [1404  210]
 [1404  212]
 [1404  215]
 [1404  217]
 [1404  219]
 [1404  222]
 [1404  224]
 [1405  226]
 [1406  227]
 [1407  229]
 [1408  231]
 [1409  232]
 [1411  233]
 [1413  235]
 [1414  236]]
Fuhrman 2, [[1302  328]
 [1300  329]
 [1298  330]
 [1297  331]
 [1297  333]
 [1297  334]
 [1296  335]
 [1294  336]
 [1293  337]
 [1293  338]
 [1293  340]
 [1293  341]
 [1293  343]
 [1293  344]
 [1294  346]
 [1294  348]
 [1294  350]
 [1295  351]
 [1296  352]
 [1297  353]
 [1298  353]
 [1299  353]
 [1300  354]
 [1302  355]
 [1303  356]
 [1305  356]
 [1307  356]
 [1308  356]
 [1310  355]
 [1312  354]
 [1313  353]
 [1316  351]
 [1316  349]
 [1317  347]
 [1318  345]
 [1318  344]
 [1318  341]
 [1318  339]
 [1317  337]
 [1317  336]
 [1316  335]
 [1314  334]
 [1313  333]
 [1313  332]
 [1312  330]
 [1311  329]
 [1309  329]
 [1307  328]
 [1305  328]
 [1304  328]
 [1302  328]]
Fuhrman 2, [[ 718 1053]
 [ 720 1053]
 [ 721 1051]
 [ 723 1049]
 [ 725 1046]
 [ 726 1043]
 [ 727 1042]
 [ 727 1040]
 [ 728 1039]
 [ 729 1036]
 [ 728 1033]
 [ 728 1030]
 [ 727 1027]
 [ 725 1026]
 [ 724 1025]
 [ 721 1023]
 [ 720 1022]
 [ 717 1021]
 [ 714 1020]
 [ 713 1021]
 [ 711 1021]
 [ 709 1021]
 [ 706 1021]
 [ 704 1022]
 [ 703 1023]
 [ 701 1025]
 [ 701 1026]
 [ 700 1028]
 [ 700 1030]
 [ 701 1033]
 [ 702 1035]
 [ 703 1037]
 [ 704 1039]
 [ 705 1040]
 [ 706 1042]
 [ 707 1043]
 [ 708 1044]
 [ 709 1046]
 [ 709 1047]
 [ 709 1049]
 [ 710 1051]
 [ 711 1051]
 [ 712 1052]
 [ 712 1052]
 [ 713 1053]
 [ 714 1053]
 [ 716 1053]
 [ 717 1053]
 [ 718 1053]]
Fuhrman 2, [[ 479 1041]
 [ 482 1041]
 [ 484 1039]
 [ 488 1037]
 [ 489 1036]
 [ 491 1035]
 [ 491 1034]
 [ 492 1032]
 [ 491 1029]
 [ 490 1026]
 [ 489 1024]
 [ 487 1022]
 [ 483 1022]
 [ 478 1022]
 [ 476 1023]
 [ 474 1023]
 [ 472 1022]
 [ 470 1023]
 [ 469 1023]
 [ 466 1023]
 [ 463 1023]
 [ 461 1023]
 [ 459 1024]
 [ 458 1025]
 [ 458 1027]
 [ 458 1030]
 [ 458 1032]
 [ 459 1034]
 [ 460 1036]
 [ 462 1038]
 [ 464 1039]
 [ 466 1040]
 [ 468 1041]
 [ 470 1041]
 [ 473 1042]
 [ 476 1042]
 [ 478 1041]
 [ 479 1041]]
Fuhrman 2, [[1164  877]
 [1167  876]
 [1170  875]
 [1174  873]
 [1176  871]
 [1178  870]
 [1179  867]
 [1179  866]
 [1180  864]
 [1179  861]
 [1179  858]
 [1177  855]
 [1175  853]
 [1172  851]
 [1169  849]
 [1167  849]
 [1165  849]
 [1164  849]
 [1163  848]
 [1160  848]
 [1159  848]
 [1156  848]
 [1153  850]
 [1151  851]
 [1149  852]
 [1148  854]
 [1146  856]
 [1145  858]
 [1144  860]
 [1145  862]
 [1145  864]
 [1146  866]
 [1148  869]
 [1150  871]
 [1152  873]
 [1154  874]
 [1156  875]
 [1159  876]
 [1161  877]
 [1163  877]
 [1164  877]]
Fuhrman 2, [[1373 1043]
 [1375 1045]
 [1377 1047]
 [1379 1048]
 [1380 1050]
 [1381 1051]
 [1383 1051]
 [1384 1051]
 [1386 1050]
 [1388 1048]
 [1389 1045]
 [1390 1042]
 [1390 1039]
 [1391 1037]
 [1392 1034]
 [1391 1030]
 [1391 1026]
 [1390 1024]
 [1388 1022]
 [1386 1020]
 [1384 1020]
 [1381 1020]
 [1380 1021]
 [1377 1023]
 [1376 1025]
 [1375 1026]
 [1373 1027]
 [1372 1029]
 [1372 1031]
 [1372 1033]
 [1371 1036]
 [1372 1038]
 [1372 1040]
 [1372 1041]
 [1372 1042]
 [1373 1043]]
Fuhrman 2, [[ 998  498]
 [1000  497]
 [1001  497]
 [1003  497]
 [1005  496]
 [1007  496]
 [1008  495]
 [1009  493]
 [1010  492]
 [1011  490]
 [1011  488]
 [1011  486]
 [1009  485]
 [1008  483]
 [1006  481]
 [1005  479]
 [1003  478]
 [1001  476]
 [ 999  475]
 [ 997  474]
 [ 995  474]
 [ 993  474]
 [ 991  475]
 [ 989  475]
 [ 987  477]
 [ 986  479]
 [ 985  481]
 [ 985  483]
 [ 985  484]
 [ 984  485]
 [ 982  486]
 [ 981  488]
 [ 981  490]
 [ 981  491]
 [ 982  493]
 [ 983  495]
 [ 984  497]
 [ 986  498]
 [ 989  499]
 [ 990  499]
 [ 992  499]
 [ 993  500]
 [ 994  500]
 [ 996  500]
 [ 997  499]
 [ 998  498]]
Fuhrman 2, [[1864 1047]
 [1867 1045]
 [1869 1043]
 [1871 1040]
 [1872 1037]
 [1872 1033]
 [1871 1029]
 [1868 1025]
 [1866 1022]
 [1864 1020]
 [1861 1017]
 [1858 1016]
 [1855 1015]
 [1852 1015]
 [1850 1016]
 [1847 1015]
 [1845 1017]
 [1845 1018]
 [1845 1020]
 [1845 1021]
 [1844 1022]
 [1842 1023]
 [1840 1026]
 [1838 1028]
 [1837 1031]
 [1836 1034]
 [1836 1037]
 [1837 1039]
 [1838 1042]
 [1839 1044]
 [1841 1046]
 [1843 1047]
 [1844 1049]
 [1845 1051]
 [1846 1052]
 [1849 1053]
 [1852 1053]
 [1854 1053]
 [1856 1053]
 [1857 1051]
 [1859 1049]
 [1861 1049]
 [1863 1047]
 [1864 1047]]
