Fuhrman 2, [[247 153]
 [247 153]
 [249 154]
 [252 153]
 [254 152]
 [255 150]
 [256 148]
 [256 145]
 [256 141]
 [255 137]
 [255 135]
 [253 132]
 [251 130]
 [248 129]
 [245 129]
 [241 129]
 [239 131]
 [237 132]
 [235 136]
 [235 138]
 [234 141]
 [234 143]
 [235 145]
 [236 147]
 [237 149]
 [239 151]
 [241 152]
 [243 153]
 [245 154]
 [248 153]]
Fuhrman 2, [[131 335]
 [129 337]
 [129 340]
 [129 343]
 [129 347]
 [129 350]
 [129 353]
 [129 356]
 [130 358]
 [131 360]
 [132 362]
 [134 363]
 [135 364]
 [137 364]
 [140 364]
 [142 364]
 [144 362]
 [146 360]
 [148 359]
 [149 357]
 [150 354]
 [150 352]
 [150 350]
 [149 348]
 [149 345]
 [149 341]
 [149 339]
 [148 337]
 [146 335]
 [144 333]
 [143 332]
 [142 331]
 [140 331]
 [138 332]
 [136 332]
 [134 333]
 [132 334]
 [131 335]]
Fuhrman 2, [[194 467]
 [191 471]
 [190 475]
 [190 479]
 [192 482]
 [194 485]
 [198 487]
 [201 488]
 [205 489]
 [209 489]
 [214 487]
 [216 486]
 [218 483]
 [219 480]
 [219 477]
 [219 472]
 [218 468]
 [215 464]
 [213 462]
 [210 462]
 [207 461]
 [205 460]
 [202 461]
 [200 463]
 [198 464]
 [196 465]
 [194 467]]
Fuhrman 2, [[724 517]
 [726 517]
 [729 515]
 [731 513]
 [732 510]
 [733 506]
 [732 502]
 [731 499]
 [728 496]
 [725 493]
 [721 492]
 [716 492]
 [712 494]
 [708 497]
 [706 499]
 [705 502]
 [705 505]
 [706 508]
 [707 510]
 [708 513]
 [710 515]
 [713 517]
 [715 518]
 [718 518]
 [721 518]
 [724 517]]
Fuhrman 2, [[617 889]
 [617 882]
 [617 879]
 [615 876]
 [612 873]
 [610 872]
 [608 871]
 [605 870]
 [602 872]
 [600 874]
 [598 876]
 [597 880]
 [596 883]
 [596 886]
 [597 890]
 [597 894]
 [599 898]
 [600 901]
 [602 904]
 [604 905]
 [606 906]
 [609 905]
 [612 904]
 [615 901]
 [616 897]
 [617 896]
 [617 893]
 [616 891]
 [617 888]]
Fuhrman 2, [[650 670]
 [652 669]
 [654 668]
 [656 666]
 [656 663]
 [657 659]
 [657 655]
 [657 652]
 [655 649]
 [653 646]
 [651 645]
 [648 645]
 [644 645]
 [641 647]
 [640 650]
 [639 652]
 [638 657]
 [638 661]
 [639 664]
 [640 666]
 [641 667]
 [644 668]
 [645 669]
 [647 670]
 [649 670]
 [650 670]]
Fuhrman 2, [[1096  602]
 [1098  602]
 [1101  600]
 [1103  598]
 [1105  597]
 [1107  594]
 [1107  592]
 [1107  588]
 [1105  585]
 [1102  581]
 [1098  579]
 [1096  577]
 [1092  576]
 [1088  577]
 [1086  579]
 [1084  581]
 [1082  583]
 [1080  586]
 [1080  589]
 [1080  591]
 [1081  593]
 [1082  597]
 [1085  599]
 [1087  600]
 [1089  601]
 [1091  602]
 [1094  602]
 [1096  602]]
Fuhrman 2, [[1176  629]
 [1177  631]
 [1178  633]
 [1179  633]
 [1181  634]
 [1182  634]
 [1185  633]
 [1186  633]
 [1188  631]
 [1189  630]
 [1191  628]
 [1191  627]
 [1192  625]
 [1191  622]
 [1191  619]
 [1190  617]
 [1189  614]
 [1187  612]
 [1185  610]
 [1182  609]
 [1179  609]
 [1177  609]
 [1175  609]
 [1174  610]
 [1172  610]
 [1170  611]
 [1168  611]
 [1167  613]
 [1166  615]
 [1165  617]
 [1165  619]
 [1165  622]
 [1166  624]
 [1166  626]
 [1167  628]
 [1168  629]
 [1169  629]
 [1171  629]
 [1173  629]
 [1175  629]
 [1176  629]]
Fuhrman 2, [[1758  848]
 [1761  847]
 [1763  846]
 [1765  845]
 [1767  843]
 [1768  840]
 [1769  838]
 [1770  835]
 [1769  831]
 [1768  828]
 [1764  824]
 [1762  822]
 [1759  821]
 [1756  821]
 [1751  821]
 [1749  822]
 [1747  824]
 [1745  825]
 [1743  828]
 [1742  832]
 [1742  834]
 [1742  837]
 [1743  840]
 [1744  843]
 [1745  844]
 [1747  846]
 [1750  847]
 [1753  848]
 [1755  848]
 [1757  848]
 [1759  848]]
Fuhrman 2, [[1643  963]
 [1647  962]
 [1649  961]
 [1652  958]
 [1653  954]
 [1652  950]
 [1651  945]
 [1648  941]
 [1645  938]
 [1641  937]
 [1637  936]
 [1633  938]
 [1630  938]
 [1627  940]
 [1627  944]
 [1626  947]
 [1626  949]
 [1626  950]
 [1625  953]
 [1625  955]
 [1625  957]
 [1627  959]
 [1629  961]
 [1632  963]
 [1635  964]
 [1638  964]
 [1641  964]
 [1644  963]]
Fuhrman 2, [[ 137 1016]
 [ 139 1017]
 [ 142 1018]
 [ 145 1018]
 [ 148 1017]
 [ 152 1015]
 [ 154 1013]
 [ 156 1011]
 [ 157 1008]
 [ 157 1006]
 [ 156 1002]
 [ 154  999]
 [ 150  998]
 [ 147  997]
 [ 143  997]
 [ 140  997]
 [ 138  998]
 [ 136 1001]
 [ 135 1004]
 [ 135 1008]
 [ 135 1011]
 [ 136 1013]
 [ 136 1014]
 [ 137 1015]]
Fuhrman 2, [[204 788]
 [207 787]
 [209 785]
 [211 783]
 [212 780]
 [213 776]
 [212 772]
 [211 768]
 [208 765]
 [204 763]
 [201 761]
 [196 760]
 [193 760]
 [189 761]
 [186 763]
 [183 765]
 [182 769]
 [181 771]
 [180 774]
 [180 778]
 [181 781]
 [182 785]
 [184 787]
 [186 788]
 [189 790]
 [192 790]
 [196 791]
 [200 790]
 [202 789]
 [204 788]]
Fuhrman 2, [[ 660 1010]
 [ 662 1009]
 [ 665 1007]
 [ 666 1005]
 [ 667 1002]
 [ 668  999]
 [ 667  995]
 [ 666  992]
 [ 663  989]
 [ 660  988]
 [ 655  987]
 [ 652  987]
 [ 648  988]
 [ 644  990]
 [ 642  992]
 [ 641  994]
 [ 640  997]
 [ 640 1000]
 [ 640 1002]
 [ 641 1005]
 [ 642 1008]
 [ 644 1010]
 [ 647 1012]
 [ 648 1013]
 [ 652 1013]
 [ 654 1012]
 [ 658 1012]
 [ 659 1011]
 [ 660 1010]]
Fuhrman 2, [[757 977]
 [762 978]
 [765 978]
 [768 977]
 [771 978]
 [774 977]
 [775 976]
 [777 975]
 [779 974]
 [781 972]
 [781 969]
 [780 967]
 [779 964]
 [778 961]
 [776 959]
 [773 957]
 [768 955]
 [765 955]
 [762 955]
 [759 956]
 [758 956]
 [754 956]
 [751 957]
 [748 958]
 [746 960]
 [744 962]
 [743 964]
 [741 967]
 [741 968]
 [741 971]
 [741 974]
 [743 976]
 [745 977]
 [748 978]
 [751 978]
 [755 978]
 [758 977]]
Fuhrman 2, [[791 857]
 [794 856]
 [796 855]
 [797 852]
 [798 848]
 [799 844]
 [797 841]
 [795 839]
 [792 837]
 [789 836]
 [786 834]
 [783 833]
 [780 833]
 [777 834]
 [775 835]
 [773 836]
 [771 838]
 [769 840]
 [769 843]
 [769 846]
 [770 850]
 [771 851]
 [773 852]
 [776 852]
 [779 852]
 [780 853]
 [781 855]
 [782 856]
 [785 857]
 [788 857]
 [789 857]
 [791 857]]
Fuhrman 2, [[1268  447]
 [1271  445]
 [1273  445]
 [1275  443]
 [1276  441]
 [1276  438]
 [1276  436]
 [1275  433]
 [1274  430]
 [1274  428]
 [1272  427]
 [1269  426]
 [1268  426]
 [1266  425]
 [1263  424]
 [1261  425]
 [1258  426]
 [1255  427]
 [1253  428]
 [1252  431]
 [1251  434]
 [1250  437]
 [1251  439]
 [1252  442]
 [1254  445]
 [1257  446]
 [1259  447]
 [1262  447]
 [1265  447]
 [1267  447]
 [1268  447]]
Fuhrman 2, [[1215  376]
 [1218  375]
 [1219  373]
 [1222  371]
 [1224  368]
 [1224  365]
 [1224  360]
 [1222  354]
 [1220  352]
 [1217  352]
 [1214  351]
 [1212  350]
 [1208  350]
 [1206  351]
 [1204  352]
 [1203  353]
 [1201  355]
 [1200  357]
 [1199  359]
 [1198  363]
 [1199  367]
 [1200  370]
 [1201  372]
 [1203  373]
 [1205  374]
 [1206  375]
 [1208  376]
 [1211  376]
 [1213  376]
 [1215  376]]
Fuhrman 2, [[1128  273]
 [1130  271]
 [1130  268]
 [1130  265]
 [1129  261]
 [1127  259]
 [1126  258]
 [1123  257]
 [1120  256]
 [1118  256]
 [1115  258]
 [1113  259]
 [1111  260]
 [1109  261]
 [1108  263]
 [1108  265]
 [1108  267]
 [1109  269]
 [1110  271]
 [1110  273]
 [1112  274]
 [1113  276]
 [1114  278]
 [1115  278]
 [1116  279]
 [1117  279]
 [1119  280]
 [1121  280]
 [1124  279]
 [1126  278]
 [1127  277]
 [1127  275]
 [1128  274]
 [1128  273]]
Fuhrman 2, [[1718  505]
 [1720  503]
 [1722  501]
 [1723  498]
 [1723  493]
 [1722  489]
 [1720  486]
 [1717  483]
 [1714  482]
 [1710  481]
 [1708  481]
 [1704  482]
 [1701  483]
 [1699  485]
 [1696  488]
 [1694  490]
 [1694  492]
 [1694  494]
 [1694  497]
 [1695  500]
 [1697  503]
 [1699  506]
 [1701  507]
 [1704  508]
 [1707  509]
 [1711  509]
 [1714  508]
 [1716  507]
 [1718  505]]
Fuhrman 2, [[ 59  98]
 [ 61  96]
 [ 64  94]
 [ 66  91]
 [ 68  89]
 [ 69  85]
 [ 69  80]
 [ 68  76]
 [ 65  74]
 [ 61  72]
 [ 57  72]
 [ 52  72]
 [ 49  73]
 [ 46  75]
 [ 44  75]
 [ 41  77]
 [ 39  79]
 [ 36  81]
 [ 35  83]
 [ 34  86]
 [ 34  88]
 [ 34  91]
 [ 35  94]
 [ 37  96]
 [ 41  98]
 [ 44  99]
 [ 48 100]
 [ 52 100]
 [ 55 100]
 [ 57 100]
 [ 58  99]
 [ 59  98]]
