Fuhrman 2, [[328 342]
 [331 342]
 [333 341]
 [336 340]
 [337 338]
 [338 337]
 [338 337]
 [339 336]
 [340 333]
 [340 330]
 [339 325]
 [337 323]
 [335 321]
 [332 319]
 [328 319]
 [324 318]
 [320 318]
 [317 320]
 [316 322]
 [314 325]
 [313 328]
 [312 331]
 [312 333]
 [313 335]
 [313 335]
 [314 337]
 [316 338]
 [318 340]
 [320 341]
 [323 342]
 [325 342]
 [328 342]]
Fuhrman 2, [[377 284]
 [381 284]
 [384 283]
 [387 282]
 [389 281]
 [391 280]
 [393 278]
 [394 276]
 [395 274]
 [396 272]
 [396 271]
 [395 269]
 [394 267]
 [394 264]
 [392 263]
 [388 262]
 [386 261]
 [383 261]
 [379 262]
 [376 264]
 [375 265]
 [375 267]
 [374 268]
 [372 268]
 [369 269]
 [368 271]
 [367 273]
 [367 276]
 [368 278]
 [369 280]
 [371 282]
 [373 283]
 [375 284]
 [378 284]]
Fuhrman 2, [[517 973]
 [521 973]
 [524 974]
 [527 973]
 [529 972]
 [531 970]
 [533 967]
 [534 963]
 [534 958]
 [533 955]
 [531 952]
 [527 949]
 [525 948]
 [521 949]
 [519 949]
 [517 952]
 [516 953]
 [514 953]
 [512 954]
 [510 956]
 [510 959]
 [510 960]
 [510 964]
 [510 967]
 [511 969]
 [513 970]
 [515 972]
 [517 973]]
Fuhrman 2, [[511 608]
 [511 610]
 [513 613]
 [516 616]
 [520 617]
 [524 617]
 [528 616]
 [533 614]
 [535 613]
 [538 612]
 [540 611]
 [542 609]
 [542 607]
 [542 604]
 [541 601]
 [539 598]
 [537 595]
 [535 593]
 [533 592]
 [531 591]
 [529 591]
 [525 591]
 [523 591]
 [519 593]
 [517 594]
 [515 596]
 [514 600]
 [513 602]
 [512 604]
 [511 608]]
Fuhrman 2, [[693 265]
 [697 264]
 [701 264]
 [704 263]
 [707 261]
 [708 258]
 [709 255]
 [708 252]
 [705 247]
 [703 245]
 [702 242]
 [700 241]
 [697 240]
 [693 239]
 [688 238]
 [686 236]
 [683 237]
 [682 239]
 [681 241]
 [679 243]
 [676 246]
 [675 248]
 [673 250]
 [671 252]
 [671 254]
 [672 256]
 [673 259]
 [675 260]
 [677 261]
 [678 261]
 [680 263]
 [682 265]
 [686 265]
 [689 265]
 [693 265]]
Fuhrman 2, [[911 266]
 [911 266]
 [909 262]
 [905 259]
 [904 258]
 [901 257]
 [898 255]
 [897 254]
 [895 254]
 [893 255]
 [891 256]
 [889 259]
 [889 262]
 [889 266]
 [890 269]
 [890 271]
 [891 275]
 [892 278]
 [893 280]
 [895 281]
 [896 282]
 [897 286]
 [898 288]
 [900 288]
 [902 290]
 [904 292]
 [908 294]
 [911 296]
 [916 296]
 [919 296]
 [923 295]
 [926 294]
 [928 292]
 [929 290]
 [931 289]
 [931 287]
 [931 285]
 [930 283]
 [929 281]
 [929 278]
 [928 277]
 [927 275]
 [925 275]
 [924 275]
 [921 273]
 [919 273]
 [918 269]
 [917 267]
 [915 267]
 [913 267]
 [912 267]
 [911 266]]
Fuhrman 2, [[968 632]
 [973 631]
 [977 629]
 [980 626]
 [981 625]
 [983 622]
 [984 619]
 [984 616]
 [982 613]
 [981 611]
 [979 609]
 [977 606]
 [975 605]
 [973 604]
 [970 603]
 [967 603]
 [964 603]
 [962 604]
 [961 606]
 [961 607]
 [959 608]
 [957 609]
 [955 612]
 [954 614]
 [953 616]
 [953 619]
 [953 621]
 [954 624]
 [954 626]
 [955 627]
 [956 629]
 [958 630]
 [960 631]
 [963 631]
 [964 632]
 [966 633]
 [969 632]]
Fuhrman 2, [[1161  594]
 [1163  593]
 [1165  592]
 [1167  590]
 [1167  587]
 [1167  584]
 [1169  581]
 [1170  580]
 [1172  578]
 [1172  576]
 [1171  573]
 [1171  572]
 [1172  573]
 [1173  572]
 [1174  571]
 [1174  570]
 [1173  570]
 [1171  568]
 [1170  567]
 [1168  566]
 [1166  566]
 [1164  566]
 [1161  566]
 [1160  567]
 [1159  569]
 [1158  570]
 [1155  572]
 [1154  574]
 [1154  576]
 [1154  576]
 [1153  578]
 [1153  579]
 [1153  580]
 [1152  581]
 [1151  582]
 [1150  584]
 [1150  585]
 [1149  587]
 [1149  588]
 [1150  590]
 [1150  591]
 [1151  591]
 [1152  593]
 [1153  594]
 [1155  594]
 [1156  594]
 [1158  594]
 [1160  594]
 [1161  594]]
Fuhrman 2, [[1402  240]
 [1406  238]
 [1409  237]
 [1410  234]
 [1412  232]
 [1412  228]
 [1411  223]
 [1409  219]
 [1407  216]
 [1403  213]
 [1401  212]
 [1398  212]
 [1395  212]
 [1392  214]
 [1389  216]
 [1388  218]
 [1386  220]
 [1385  223]
 [1385  225]
 [1385  229]
 [1387  232]
 [1388  235]
 [1390  237]
 [1392  239]
 [1395  240]
 [1398  240]
 [1401  240]
 [1403  240]]
Fuhrman 2, [[1609  978]
 [1612  978]
 [1615  979]
 [1617  980]
 [1620  980]
 [1622  978]
 [1624  976]
 [1627  974]
 [1628  972]
 [1629  968]
 [1628  964]
 [1625  959]
 [1622  956]
 [1618  954]
 [1615  953]
 [1613  953]
 [1611  954]
 [1610  955]
 [1606  956]
 [1605  958]
 [1605  962]
 [1605  963]
 [1604  964]
 [1603  966]
 [1602  967]
 [1602  970]
 [1603  971]
 [1604  972]
 [1604  974]
 [1605  976]
 [1606  977]
 [1607  978]
 [1609  978]]
Fuhrman 2, [[1802  953]
 [1805  952]
 [1807  951]
 [1809  950]
 [1811  949]
 [1812  947]
 [1812  943]
 [1811  939]
 [1809  935]
 [1805  932]
 [1802  930]
 [1799  930]
 [1796  930]
 [1793  930]
 [1791  932]
 [1789  933]
 [1788  934]
 [1786  936]
 [1785  938]
 [1784  941]
 [1784  944]
 [1785  946]
 [1786  948]
 [1787  949]
 [1789  952]
 [1791  952]
 [1794  954]
 [1797  954]
 [1800  954]
 [1803  953]]
Fuhrman 2, [[1720  614]
 [1726  613]
 [1728  612]
 [1731  610]
 [1735  605]
 [1736  603]
 [1737  602]
 [1736  599]
 [1734  597]
 [1732  595]
 [1731  592]
 [1728  590]
 [1723  589]
 [1719  588]
 [1715  589]
 [1712  590]
 [1709  592]
 [1707  594]
 [1706  596]
 [1706  599]
 [1706  603]
 [1707  607]
 [1708  610]
 [1710  611]
 [1712  612]
 [1715  613]
 [1717  614]
 [1720  614]]
Fuhrman 2, [[1675  649]
 [1678  649]
 [1681  648]
 [1683  646]
 [1685  643]
 [1687  640]
 [1689  637]
 [1690  635]
 [1689  632]
 [1689  629]
 [1688  626]
 [1686  623]
 [1683  621]
 [1680  621]
 [1677  620]
 [1673  620]
 [1670  621]
 [1666  622]
 [1664  624]
 [1662  624]
 [1660  625]
 [1659  628]
 [1659  630]
 [1660  632]
 [1661  634]
 [1660  636]
 [1660  639]
 [1661  641]
 [1662  644]
 [1664  647]
 [1667  648]
 [1669  649]
 [1672  649]
 [1675  649]]
Fuhrman 2, [[ 621 1000]
 [ 624  998]
 [ 626  998]
 [ 630  999]
 [ 632  999]
 [ 633  997]
 [ 634  994]
 [ 635  991]
 [ 635  988]
 [ 637  986]
 [ 638  984]
 [ 639  980]
 [ 638  976]
 [ 638  975]
 [ 636  973]
 [ 633  972]
 [ 629  970]
 [ 626  970]
 [ 621  969]
 [ 619  970]
 [ 617  971]
 [ 615  970]
 [ 611  970]
 [ 608  971]
 [ 606  972]
 [ 604  974]
 [ 604  975]
 [ 602  975]
 [ 601  976]
 [ 600  979]
 [ 599  981]
 [ 598  985]
 [ 598  987]
 [ 599  990]
 [ 600  993]
 [ 601  997]
 [ 603  999]
 [ 606 1000]
 [ 608 1000]
 [ 612 1000]
 [ 616  999]
 [ 618 1000]
 [ 620 1000]
 [ 621 1000]]
Fuhrman 2, [[ 723 1071]
 [ 726 1070]
 [ 728 1070]
 [ 729 1069]
 [ 730 1066]
 [ 730 1066]
 [ 731 1065]
 [ 732 1065]
 [ 734 1065]
 [ 734 1063]
 [ 735 1061]
 [ 735 1058]
 [ 735 1055]
 [ 734 1053]
 [ 732 1051]
 [ 730 1048]
 [ 727 1047]
 [ 725 1047]
 [ 721 1047]
 [ 718 1048]
 [ 716 1048]
 [ 715 1048]
 [ 713 1048]
 [ 711 1049]
 [ 710 1050]
 [ 709 1052]
 [ 708 1054]
 [ 708 1056]
 [ 709 1058]
 [ 709 1061]
 [ 710 1063]
 [ 713 1065]
 [ 714 1066]
 [ 716 1066]
 [ 717 1066]
 [ 718 1067]
 [ 719 1068]
 [ 720 1068]
 [ 720 1069]
 [ 722 1070]
 [ 723 1071]
 [ 724 1071]]
Fuhrman 2, [[997 756]
 [998 754]
 [999 752]
 [999 749]
 [999 747]
 [999 744]
 [997 741]
 [995 738]
 [993 736]
 [990 734]
 [988 732]
 [986 731]
 [985 730]
 [984 729]
 [982 728]
 [980 729]
 [978 730]
 [976 731]
 [975 733]
 [973 735]
 [973 738]
 [973 740]
 [973 741]
 [974 742]
 [973 744]
 [973 746]
 [974 747]
 [974 749]
 [975 751]
 [976 753]
 [978 754]
 [980 756]
 [982 757]
 [985 758]
 [988 758]
 [991 758]
 [994 758]
 [995 758]
 [997 757]
 [997 756]]
Fuhrman 2, [[217 362]
 [221 361]
 [223 361]
 [227 361]
 [230 360]
 [233 359]
 [234 358]
 [234 355]
 [234 352]
 [234 348]
 [232 345]
 [229 342]
 [227 339]
 [224 338]
 [221 337]
 [218 337]
 [214 338]
 [212 338]
 [209 339]
 [207 340]
 [206 341]
 [204 340]
 [201 340]
 [200 342]
 [200 344]
 [199 345]
 [198 346]
 [197 349]
 [197 351]
 [197 352]
 [196 354]
 [196 356]
 [196 358]
 [197 360]
 [199 361]
 [201 362]
 [204 362]
 [207 363]
 [208 362]
 [210 361]
 [212 361]
 [213 362]
 [215 363]
 [217 362]]
Fuhrman 2, [[ 486 1013]
 [ 488 1013]
 [ 490 1013]
 [ 492 1013]
 [ 493 1012]
 [ 494 1009]
 [ 494 1007]
 [ 495 1006]
 [ 497 1004]
 [ 497 1003]
 [ 497 1001]
 [ 497  999]
 [ 497  997]
 [ 497  993]
 [ 497  992]
 [ 495  991]
 [ 494  990]
 [ 490  988]
 [ 489  987]
 [ 488  986]
 [ 485  986]
 [ 483  986]
 [ 481  986]
 [ 480  986]
 [ 478  987]
 [ 477  988]
 [ 475  990]
 [ 475  992]
 [ 474  994]
 [ 474  996]
 [ 474  998]
 [ 474  999]
 [ 475 1001]
 [ 475 1003]
 [ 475 1006]
 [ 475 1007]
 [ 476 1008]
 [ 477 1009]
 [ 479 1011]
 [ 480 1012]
 [ 481 1013]
 [ 483 1013]
 [ 485 1013]
 [ 486 1013]]
Fuhrman 2, [[1431  391]
 [1433  390]
 [1435  388]
 [1438  387]
 [1439  385]
 [1439  383]
 [1438  381]
 [1437  378]
 [1435  375]
 [1433  372]
 [1432  369]
 [1429  368]
 [1426  367]
 [1423  367]
 [1420  367]
 [1418  369]
 [1416  369]
 [1414  369]
 [1412  371]
 [1410  373]
 [1409  376]
 [1408  379]
 [1408  381]
 [1409  384]
 [1410  386]
 [1411  388]
 [1413  390]
 [1415  392]
 [1417  393]
 [1420  394]
 [1423  394]
 [1426  394]
 [1428  393]
 [1430  392]
 [1431  391]]
Fuhrman 2, [[252 749]
 [255 747]
 [257 744]
 [258 741]
 [259 738]
 [259 735]
 [258 731]
 [255 728]
 [252 725]
 [248 723]
 [243 722]
 [240 723]
 [237 723]
 [234 725]
 [232 727]
 [229 730]
 [228 733]
 [228 737]
 [228 741]
 [229 744]
 [230 746]
 [233 748]
 [235 751]
 [238 752]
 [241 753]
 [245 752]
 [248 751]
 [251 750]
 [252 749]]
