Fuhrman 2, [[165 219]
 [168 222]
 [171 223]
 [174 225]
 [179 225]
 [182 225]
 [186 225]
 [191 222]
 [194 219]
 [195 216]
 [194 211]
 [193 206]
 [188 202]
 [184 200]
 [179 197]
 [176 196]
 [173 197]
 [170 196]
 [167 197]
 [166 200]
 [164 201]
 [163 204]
 [162 207]
 [162 210]
 [162 213]
 [163 215]
 [164 216]
 [165 219]]
Fuhrman 2, [[404  83]
 [406  82]
 [408  81]
 [409  80]
 [409  77]
 [409  73]
 [409  69]
 [406  66]
 [404  65]
 [402  63]
 [399  62]
 [397  61]
 [394  61]
 [392  61]
 [389  62]
 [387  63]
 [385  65]
 [384  67]
 [383  70]
 [382  72]
 [383  74]
 [384  76]
 [385  78]
 [387  79]
 [389  81]
 [390  82]
 [391  83]
 [392  83]
 [393  83]
 [394  84]
 [396  85]
 [397  85]
 [399  85]
 [401  84]
 [402  83]
 [404  83]]
Fuhrman 2, [[ 36 635]
 [ 38 633]
 [ 41 631]
 [ 43 629]
 [ 44 626]
 [ 46 624]
 [ 47 622]
 [ 47 620]
 [ 47 618]
 [ 46 616]
 [ 45 615]
 [ 42 614]
 [ 40 614]
 [ 38 613]
 [ 35 614]
 [ 32 614]
 [ 30 615]
 [ 27 616]
 [ 24 617]
 [ 22 619]
 [ 21 620]
 [ 19 622]
 [ 17 623]
 [ 16 625]
 [ 15 627]
 [ 15 630]
 [ 16 633]
 [ 17 634]
 [ 18 636]
 [ 19 637]
 [ 20 639]
 [ 21 639]
 [ 23 640]
 [ 25 641]
 [ 27 640]
 [ 30 639]
 [ 33 638]
 [ 35 636]
 [ 36 635]]
Fuhrman 2, [[718 377]
 [720 375]
 [720 373]
 [720 369]
 [718 366]
 [715 362]
 [713 359]
 [711 355]
 [707 352]
 [704 351]
 [701 349]
 [698 349]
 [696 349]
 [694 350]
 [693 351]
 [692 354]
 [693 357]
 [694 361]
 [695 365]
 [696 368]
 [699 371]
 [701 373]
 [704 375]
 [707 378]
 [709 379]
 [712 380]
 [714 380]
 [716 379]
 [717 378]
 [718 377]]
Fuhrman 2, [[1005  608]
 [1007  607]
 [1009  604]
 [1011  600]
 [1011  597]
 [1010  594]
 [1009  589]
 [1006  586]
 [1003  584]
 [ 999  583]
 [ 995  583]
 [ 991  584]
 [ 987  586]
 [ 984  588]
 [ 982  591]
 [ 981  593]
 [ 980  596]
 [ 980  600]
 [ 981  603]
 [ 982  606]
 [ 985  608]
 [ 987  610]
 [ 990  612]
 [ 993  612]
 [ 997  612]
 [1001  611]
 [1003  609]
 [1005  608]
 [1005  608]]
Fuhrman 2, [[1249  180]
 [1252  178]
 [1255  175]
 [1256  172]
 [1257  167]
 [1256  163]
 [1255  159]
 [1253  156]
 [1251  154]
 [1248  152]
 [1244  152]
 [1241  153]
 [1239  153]
 [1237  154]
 [1235  155]
 [1232  158]
 [1231  160]
 [1230  163]
 [1230  166]
 [1231  170]
 [1231  172]
 [1233  175]
 [1234  177]
 [1237  179]
 [1239  180]
 [1242  181]
 [1244  181]
 [1247  181]
 [1248  180]
 [1250  180]]
Fuhrman 2, [[1311  477]
 [1313  479]
 [1315  480]
 [1318  482]
 [1321  483]
 [1324  483]
 [1327  484]
 [1329  484]
 [1330  482]
 [1330  477]
 [1331  474]
 [1332  471]
 [1332  466]
 [1330  461]
 [1326  457]
 [1324  456]
 [1320  456]
 [1318  457]
 [1315  459]
 [1313  461]
 [1312  464]
 [1310  467]
 [1310  470]
 [1310  472]
 [1310  474]
 [1311  476]]
Fuhrman 2, [[1020  322]
 [1020  316]
 [1020  310]
 [1019  306]
 [1017  302]
 [1015  298]
 [1012  295]
 [1008  294]
 [1005  293]
 [1001  295]
 [ 997  296]
 [ 992  298]
 [ 989  300]
 [ 986  306]
 [ 985  310]
 [ 985  314]
 [ 987  319]
 [ 989  324]
 [ 992  328]
 [ 995  332]
 [ 996  335]
 [ 998  337]
 [1001  339]
 [1005  341]
 [1008  342]
 [1012  341]
 [1013  340]
 [1015  336]
 [1018  332]
 [1019  326]
 [1020  323]
 [1020  322]]
Fuhrman 2, [[1384  489]
 [1387  489]
 [1391  490]
 [1394  489]
 [1397  486]
 [1398  482]
 [1397  476]
 [1394  470]
 [1392  465]
 [1389  461]
 [1387  456]
 [1383  453]
 [1379  451]
 [1376  453]
 [1374  454]
 [1371  457]
 [1369  460]
 [1369  465]
 [1369  471]
 [1370  478]
 [1371  481]
 [1374  484]
 [1376  486]
 [1379  488]
 [1384  489]]
Fuhrman 2, [[1774  593]
 [1776  589]
 [1777  585]
 [1777  581]
 [1776  577]
 [1774  574]
 [1772  574]
 [1770  574]
 [1767  573]
 [1764  573]
 [1762  575]
 [1760  577]
 [1759  579]
 [1758  581]
 [1758  582]
 [1757  583]
 [1757  585]
 [1757  586]
 [1756  587]
 [1755  590]
 [1755  593]
 [1755  595]
 [1756  598]
 [1758  601]
 [1760  603]
 [1762  604]
 [1766  604]
 [1768  603]
 [1770  602]
 [1772  599]
 [1773  597]
 [1774  594]
 [1774  593]]
Fuhrman 2, [[1014  255]
 [1016  256]
 [1019  256]
 [1022  257]
 [1025  257]
 [1027  257]
 [1029  255]
 [1032  253]
 [1035  252]
 [1036  251]
 [1036  248]
 [1036  245]
 [1035  240]
 [1034  237]
 [1032  233]
 [1029  231]
 [1026  230]
 [1022  229]
 [1019  229]
 [1016  230]
 [1015  232]
 [1014  234]
 [1012  236]
 [1010  239]
 [1009  242]
 [1008  244]
 [1009  247]
 [1009  249]
 [1011  251]
 [1012  253]
 [1014  254]]
Fuhrman 2, [[1790  906]
 [1792  904]
 [1794  902]
 [1796  899]
 [1796  896]
 [1796  892]
 [1795  889]
 [1793  887]
 [1792  885]
 [1791  883]
 [1789  881]
 [1786  881]
 [1784  880]
 [1781  880]
 [1778  880]
 [1775  881]
 [1773  882]
 [1770  884]
 [1768  886]
 [1767  889]
 [1767  892]
 [1767  895]
 [1767  899]
 [1769  902]
 [1770  905]
 [1771  908]
 [1773  909]
 [1774  909]
 [1777  909]
 [1779  910]
 [1782  910]
 [1785  909]
 [1788  907]
 [1790  905]]
Fuhrman 2, [[1626  924]
 [1629  924]
 [1632  924]
 [1634  923]
 [1636  920]
 [1640  918]
 [1643  916]
 [1645  913]
 [1646  909]
 [1646  904]
 [1645  900]
 [1643  897]
 [1641  896]
 [1637  896]
 [1633  897]
 [1630  898]
 [1628  900]
 [1627  902]
 [1626  904]
 [1623  906]
 [1622  908]
 [1621  910]
 [1620  912]
 [1619  914]
 [1619  916]
 [1620  919]
 [1620  921]
 [1622  923]
 [1624  923]
 [1626  924]]
Fuhrman 2, [[1318  891]
 [1321  890]
 [1324  889]
 [1326  887]
 [1326  885]
 [1327  882]
 [1326  878]
 [1325  875]
 [1323  873]
 [1321  871]
 [1317  869]
 [1314  868]
 [1311  869]
 [1308  871]
 [1305  873]
 [1303  875]
 [1302  877]
 [1302  878]
 [1300  881]
 [1300  883]
 [1300  886]
 [1302  889]
 [1303  891]
 [1305  892]
 [1308  893]
 [1311  894]
 [1314  893]
 [1316  892]
 [1317  891]
 [1318  891]]
Fuhrman 2, [[163 660]
 [165 661]
 [167 661]
 [168 661]
 [169 662]
 [171 662]
 [173 660]
 [175 659]
 [178 657]
 [180 656]
 [183 654]
 [183 652]
 [183 649]
 [182 647]
 [181 644]
 [179 642]
 [176 641]
 [174 640]
 [172 640]
 [170 639]
 [167 639]
 [163 639]
 [160 640]
 [159 640]
 [158 642]
 [156 643]
 [155 645]
 [154 646]
 [153 649]
 [154 652]
 [154 654]
 [156 656]
 [157 657]
 [160 659]
 [162 660]
 [164 660]]
Fuhrman 2, [[1779  155]
 [1783  153]
 [1785  150]
 [1787  147]
 [1789  143]
 [1789  138]
 [1788  133]
 [1785  129]
 [1781  126]
 [1778  125]
 [1774  125]
 [1768  126]
 [1765  127]
 [1762  129]
 [1759  131]
 [1757  134]
 [1755  138]
 [1755  142]
 [1754  146]
 [1755  149]
 [1756  153]
 [1758  156]
 [1761  159]
 [1764  160]
 [1769  161]
 [1774  160]
 [1777  158]
 [1778  156]
 [1780  155]]
Fuhrman 2, [[322 780]
 [324 779]
 [327 777]
 [330 776]
 [333 776]
 [336 775]
 [336 774]
 [336 771]
 [336 766]
 [335 762]
 [333 760]
 [330 758]
 [328 757]
 [326 757]
 [323 756]
 [320 756]
 [316 757]
 [314 757]
 [313 758]
 [310 759]
 [308 760]
 [308 761]
 [308 763]
 [308 764]
 [310 764]
 [310 765]
 [310 767]
 [310 770]
 [309 773]
 [310 776]
 [310 778]
 [312 778]
 [314 779]
 [317 780]
 [319 780]
 [321 780]
 [322 780]
 [322 780]]
Fuhrman 2, [[835 155]
 [837 154]
 [839 153]
 [842 151]
 [843 149]
 [843 145]
 [842 142]
 [841 139]
 [838 136]
 [835 134]
 [833 132]
 [831 131]
 [828 130]
 [824 130]
 [821 130]
 [818 131]
 [816 133]
 [813 135]
 [811 137]
 [810 139]
 [809 142]
 [809 144]
 [809 146]
 [809 148]
 [811 149]
 [813 151]
 [815 152]
 [817 153]
 [818 153]
 [820 155]
 [822 155]
 [824 156]
 [826 157]
 [828 158]
 [830 158]
 [832 157]
 [834 156]
 [835 155]]
Fuhrman 2, [[866 242]
 [870 241]
 [874 240]
 [878 239]
 [880 236]
 [881 233]
 [880 227]
 [879 225]
 [877 223]
 [875 222]
 [872 221]
 [868 221]
 [865 222]
 [861 222]
 [857 224]
 [855 225]
 [853 226]
 [850 229]
 [849 231]
 [849 233]
 [849 236]
 [850 239]
 [852 241]
 [854 243]
 [856 243]
 [859 244]
 [863 244]
 [865 243]
 [866 242]
 [866 242]]
Fuhrman 2, [[1587  528]
 [1589  529]
 [1591  529]
 [1592  530]
 [1594  530]
 [1598  530]
 [1601  529]
 [1605  527]
 [1607  526]
 [1609  523]
 [1610  519]
 [1610  515]
 [1609  511]
 [1608  508]
 [1604  505]
 [1601  503]
 [1598  502]
 [1595  502]
 [1590  502]
 [1588  503]
 [1585  505]
 [1584  507]
 [1584  509]
 [1584  512]
 [1584  514]
 [1583  516]
 [1583  519]
 [1582  521]
 [1583  524]
 [1583  525]
 [1584  527]
 [1585  528]
 [1587  528]]
