Fuhrman 2, [[973 153]
 [976 153]
 [978 152]
 [980 151]
 [982 148]
 [984 145]
 [986 143]
 [987 140]
 [989 138]
 [989 135]
 [989 132]
 [988 128]
 [986 126]
 [984 123]
 [981 122]
 [978 122]
 [975 121]
 [973 121]
 [970 123]
 [968 124]
 [966 126]
 [964 129]
 [964 133]
 [964 136]
 [964 139]
 [963 142]
 [963 145]
 [964 147]
 [965 150]
 [966 152]
 [968 153]
 [970 153]
 [972 153]
 [973 153]]
Fuhrman 2, [[1099   89]
 [1101   87]
 [1103   84]
 [1105   82]
 [1107   78]
 [1108   76]
 [1109   72]
 [1109   68]
 [1107   66]
 [1105   64]
 [1103   63]
 [1101   62]
 [1098   61]
 [1095   61]
 [1092   61]
 [1090   62]
 [1089   64]
 [1087   65]
 [1085   66]
 [1084   67]
 [1083   69]
 [1082   71]
 [1081   73]
 [1080   75]
 [1079   79]
 [1079   82]
 [1079   83]
 [1079   85]
 [1079   87]
 [1079   90]
 [1080   91]
 [1082   92]
 [1083   93]
 [1085   94]
 [1087   94]
 [1089   94]
 [1092   92]
 [1095   91]
 [1097   91]
 [1097   91]
 [1098   90]
 [1099   89]]
Fuhrman 2, [[1357  169]
 [1359  167]
 [1360  165]
 [1361  162]
 [1361  159]
 [1360  156]
 [1358  154]
 [1355  152]
 [1352  151]
 [1350  150]
 [1347  149]
 [1345  149]
 [1342  150]
 [1341  150]
 [1338  152]
 [1336  155]
 [1335  158]
 [1335  161]
 [1337  163]
 [1340  165]
 [1341  166]
 [1344  168]
 [1347  170]
 [1350  171]
 [1352  172]
 [1354  172]
 [1356  171]
 [1357  169]
 [1358  168]]
Fuhrman 2, [[1539  349]
 [1542  349]
 [1545  348]
 [1548  346]
 [1550  343]
 [1552  339]
 [1552  334]
 [1551  330]
 [1546  322]
 [1542  319]
 [1538  317]
 [1534  317]
 [1531  317]
 [1528  318]
 [1526  321]
 [1525  323]
 [1524  326]
 [1523  328]
 [1521  331]
 [1521  334]
 [1520  338]
 [1521  342]
 [1522  345]
 [1525  348]
 [1527  350]
 [1530  351]
 [1534  350]
 [1537  350]
 [1539  349]]
Fuhrman 2, [[1598  559]
 [1600  558]
 [1602  557]
 [1604  556]
 [1604  554]
 [1604  551]
 [1603  548]
 [1602  546]
 [1599  542]
 [1596  540]
 [1593  539]
 [1590  537]
 [1588  537]
 [1586  537]
 [1583  538]
 [1581  539]
 [1580  541]
 [1578  543]
 [1577  545]
 [1577  548]
 [1577  551]
 [1578  553]
 [1580  555]
 [1581  557]
 [1583  558]
 [1585  560]
 [1587  561]
 [1589  561]
 [1591  562]
 [1593  561]
 [1595  560]
 [1597  560]
 [1598  559]]
Fuhrman 2, [[922 674]
 [925 671]
 [928 669]
 [931 666]
 [932 664]
 [933 661]
 [932 656]
 [931 652]
 [929 649]
 [926 647]
 [922 646]
 [919 646]
 [915 647]
 [911 648]
 [908 649]
 [905 650]
 [902 652]
 [901 655]
 [901 655]
 [900 656]
 [899 659]
 [899 661]
 [901 664]
 [902 667]
 [904 670]
 [906 671]
 [908 672]
 [911 674]
 [912 675]
 [914 676]
 [917 677]
 [919 676]
 [921 675]
 [922 674]]
Fuhrman 2, [[1340  562]
 [1342  560]
 [1343  558]
 [1344  555]
 [1345  552]
 [1343  548]
 [1341  545]
 [1339  543]
 [1337  542]
 [1335  541]
 [1332  540]
 [1330  540]
 [1328  541]
 [1326  542]
 [1325  544]
 [1323  545]
 [1322  548]
 [1320  550]
 [1320  552]
 [1320  554]
 [1320  556]
 [1321  558]
 [1322  560]
 [1325  562]
 [1327  563]
 [1330  564]
 [1333  564]
 [1335  564]
 [1338  563]
 [1340  562]]
Fuhrman 2, [[  54 1029]
 [  57 1028]
 [  59 1026]
 [  61 1023]
 [  62 1021]
 [  63 1019]
 [  62 1015]
 [  61 1010]
 [  60 1006]
 [  57 1004]
 [  52 1001]
 [  47 1001]
 [  43 1000]
 [  41 1001]
 [  39 1002]
 [  36 1004]
 [  34 1006]
 [  32 1007]
 [  30 1009]
 [  29 1011]
 [  28 1014]
 [  27 1016]
 [  27 1020]
 [  27 1023]
 [  29 1026]
 [  31 1027]
 [  34 1028]
 [  37 1029]
 [  39 1029]
 [  42 1028]
 [  45 1029]
 [  47 1029]
 [  50 1029]
 [  53 1029]
 [  54 1029]]
Fuhrman 2, [[ 182 1087]
 [ 184 1086]
 [ 186 1084]
 [ 188 1082]
 [ 190 1078]
 [ 190 1076]
 [ 190 1074]
 [ 190 1072]
 [ 188 1070]
 [ 189 1068]
 [ 189 1065]
 [ 187 1063]
 [ 184 1062]
 [ 182 1060]
 [ 180 1059]
 [ 177 1058]
 [ 174 1058]
 [ 171 1059]
 [ 169 1061]
 [ 168 1062]
 [ 167 1065]
 [ 166 1067]
 [ 165 1068]
 [ 165 1071]
 [ 166 1073]
 [ 167 1076]
 [ 168 1077]
 [ 169 1079]
 [ 170 1081]
 [ 171 1083]
 [ 172 1084]
 [ 174 1085]
 [ 176 1086]
 [ 177 1087]
 [ 179 1087]
 [ 181 1087]
 [ 183 1087]]
Fuhrman 2, [[65 24]
 [66 22]
 [68 21]
 [70 18]
 [71 17]
 [71 14]
 [71 12]
 [72 10]
 [71  7]
 [70  5]
 [69  4]
 [67  3]
 [64  2]
 [62  2]
 [60  3]
 [57  3]
 [56  5]
 [54  6]
 [52  7]
 [51  7]
 [50  8]
 [50 10]
 [49 10]
 [49 12]
 [48 14]
 [47 15]
 [47 17]
 [48 19]
 [49 20]
 [50 21]
 [51 23]
 [53 25]
 [54 27]
 [56 28]
 [58 28]
 [60 27]
 [62 26]
 [64 25]
 [65 24]]
Fuhrman 2, [[750 437]
 [752 438]
 [754 439]
 [758 440]
 [761 440]
 [765 440]
 [768 439]
 [771 438]
 [774 438]
 [777 437]
 [780 436]
 [782 436]
 [784 434]
 [785 432]
 [786 430]
 [785 426]
 [783 424]
 [778 423]
 [776 422]
 [773 422]
 [772 421]
 [768 420]
 [766 420]
 [762 418]
 [759 418]
 [754 416]
 [752 416]
 [749 415]
 [746 415]
 [744 415]
 [742 417]
 [742 419]
 [742 421]
 [742 424]
 [743 426]
 [742 428]
 [741 429]
 [742 430]
 [743 431]
 [744 431]
 [744 432]
 [745 434]
 [747 435]
 [750 437]]
Fuhrman 2, [[1138 1010]
 [1141 1009]
 [1143 1008]
 [1145 1006]
 [1146 1003]
 [1147  999]
 [1148  995]
 [1148  990]
 [1147  989]
 [1145  987]
 [1142  984]
 [1140  983]
 [1138  982]
 [1136  982]
 [1133  982]
 [1130  982]
 [1129  983]
 [1126  985]
 [1124  987]
 [1123  990]
 [1122  993]
 [1122  996]
 [1123  999]
 [1123 1002]
 [1125 1005]
 [1126 1008]
 [1129 1009]
 [1131 1011]
 [1133 1011]
 [1135 1011]
 [1137 1011]
 [1138 1010]]
Fuhrman 2, [[ 363 1008]
 [ 368 1009]
 [ 372 1009]
 [ 376 1010]
 [ 380 1009]
 [ 384 1006]
 [ 386 1002]
 [ 388  999]
 [ 388  993]
 [ 387  986]
 [ 386  983]
 [ 384  979]
 [ 381  976]
 [ 377  973]
 [ 372  972]
 [ 367  973]
 [ 364  974]
 [ 361  976]
 [ 359  980]
 [ 357  985]
 [ 356  989]
 [ 356  993]
 [ 356  997]
 [ 357 1001]
 [ 358 1004]
 [ 360 1007]
 [ 362 1008]
 [ 363 1008]]
Fuhrman 2, [[ 997  947]
 [ 999  945]
 [1001  942]
 [1002  938]
 [1003  933]
 [1004  929]
 [1005  927]
 [1003  925]
 [1001  925]
 [1000  923]
 [ 997  923]
 [ 995  923]
 [ 993  923]
 [ 991  923]
 [ 989  921]
 [ 986  921]
 [ 983  922]
 [ 982  924]
 [ 982  926]
 [ 980  928]
 [ 979  930]
 [ 979  932]
 [ 980  934]
 [ 980  937]
 [ 981  940]
 [ 982  944]
 [ 983  945]
 [ 985  948]
 [ 988  949]
 [ 990  950]
 [ 992  950]
 [ 994  949]
 [ 996  948]
 [ 997  947]]
Fuhrman 2, [[1792  988]
 [1794  987]
 [1797  987]
 [1799  986]
 [1801  983]
 [1803  980]
 [1805  979]
 [1805  975]
 [1804  972]
 [1802  968]
 [1800  965]
 [1797  963]
 [1793  962]
 [1790  963]
 [1788  964]
 [1787  965]
 [1784  965]
 [1782  966]
 [1781  968]
 [1779  972]
 [1779  975]
 [1779  980]
 [1781  983]
 [1782  985]
 [1784  987]
 [1786  988]
 [1789  989]
 [1791  989]
 [1792  988]]
Fuhrman 2, [[1380  456]
 [1384  458]
 [1387  459]
 [1391  461]
 [1393  461]
 [1395  462]
 [1397  462]
 [1399  462]
 [1403  462]
 [1405  461]
 [1408  458]
 [1412  456]
 [1414  454]
 [1415  453]
 [1413  449]
 [1412  446]
 [1408  442]
 [1405  439]
 [1401  437]
 [1396  434]
 [1391  432]
 [1389  432]
 [1386  431]
 [1384  432]
 [1382  432]
 [1382  432]
 [1380  434]
 [1377  435]
 [1373  437]
 [1371  438]
 [1369  440]
 [1368  443]
 [1368  447]
 [1369  449]
 [1372  452]
 [1376  454]
 [1380  456]]
Fuhrman 2, [[1335  430]
 [1339  430]
 [1340  429]
 [1342  428]
 [1343  426]
 [1343  424]
 [1343  420]
 [1342  416]
 [1340  414]
 [1336  411]
 [1331  410]
 [1329  410]
 [1326  410]
 [1325  411]
 [1324  413]
 [1324  415]
 [1322  416]
 [1322  418]
 [1321  421]
 [1322  423]
 [1322  425]
 [1324  427]
 [1326  429]
 [1328  429]
 [1329  429]
 [1331  429]
 [1333  430]
 [1335  430]]
Fuhrman 2, [[1729   77]
 [1732   76]
 [1734   74]
 [1736   72]
 [1738   71]
 [1739   69]
 [1740   66]
 [1741   62]
 [1740   58]
 [1739   56]
 [1739   54]
 [1738   52]
 [1735   50]
 [1733   49]
 [1729   49]
 [1725   49]
 [1721   50]
 [1718   52]
 [1716   56]
 [1716   58]
 [1715   59]
 [1713   60]
 [1713   61]
 [1713   63]
 [1714   64]
 [1715   66]
 [1716   68]
 [1717   71]
 [1718   73]
 [1720   76]
 [1722   77]
 [1724   78]
 [1726   78]
 [1728   77]
 [1729   77]]
Fuhrman 2, [[245 118]
 [249 120]
 [251 121]
 [255 120]
 [257 120]
 [261 120]
 [264 118]
 [267 116]
 [268 114]
 [268 113]
 [267 110]
 [266 106]
 [263 103]
 [259  99]
 [255  97]
 [251  97]
 [247  96]
 [242  95]
 [238  96]
 [235  97]
 [233  98]
 [230 101]
 [229 104]
 [228 107]
 [230 111]
 [232 114]
 [236 116]
 [239 117]
 [243 118]
 [245 118]]
Fuhrman 2, [[1547  862]
 [1549  863]
 [1550  864]
 [1553  865]
 [1554  865]
 [1556  865]
 [1560  864]
 [1562  864]
 [1563  863]
 [1565  861]
 [1565  859]
 [1565  855]
 [1565  851]
 [1563  846]
 [1561  843]
 [1559  840]
 [1557  837]
 [1555  835]
 [1554  835]
 [1552  835]
 [1550  835]
 [1548  837]
 [1547  839]
 [1547  840]
 [1546  841]
 [1545  843]
 [1545  846]
 [1545  849]
 [1544  852]
 [1545  854]
 [1545  856]
 [1545  858]
 [1546  860]
 [1547  861]]
