Fuhrman 2, [[546 696]
 [547 691]
 [547 687]
 [546 684]
 [545 681]
 [543 677]
 [540 673]
 [537 671]
 [532 671]
 [530 670]
 [526 671]
 [524 673]
 [522 675]
 [521 677]
 [520 681]
 [519 684]
 [520 688]
 [521 692]
 [522 694]
 [524 697]
 [526 699]
 [528 702]
 [530 704]
 [532 705]
 [534 706]
 [537 707]
 [540 708]
 [541 708]
 [543 707]
 [545 706]
 [546 703]
 [546 700]
 [546 698]
 [546 695]]
Fuhrman 2, [[188 582]
 [192 580]
 [195 578]
 [197 576]
 [199 572]
 [199 568]
 [199 564]
 [197 560]
 [195 556]
 [191 555]
 [186 553]
 [181 553]
 [177 552]
 [174 552]
 [172 554]
 [172 555]
 [170 556]
 [168 559]
 [167 562]
 [167 565]
 [167 569]
 [168 575]
 [170 578]
 [172 580]
 [176 582]
 [180 583]
 [184 583]
 [187 582]
 [188 582]]
Fuhrman 2, [[413 545]
 [416 546]
 [420 545]
 [424 544]
 [428 543]
 [431 541]
 [433 537]
 [433 533]
 [431 531]
 [429 527]
 [425 523]
 [422 520]
 [418 519]
 [415 518]
 [411 517]
 [407 517]
 [404 518]
 [403 519]
 [400 520]
 [397 522]
 [394 525]
 [393 527]
 [392 530]
 [393 534]
 [394 536]
 [395 537]
 [398 537]
 [401 538]
 [404 540]
 [407 542]
 [410 544]
 [413 545]]
Fuhrman 2, [[263 207]
 [265 205]
 [267 202]
 [268 199]
 [269 195]
 [268 194]
 [266 192]
 [264 191]
 [263 189]
 [261 187]
 [259 187]
 [256 188]
 [254 189]
 [251 190]
 [249 191]
 [246 194]
 [245 196]
 [244 198]
 [243 200]
 [243 203]
 [243 206]
 [244 209]
 [246 211]
 [248 212]
 [250 213]
 [253 212]
 [257 211]
 [260 209]
 [262 208]
 [263 207]]
Fuhrman 2, [[577 981]
 [580 978]
 [584 974]
 [590 972]
 [593 969]
 [595 965]
 [596 962]
 [594 959]
 [591 957]
 [588 955]
 [583 953]
 [577 953]
 [572 953]
 [566 952]
 [563 953]
 [559 955]
 [555 959]
 [553 962]
 [552 966]
 [550 971]
 [551 980]
 [551 982]
 [553 984]
 [557 986]
 [560 987]
 [565 987]
 [569 987]
 [573 984]
 [576 983]
 [577 981]]
Fuhrman 2, [[1087  712]
 [1089  711]
 [1091  708]
 [1093  705]
 [1093  703]
 [1094  700]
 [1095  698]
 [1095  696]
 [1094  694]
 [1093  693]
 [1091  692]
 [1088  691]
 [1086  691]
 [1084  690]
 [1080  690]
 [1078  691]
 [1076  692]
 [1073  694]
 [1071  695]
 [1068  698]
 [1066  701]
 [1064  704]
 [1063  706]
 [1063  708]
 [1063  710]
 [1063  713]
 [1063  715]
 [1063  717]
 [1064  718]
 [1065  719]
 [1067  719]
 [1068  720]
 [1070  721]
 [1072  721]
 [1076  721]
 [1079  720]
 [1082  718]
 [1083  717]
 [1084  715]
 [1087  714]
 [1088  712]]
Fuhrman 2, [[1265  631]
 [1269  630]
 [1272  629]
 [1274  628]
 [1275  625]
 [1275  620]
 [1275  616]
 [1274  612]
 [1273  609]
 [1271  607]
 [1268  605]
 [1264  604]
 [1261  604]
 [1258  605]
 [1255  605]
 [1253  607]
 [1250  608]
 [1248  611]
 [1248  614]
 [1247  617]
 [1248  619]
 [1248  621]
 [1249  622]
 [1251  623]
 [1252  626]
 [1254  628]
 [1255  630]
 [1257  632]
 [1259  632]
 [1261  633]
 [1263  632]
 [1265  631]
 [1265  631]]
Fuhrman 2, [[1060  547]
 [1062  544]
 [1064  541]
 [1066  539]
 [1069  537]
 [1071  535]
 [1072  532]
 [1072  529]
 [1072  526]
 [1071  524]
 [1070  524]
 [1067  524]
 [1063  525]
 [1062  525]
 [1059  524]
 [1055  525]
 [1052  526]
 [1050  527]
 [1047  528]
 [1043  529]
 [1040  531]
 [1038  533]
 [1037  536]
 [1037  537]
 [1036  539]
 [1035  541]
 [1036  544]
 [1036  547]
 [1038  549]
 [1041  551]
 [1044  553]
 [1047  553]
 [1050  554]
 [1053  553]
 [1055  552]
 [1057  550]
 [1059  548]
 [1060  547]]
Fuhrman 2, [[1144  355]
 [1146  354]
 [1149  352]
 [1152  351]
 [1153  349]
 [1155  347]
 [1157  345]
 [1157  342]
 [1157  339]
 [1157  336]
 [1156  334]
 [1154  331]
 [1151  330]
 [1148  328]
 [1145  328]
 [1142  328]
 [1139  328]
 [1137  329]
 [1136  330]
 [1134  331]
 [1132  332]
 [1130  334]
 [1129  336]
 [1128  337]
 [1127  338]
 [1126  340]
 [1124  343]
 [1124  345]
 [1124  347]
 [1124  350]
 [1125  352]
 [1126  354]
 [1128  355]
 [1130  355]
 [1132  357]
 [1134  358]
 [1136  358]
 [1138  358]
 [1140  357]
 [1143  356]
 [1145  355]]
Fuhrman 2, [[1370  667]
 [1373  666]
 [1375  665]
 [1378  664]
 [1380  663]
 [1381  661]
 [1382  659]
 [1382  656]
 [1382  653]
 [1382  651]
 [1379  649]
 [1375  648]
 [1371  647]
 [1367  647]
 [1363  648]
 [1360  650]
 [1356  652]
 [1354  653]
 [1352  656]
 [1350  658]
 [1349  661]
 [1348  664]
 [1348  666]
 [1349  668]
 [1351  671]
 [1353  672]
 [1356  672]
 [1359  671]
 [1362  670]
 [1366  668]
 [1369  667]
 [1371  667]]
Fuhrman 2, [[ 971 1047]
 [ 976 1048]
 [ 980 1047]
 [ 983 1046]
 [ 985 1043]
 [ 987 1040]
 [ 987 1037]
 [ 987 1032]
 [ 987 1027]
 [ 985 1021]
 [ 983 1018]
 [ 979 1015]
 [ 973 1012]
 [ 969 1011]
 [ 965 1009]
 [ 963 1009]
 [ 962 1010]
 [ 961 1012]
 [ 959 1014]
 [ 958 1016]
 [ 956 1019]
 [ 956 1022]
 [ 956 1025]
 [ 957 1027]
 [ 958 1028]
 [ 959 1029]
 [ 958 1032]
 [ 958 1035]
 [ 958 1038]
 [ 960 1040]
 [ 962 1043]
 [ 964 1045]
 [ 967 1046]
 [ 971 1047]]
Fuhrman 2, [[1166  813]
 [1169  810]
 [1170  807]
 [1172  803]
 [1174  800]
 [1175  798]
 [1176  794]
 [1175  791]
 [1175  786]
 [1172  783]
 [1168  779]
 [1164  776]
 [1158  775]
 [1154  776]
 [1150  777]
 [1147  780]
 [1144  783]
 [1142  787]
 [1141  791]
 [1140  796]
 [1140  799]
 [1140  803]
 [1139  808]
 [1140  811]
 [1141  815]
 [1143  818]
 [1144  821]
 [1146  824]
 [1147  825]
 [1150  826]
 [1152  826]
 [1156  825]
 [1159  824]
 [1161  822]
 [1163  819]
 [1165  817]
 [1166  815]
 [1167  813]]
Fuhrman 2, [[468 914]
 [472 914]
 [476 913]
 [480 912]
 [483 910]
 [483 910]
 [486 907]
 [486 905]
 [486 901]
 [485 897]
 [482 894]
 [478 891]
 [473 889]
 [466 890]
 [463 890]
 [461 888]
 [457 887]
 [452 887]
 [448 888]
 [444 889]
 [441 891]
 [440 894]
 [440 897]
 [442 901]
 [445 904]
 [448 907]
 [451 908]
 [453 909]
 [456 910]
 [459 912]
 [462 913]
 [465 913]
 [469 914]]
Fuhrman 2, [[451 789]
 [454 787]
 [456 785]
 [458 783]
 [460 780]
 [462 777]
 [462 773]
 [461 769]
 [459 765]
 [457 761]
 [454 758]
 [451 755]
 [448 753]
 [444 751]
 [440 750]
 [436 750]
 [432 750]
 [427 752]
 [427 752]
 [424 755]
 [422 758]
 [419 761]
 [418 764]
 [418 767]
 [419 770]
 [420 771]
 [421 774]
 [422 777]
 [425 780]
 [428 783]
 [432 785]
 [436 788]
 [439 788]
 [442 789]
 [445 790]
 [448 790]
 [452 789]]
Fuhrman 2, [[1151  625]
 [1151  625]
 [1153  626]
 [1156  627]
 [1161  628]
 [1164  629]
 [1167  629]
 [1173  629]
 [1177  628]
 [1181  627]
 [1185  625]
 [1188  623]
 [1190  621]
 [1192  618]
 [1193  615]
 [1193  613]
 [1191  610]
 [1190  608]
 [1187  605]
 [1184  605]
 [1182  605]
 [1180  605]
 [1178  604]
 [1175  603]
 [1171  603]
 [1169  604]
 [1167  604]
 [1164  605]
 [1160  606]
 [1156  607]
 [1155  608]
 [1151  611]
 [1148  610]
 [1145  612]
 [1144  614]
 [1143  616]
 [1143  618]
 [1144  621]
 [1146  622]
 [1148  623]
 [1149  624]
 [1151  625]]
Fuhrman 2, [[112 159]
 [110 162]
 [109 164]
 [111 166]
 [112 169]
 [113 172]
 [114 177]
 [114 182]
 [115 186]
 [116 188]
 [119 190]
 [123 192]
 [127 193]
 [130 193]
 [134 193]
 [138 191]
 [140 190]
 [142 186]
 [144 183]
 [145 180]
 [146 178]
 [146 177]
 [146 175]
 [145 172]
 [144 170]
 [144 167]
 [145 164]
 [143 162]
 [141 159]
 [139 156]
 [136 154]
 [133 152]
 [131 151]
 [128 149]
 [125 148]
 [122 148]
 [118 149]
 [115 151]
 [114 153]
 [113 156]
 [112 157]
 [112 159]]
Fuhrman 2, [[1058  235]
 [1060  234]
 [1061  232]
 [1061  228]
 [1061  225]
 [1060  222]
 [1057  218]
 [1054  216]
 [1050  215]
 [1046  215]
 [1043  215]
 [1039  216]
 [1038  218]
 [1036  220]
 [1035  223]
 [1035  226]
 [1035  228]
 [1037  231]
 [1040  233]
 [1043  234]
 [1046  234]
 [1050  235]
 [1053  235]
 [1055  235]
 [1057  235]
 [1058  235]]
Fuhrman 2, [[1144  206]
 [1149  206]
 [1151  205]
 [1153  204]
 [1157  200]
 [1159  199]
 [1162  198]
 [1164  195]
 [1165  193]
 [1165  189]
 [1165  186]
 [1164  184]
 [1161  181]
 [1159  179]
 [1156  178]
 [1151  178]
 [1148  178]
 [1145  178]
 [1142  179]
 [1139  180]
 [1136  182]
 [1133  186]
 [1132  188]
 [1131  190]
 [1130  193]
 [1130  195]
 [1129  198]
 [1129  201]
 [1130  203]
 [1132  205]
 [1134  205]
 [1137  206]
 [1141  206]
 [1143  206]
 [1144  206]]
Fuhrman 2, [[1427  605]
 [1430  603]
 [1433  600]
 [1435  597]
 [1436  593]
 [1436  591]
 [1435  588]
 [1433  586]
 [1430  585]
 [1426  584]
 [1423  583]
 [1419  583]
 [1415  584]
 [1413  585]
 [1411  587]
 [1410  590]
 [1409  593]
 [1408  596]
 [1408  600]
 [1408  604]
 [1409  606]
 [1411  609]
 [1414  609]
 [1416  609]
 [1420  608]
 [1423  607]
 [1426  605]
 [1427  605]]
Fuhrman 2, [[1679 1075]
 [1681 1073]
 [1682 1069]
 [1683 1066]
 [1683 1062]
 [1682 1057]
 [1681 1054]
 [1678 1051]
 [1675 1050]
 [1671 1050]
 [1668 1050]
 [1665 1050]
 [1663 1051]
 [1662 1053]
 [1661 1056]
 [1661 1059]
 [1662 1062]
 [1663 1065]
 [1664 1068]
 [1665 1071]
 [1667 1074]
 [1669 1075]
 [1671 1075]
 [1674 1076]
 [1676 1076]
 [1678 1075]
 [1679 1075]]
