Fuhrman 2, [[ 54 674]
 [ 57 674]
 [ 60 672]
 [ 60 667]
 [ 61 662]
 [ 61 654]
 [ 60 649]
 [ 57 645]
 [ 53 642]
 [ 48 640]
 [ 44 639]
 [ 38 641]
 [ 34 643]
 [ 32 647]
 [ 31 651]
 [ 30 655]
 [ 30 659]
 [ 31 664]
 [ 33 668]
 [ 36 672]
 [ 39 673]
 [ 42 674]
 [ 46 674]
 [ 50 674]
 [ 54 674]]
Fuhrman 2, [[195 695]
 [197 697]
 [198 698]
 [200 699]
 [203 700]
 [206 699]
 [209 697]
 [211 695]
 [212 690]
 [213 687]
 [213 683]
 [212 678]
 [209 675]
 [205 674]
 [203 674]
 [199 674]
 [196 673]
 [195 674]
 [194 676]
 [193 680]
 [193 683]
 [193 687]
 [193 689]
 [194 691]
 [195 695]]
Fuhrman 2, [[1642  310]
 [1643  309]
 [1646  308]
 [1648  307]
 [1649  306]
 [1650  306]
 [1651  306]
 [1653  305]
 [1654  303]
 [1655  302]
 [1656  301]
 [1657  299]
 [1658  296]
 [1657  294]
 [1656  292]
 [1654  290]
 [1652  290]
 [1649  290]
 [1646  290]
 [1642  290]
 [1639  292]
 [1637  293]
 [1636  295]
 [1634  298]
 [1634  300]
 [1633  302]
 [1633  305]
 [1634  307]
 [1635  308]
 [1636  309]
 [1638  309]
 [1640  310]
 [1641  310]
 [1642  310]]
Fuhrman 2, [[1012  743]
 [1013  741]
 [1015  738]
 [1015  733]
 [1014  729]
 [1011  726]
 [1009  723]
 [1006  721]
 [1003  720]
 [1000  718]
 [ 996  717]
 [ 993  716]
 [ 990  716]
 [ 987  716]
 [ 986  717]
 [ 984  718]
 [ 984  722]
 [ 984  726]
 [ 984  729]
 [ 986  734]
 [ 987  736]
 [ 990  739]
 [ 992  742]
 [ 995  744]
 [ 997  745]
 [1000  745]
 [1003  746]
 [1007  745]
 [1009  745]
 [1010  744]
 [1012  743]]
Fuhrman 2, [[411 628]
 [411 625]
 [409 623]
 [405 620]
 [402 619]
 [400 617]
 [397 616]
 [394 616]
 [392 617]
 [390 618]
 [389 620]
 [387 621]
 [386 623]
 [385 625]
 [385 626]
 [386 627]
 [388 629]
 [391 630]
 [394 632]
 [396 634]
 [399 636]
 [401 637]
 [403 638]
 [405 638]
 [407 637]
 [409 636]
 [411 635]
 [412 633]
 [412 632]
 [411 630]
 [411 628]]
Fuhrman 2, [[595  71]
 [597  68]
 [598  66]
 [600  64]
 [600  62]
 [599  60]
 [596  57]
 [593  55]
 [590  55]
 [588  55]
 [584  55]
 [581  56]
 [579  58]
 [579  61]
 [578  63]
 [577  65]
 [576  68]
 [576  71]
 [577  74]
 [579  77]
 [580  79]
 [582  80]
 [583  81]
 [586  81]
 [588  80]
 [590  79]
 [591  76]
 [593  74]
 [594  72]
 [595  71]]
Fuhrman 2, [[563  83]
 [564  81]
 [564  77]
 [564  73]
 [563  70]
 [561  68]
 [558  67]
 [555  66]
 [553  67]
 [552  68]
 [549  68]
 [547  69]
 [544  70]
 [541  71]
 [540  73]
 [539  76]
 [539  79]
 [540  82]
 [542  85]
 [544  86]
 [548  87]
 [551  88]
 [554  88]
 [557  88]
 [559  86]
 [561  85]
 [563  83]]
Fuhrman 2, [[751 100]
 [748 102]
 [747 104]
 [747 107]
 [748 109]
 [748 111]
 [747 112]
 [747 114]
 [747 116]
 [748 119]
 [749 122]
 [752 123]
 [756 124]
 [759 124]
 [763 124]
 [766 124]
 [769 124]
 [772 122]
 [774 119]
 [774 117]
 [774 115]
 [773 112]
 [769 110]
 [768 107]
 [766 105]
 [763 103]
 [761 101]
 [758 100]
 [754  99]
 [752  99]
 [750 100]]
Fuhrman 2, [[502 809]
 [504 808]
 [506 808]
 [508 806]
 [508 804]
 [507 802]
 [506 800]
 [505 798]
 [503 796]
 [501 794]
 [498 793]
 [496 793]
 [493 793]
 [491 794]
 [489 796]
 [488 798]
 [487 799]
 [485 801]
 [483 803]
 [481 805]
 [480 808]
 [480 810]
 [481 813]
 [482 814]
 [484 816]
 [487 816]
 [490 816]
 [492 814]
 [496 812]
 [498 811]
 [500 810]
 [502 809]]
Fuhrman 2, [[1413  899]
 [1414  897]
 [1415  895]
 [1416  893]
 [1416  891]
 [1415  887]
 [1413  883]
 [1410  880]
 [1406  877]
 [1402  874]
 [1397  872]
 [1392  872]
 [1389  873]
 [1386  873]
 [1383  875]
 [1381  876]
 [1380  879]
 [1379  882]
 [1379  885]
 [1381  888]
 [1383  891]
 [1386  895]
 [1389  897]
 [1392  899]
 [1395  901]
 [1398  902]
 [1402  902]
 [1406  902]
 [1410  901]
 [1412  901]
 [1413  899]]
Fuhrman 2, [[1785  468]
 [1787  466]
 [1789  463]
 [1789  461]
 [1788  459]
 [1785  456]
 [1782  455]
 [1778  455]
 [1776  456]
 [1773  456]
 [1771  457]
 [1768  459]
 [1768  462]
 [1767  463]
 [1766  465]
 [1765  467]
 [1764  469]
 [1765  472]
 [1766  475]
 [1766  477]
 [1767  478]
 [1769  478]
 [1771  477]
 [1774  476]
 [1777  476]
 [1779  476]
 [1782  476]
 [1783  474]
 [1784  472]
 [1784  471]
 [1784  469]
 [1785  468]]
Fuhrman 2, [[1357  379]
 [1358  378]
 [1360  376]
 [1361  374]
 [1361  371]
 [1361  368]
 [1360  366]
 [1357  363]
 [1355  361]
 [1351  359]
 [1348  358]
 [1344  358]
 [1340  358]
 [1337  360]
 [1335  362]
 [1333  364]
 [1331  367]
 [1330  371]
 [1330  374]
 [1331  376]
 [1332  377]
 [1333  377]
 [1334  378]
 [1335  378]
 [1335  380]
 [1336  381]
 [1337  382]
 [1339  382]
 [1342  383]
 [1345  383]
 [1348  384]
 [1352  384]
 [1354  383]
 [1356  381]
 [1357  379]]
Fuhrman 2, [[1780  624]
 [1783  623]
 [1785  620]
 [1786  617]
 [1787  613]
 [1787  610]
 [1786  608]
 [1784  607]
 [1780  607]
 [1776  606]
 [1773  607]
 [1769  607]
 [1765  607]
 [1760  608]
 [1756  611]
 [1754  613]
 [1753  615]
 [1751  617]
 [1750  619]
 [1749  622]
 [1749  624]
 [1751  627]
 [1753  629]
 [1756  631]
 [1760  632]
 [1764  631]
 [1768  631]
 [1771  630]
 [1775  629]
 [1778  628]
 [1779  627]
 [1780  625]
 [1780  624]]
Fuhrman 2, [[775 950]
 [779 950]
 [783 950]
 [785 947]
 [787 944]
 [789 940]
 [788 935]
 [786 931]
 [784 928]
 [782 927]
 [777 927]
 [772 928]
 [768 929]
 [765 930]
 [761 932]
 [760 933]
 [758 935]
 [755 936]
 [754 938]
 [753 941]
 [753 943]
 [752 947]
 [753 950]
 [753 953]
 [754 953]
 [758 954]
 [761 953]
 [765 953]
 [768 953]
 [771 953]
 [773 951]
 [775 951]
 [775 950]]
Fuhrman 2, [[667 912]
 [667 909]
 [667 906]
 [666 904]
 [664 903]
 [662 902]
 [660 900]
 [658 900]
 [656 899]
 [653 899]
 [651 900]
 [650 902]
 [650 905]
 [650 906]
 [649 907]
 [648 909]
 [647 912]
 [647 914]
 [648 916]
 [650 918]
 [651 919]
 [653 921]
 [655 922]
 [656 923]
 [658 924]
 [660 923]
 [663 922]
 [664 921]
 [666 920]
 [666 918]
 [667 915]
 [667 912]]
Fuhrman 2, [[608 644]
 [610 642]
 [612 641]
 [612 638]
 [613 637]
 [614 635]
 [613 631]
 [613 629]
 [611 628]
 [609 627]
 [608 626]
 [606 625]
 [604 625]
 [602 626]
 [600 627]
 [598 629]
 [596 631]
 [594 632]
 [592 634]
 [592 635]
 [591 637]
 [589 638]
 [588 640]
 [588 642]
 [588 644]
 [589 645]
 [591 647]
 [593 648]
 [595 649]
 [596 650]
 [599 650]
 [601 649]
 [604 648]
 [605 646]
 [607 645]
 [608 644]]
Fuhrman 2, [[1282  715]
 [1283  711]
 [1283  706]
 [1282  702]
 [1280  698]
 [1277  695]
 [1273  692]
 [1271  691]
 [1267  691]
 [1264  693]
 [1261  695]
 [1259  697]
 [1256  700]
 [1255  703]
 [1255  707]
 [1255  709]
 [1254  712]
 [1254  716]
 [1255  719]
 [1257  721]
 [1259  723]
 [1261  723]
 [1264  722]
 [1267  722]
 [1270  723]
 [1273  723]
 [1276  723]
 [1279  721]
 [1281  719]
 [1282  716]
 [1282  715]]
Fuhrman 2, [[1603 1032]
 [1605 1029]
 [1607 1026]
 [1605 1021]
 [1601 1018]
 [1598 1018]
 [1594 1017]
 [1590 1019]
 [1586 1021]
 [1583 1023]
 [1581 1026]
 [1579 1029]
 [1578 1031]
 [1578 1034]
 [1579 1036]
 [1580 1039]
 [1582 1040]
 [1585 1041]
 [1588 1041]
 [1591 1039]
 [1594 1039]
 [1597 1039]
 [1598 1038]
 [1600 1035]
 [1601 1033]
 [1603 1032]]
Fuhrman 2, [[1828  228]
 [1830  227]
 [1832  226]
 [1834  224]
 [1835  221]
 [1835  219]
 [1835  216]
 [1835  214]
 [1833  212]
 [1831  212]
 [1829  211]
 [1826  211]
 [1822  211]
 [1820  212]
 [1817  213]
 [1815  213]
 [1813  214]
 [1812  215]
 [1812  217]
 [1813  219]
 [1813  220]
 [1813  221]
 [1813  223]
 [1812  225]
 [1812  226]
 [1811  228]
 [1812  230]
 [1812  230]
 [1814  231]
 [1816  231]
 [1819  230]
 [1822  230]
 [1825  229]
 [1827  229]
 [1828  228]]
Fuhrman 2, [[308 252]
 [310 248]
 [311 242]
 [312 237]
 [313 233]
 [312 229]
 [311 226]
 [309 224]
 [307 225]
 [305 226]
 [303 225]
 [300 224]
 [297 226]
 [294 228]
 [291 229]
 [288 231]
 [286 233]
 [283 237]
 [281 239]
 [279 243]
 [278 246]
 [278 250]
 [278 252]
 [279 255]
 [280 257]
 [282 259]
 [285 261]
 [287 262]
 [290 261]
 [294 261]
 [297 259]
 [301 259]
 [305 257]
 [306 255]
 [307 253]
 [308 252]]
