Fuhrman 2, [[283 561]
 [285 559]
 [287 556]
 [287 553]
 [286 548]
 [283 542]
 [279 537]
 [273 533]
 [270 531]
 [266 530]
 [262 531]
 [258 531]
 [255 531]
 [252 532]
 [250 534]
 [249 538]
 [248 541]
 [249 544]
 [250 545]
 [252 545]
 [254 548]
 [255 552]
 [257 554]
 [260 556]
 [264 559]
 [267 561]
 [270 563]
 [273 564]
 [276 564]
 [279 564]
 [282 563]
 [283 562]
 [284 561]]
Fuhrman 2, [[1219  284]
 [1220  281]
 [1222  280]
 [1222  278]
 [1223  275]
 [1223  274]
 [1222  272]
 [1220  271]
 [1217  271]
 [1215  271]
 [1213  271]
 [1211  271]
 [1209  273]
 [1207  275]
 [1205  277]
 [1204  278]
 [1202  281]
 [1201  283]
 [1200  284]
 [1200  286]
 [1201  287]
 [1203  288]
 [1203  290]
 [1204  292]
 [1206  292]
 [1208  292]
 [1210  292]
 [1213  291]
 [1215  290]
 [1217  288]
 [1217  286]
 [1218  285]
 [1219  284]]
Fuhrman 2, [[1623  354]
 [1625  353]
 [1627  353]
 [1629  351]
 [1631  349]
 [1632  347]
 [1633  344]
 [1633  341]
 [1632  338]
 [1630  337]
 [1627  336]
 [1624  335]
 [1622  335]
 [1619  333]
 [1615  332]
 [1611  332]
 [1608  333]
 [1606  335]
 [1604  337]
 [1603  339]
 [1601  342]
 [1600  345]
 [1600  348]
 [1601  350]
 [1603  352]
 [1604  354]
 [1606  355]
 [1609  355]
 [1612  355]
 [1615  354]
 [1617  355]
 [1618  356]
 [1620  356]
 [1621  355]
 [1622  355]
 [1623  354]]
Fuhrman 2, [[1485  519]
 [1487  518]
 [1488  517]
 [1490  516]
 [1491  514]
 [1491  512]
 [1490  510]
 [1490  507]
 [1489  506]
 [1488  503]
 [1486  502]
 [1485  501]
 [1482  500]
 [1480  500]
 [1478  500]
 [1475  501]
 [1473  502]
 [1471  503]
 [1469  504]
 [1467  507]
 [1466  509]
 [1466  512]
 [1466  514]
 [1467  516]
 [1468  517]
 [1470  518]
 [1472  520]
 [1474  521]
 [1477  521]
 [1479  521]
 [1482  521]
 [1483  519]
 [1485  519]
 [1486  518]]
Fuhrman 2, [[1410  522]
 [1412  521]
 [1414  519]
 [1416  518]
 [1417  517]
 [1418  515]
 [1418  513]
 [1417  511]
 [1416  510]
 [1415  510]
 [1413  509]
 [1411  508]
 [1409  506]
 [1407  505]
 [1404  505]
 [1402  504]
 [1399  505]
 [1396  506]
 [1395  508]
 [1394  509]
 [1393  512]
 [1392  515]
 [1393  517]
 [1394  518]
 [1395  519]
 [1396  520]
 [1399  521]
 [1400  522]
 [1401  523]
 [1402  524]
 [1403  524]
 [1405  524]
 [1407  523]
 [1409  523]
 [1410  522]]
Fuhrman 2, [[1371  504]
 [1373  503]
 [1375  502]
 [1377  501]
 [1378  500]
 [1378  498]
 [1379  497]
 [1379  495]
 [1378  493]
 [1378  492]
 [1377  490]
 [1375  489]
 [1373  488]
 [1370  488]
 [1368  488]
 [1366  489]
 [1365  490]
 [1364  491]
 [1363  492]
 [1360  492]
 [1358  494]
 [1357  495]
 [1356  497]
 [1355  499]
 [1354  501]
 [1355  503]
 [1356  505]
 [1357  507]
 [1359  508]
 [1361  508]
 [1363  508]
 [1365  508]
 [1367  507]
 [1368  506]
 [1369  505]
 [1370  504]
 [1371  504]]
Fuhrman 2, [[1445  702]
 [1447  700]
 [1449  698]
 [1451  696]
 [1452  694]
 [1451  692]
 [1450  690]
 [1448  689]
 [1446  687]
 [1444  685]
 [1443  684]
 [1441  682]
 [1438  682]
 [1436  682]
 [1434  684]
 [1433  684]
 [1430  685]
 [1428  686]
 [1427  689]
 [1426  691]
 [1425  694]
 [1424  696]
 [1424  698]
 [1424  701]
 [1425  702]
 [1427  705]
 [1430  707]
 [1432  707]
 [1435  708]
 [1437  707]
 [1440  707]
 [1443  705]
 [1444  703]
 [1445  702]]
Fuhrman 2, [[1461  740]
 [1464  740]
 [1467  740]
 [1469  738]
 [1471  736]
 [1473  734]
 [1474  733]
 [1473  730]
 [1473  728]
 [1473  726]
 [1471  723]
 [1469  722]
 [1467  721]
 [1464  720]
 [1461  719]
 [1458  720]
 [1457  721]
 [1454  721]
 [1451  721]
 [1448  722]
 [1446  723]
 [1444  725]
 [1443  727]
 [1441  729]
 [1440  731]
 [1440  733]
 [1440  735]
 [1441  737]
 [1443  738]
 [1445  739]
 [1448  740]
 [1451  740]
 [1454  741]
 [1457  741]
 [1459  741]
 [1460  740]
 [1461  740]]
Fuhrman 2, [[1524  880]
 [1526  879]
 [1528  877]
 [1529  874]
 [1529  873]
 [1529  870]
 [1527  868]
 [1525  866]
 [1522  865]
 [1518  864]
 [1513  864]
 [1509  864]
 [1505  864]
 [1502  865]
 [1499  865]
 [1497  867]
 [1496  869]
 [1496  871]
 [1496  872]
 [1498  875]
 [1500  877]
 [1503  878]
 [1505  879]
 [1507  880]
 [1510  880]
 [1513  881]
 [1515  880]
 [1517  879]
 [1519  879]
 [1520  880]
 [1522  880]
 [1523  880]
 [1524  880]]
Fuhrman 2, [[ 292 1006]
 [ 295 1005]
 [ 300 1004]
 [ 302 1004]
 [ 304 1002]
 [ 306 1001]
 [ 307  999]
 [ 307  997]
 [ 307  994]
 [ 305  992]
 [ 304  990]
 [ 302  988]
 [ 298  987]
 [ 294  987]
 [ 289  987]
 [ 286  988]
 [ 284  990]
 [ 281  991]
 [ 279  992]
 [ 277  994]
 [ 276  997]
 [ 275  999]
 [ 275 1001]
 [ 276 1003]
 [ 277 1004]
 [ 278 1005]
 [ 281 1006]
 [ 284 1005]
 [ 287 1005]
 [ 289 1006]
 [ 291 1006]
 [ 292 1006]]
Fuhrman 2, [[ 35 622]
 [ 34 618]
 [ 33 615]
 [ 31 613]
 [ 29 611]
 [ 26 609]
 [ 24 608]
 [ 21 607]
 [ 18 607]
 [ 17 607]
 [ 15 609]
 [ 14 611]
 [ 14 613]
 [ 14 616]
 [ 15 618]
 [ 16 621]
 [ 16 623]
 [ 17 624]
 [ 18 625]
 [ 20 626]
 [ 21 627]
 [ 22 628]
 [ 23 630]
 [ 25 631]
 [ 27 633]
 [ 28 634]
 [ 30 634]
 [ 31 634]
 [ 33 633]
 [ 34 632]
 [ 35 630]
 [ 35 627]
 [ 35 624]
 [ 35 623]
 [ 35 622]]
Fuhrman 2, [[346 579]
 [347 576]
 [346 573]
 [345 570]
 [343 568]
 [342 566]
 [340 565]
 [339 563]
 [338 561]
 [336 560]
 [333 558]
 [331 558]
 [329 556]
 [327 556]
 [324 556]
 [322 558]
 [320 559]
 [319 560]
 [318 561]
 [317 564]
 [317 567]
 [317 569]
 [318 570]
 [319 571]
 [321 572]
 [323 573]
 [325 575]
 [326 576]
 [328 577]
 [329 577]
 [330 578]
 [330 578]
 [330 580]
 [330 581]
 [331 582]
 [332 583]
 [335 584]
 [338 585]
 [340 585]
 [343 585]
 [344 584]
 [345 583]
 [346 582]
 [346 580]
 [346 579]]
Fuhrman 2, [[274 825]
 [275 823]
 [275 822]
 [275 819]
 [275 816]
 [274 813]
 [272 811]
 [270 809]
 [267 807]
 [265 806]
 [262 805]
 [260 805]
 [258 806]
 [256 807]
 [255 810]
 [255 812]
 [255 815]
 [257 816]
 [258 817]
 [258 820]
 [259 822]
 [260 825]
 [262 827]
 [264 828]
 [266 828]
 [269 827]
 [271 827]
 [272 826]
 [273 825]
 [274 825]]
Fuhrman 2, [[165 995]
 [167 995]
 [168 993]
 [169 990]
 [169 987]
 [168 984]
 [165 982]
 [163 981]
 [161 980]
 [159 979]
 [157 978]
 [155 978]
 [154 979]
 [152 979]
 [150 978]
 [148 978]
 [147 979]
 [145 981]
 [145 984]
 [145 987]
 [145 989]
 [145 992]
 [145 994]
 [147 995]
 [150 996]
 [152 996]
 [156 996]
 [159 996]
 [161 996]
 [163 995]
 [164 995]
 [165 995]]
Fuhrman 2, [[212 981]
 [215 981]
 [218 980]
 [219 980]
 [220 979]
 [220 977]
 [220 975]
 [220 973]
 [218 970]
 [217 968]
 [214 966]
 [212 964]
 [210 963]
 [208 962]
 [206 962]
 [203 962]
 [201 962]
 [198 963]
 [197 964]
 [196 965]
 [196 967]
 [196 970]
 [196 972]
 [197 974]
 [198 977]
 [199 978]
 [200 979]
 [201 980]
 [203 980]
 [205 980]
 [206 980]
 [208 981]
 [210 981]
 [211 981]
 [213 981]]
Fuhrman 2, [[1135  547]
 [1137  547]
 [1138  547]
 [1139  547]
 [1139  546]
 [1140  544]
 [1140  541]
 [1140  538]
 [1139  534]
 [1138  531]
 [1136  530]
 [1134  528]
 [1131  527]
 [1129  526]
 [1126  526]
 [1125  527]
 [1123  528]
 [1122  530]
 [1122  532]
 [1122  534]
 [1122  535]
 [1122  536]
 [1122  537]
 [1121  539]
 [1121  540]
 [1122  541]
 [1123  541]
 [1124  542]
 [1125  542]
 [1125  544]
 [1126  545]
 [1126  547]
 [1127  548]
 [1129  548]
 [1130  548]
 [1132  548]
 [1133  548]
 [1134  548]
 [1135  547]]
Fuhrman 2, [[1315  454]
 [1317  452]
 [1318  450]
 [1319  447]
 [1318  443]
 [1317  439]
 [1315  435]
 [1312  434]
 [1308  433]
 [1306  434]
 [1303  435]
 [1301  436]
 [1298  438]
 [1297  440]
 [1296  442]
 [1295  445]
 [1295  447]
 [1295  450]
 [1296  452]
 [1297  454]
 [1298  456]
 [1300  458]
 [1301  459]
 [1303  460]
 [1305  460]
 [1307  459]
 [1311  458]
 [1313  457]
 [1314  456]
 [1315  455]
 [1315  454]]
Fuhrman 2, [[1350  893]
 [1352  893]
 [1354  893]
 [1357  892]
 [1360  891]
 [1362  889]
 [1363  887]
 [1364  884]
 [1365  878]
 [1365  874]
 [1365  869]
 [1365  866]
 [1363  863]
 [1361  862]
 [1359  861]
 [1355  862]
 [1353  863]
 [1352  865]
 [1352  866]
 [1352  867]
 [1351  868]
 [1349  869]
 [1347  871]
 [1345  874]
 [1344  877]
 [1344  880]
 [1344  883]
 [1345  886]
 [1345  888]
 [1346  890]
 [1348  891]
 [1349  892]
 [1350  893]]
Fuhrman 2, [[1840  994]
 [1842  995]
 [1844  996]
 [1846  997]
 [1848  997]
 [1851  996]
 [1853  995]
 [1854  994]
 [1855  992]
 [1856  991]
 [1855  990]
 [1854  988]
 [1853  986]
 [1851  984]
 [1850  982]
 [1849  980]
 [1847  978]
 [1845  977]
 [1842  976]
 [1839  975]
 [1836  973]
 [1832  973]
 [1829  973]
 [1827  973]
 [1825  975]
 [1823  976]
 [1822  978]
 [1822  980]
 [1823  982]
 [1823  984]
 [1824  985]
 [1825  985]
 [1827  985]
 [1828  986]
 [1829  987]
 [1831  990]
 [1832  991]
 [1833  992]
 [1835  991]
 [1836  990]
 [1838  990]
 [1839  991]
 [1839  992]
 [1840  993]
 [1840  994]]
Fuhrman 2, [[272 185]
 [273 183]
 [274 180]
 [274 177]
 [273 172]
 [272 169]
 [270 168]
 [267 167]
 [264 169]
 [263 171]
 [261 172]
 [259 174]
 [257 176]
 [256 178]
 [256 181]
 [255 183]
 [255 186]
 [255 188]
 [256 190]
 [258 191]
 [260 191]
 [262 191]
 [264 191]
 [267 190]
 [270 188]
 [271 187]
 [271 186]
 [272 185]]
