Fuhrman 2, [[414 199]
 [413 202]
 [414 203]
 [414 204]
 [415 205]
 [416 206]
 [417 207]
 [419 209]
 [422 211]
 [425 212]
 [428 212]
 [431 213]
 [436 212]
 [439 211]
 [442 209]
 [444 208]
 [444 206]
 [444 203]
 [444 200]
 [442 197]
 [438 194]
 [435 192]
 [432 190]
 [429 189]
 [426 189]
 [422 190]
 [418 191]
 [416 194]
 [415 196]
 [414 197]
 [414 200]]
Fuhrman 2, [[298 523]
 [300 524]
 [302 525]
 [302 525]
 [304 525]
 [306 525]
 [308 525]
 [310 524]
 [311 523]
 [312 520]
 [312 518]
 [312 515]
 [311 511]
 [309 509]
 [307 507]
 [306 505]
 [304 504]
 [304 504]
 [303 503]
 [301 502]
 [300 502]
 [298 502]
 [296 503]
 [294 504]
 [293 507]
 [292 510]
 [292 513]
 [293 516]
 [294 519]
 [295 520]
 [297 522]
 [298 523]]
Fuhrman 2, [[412 919]
 [414 918]
 [416 918]
 [418 916]
 [420 915]
 [422 912]
 [423 909]
 [423 905]
 [422 900]
 [419 896]
 [416 894]
 [414 890]
 [410 888]
 [407 887]
 [403 887]
 [399 888]
 [396 891]
 [393 895]
 [393 898]
 [392 902]
 [393 906]
 [394 910]
 [396 912]
 [398 915]
 [401 917]
 [404 918]
 [407 919]
 [410 919]
 [412 919]]
Fuhrman 2, [[504 993]
 [508 992]
 [510 989]
 [512 987]
 [512 985]
 [511 983]
 [511 980]
 [510 977]
 [509 975]
 [507 973]
 [505 971]
 [503 969]
 [498 967]
 [496 967]
 [491 966]
 [489 967]
 [487 968]
 [486 968]
 [483 969]
 [482 971]
 [482 973]
 [481 976]
 [481 978]
 [482 980]
 [484 984]
 [486 987]
 [487 989]
 [489 991]
 [492 993]
 [494 993]
 [498 994]
 [502 993]
 [505 993]]
Fuhrman 2, [[1059  624]
 [1061  621]
 [1062  620]
 [1064  617]
 [1064  614]
 [1064  611]
 [1064  606]
 [1064  604]
 [1064  601]
 [1061  598]
 [1059  597]
 [1057  596]
 [1054  595]
 [1052  595]
 [1049  595]
 [1046  596]
 [1043  598]
 [1041  601]
 [1040  603]
 [1039  606]
 [1039  611]
 [1040  614]
 [1041  618]
 [1042  621]
 [1043  624]
 [1045  626]
 [1046  628]
 [1048  629]
 [1050  630]
 [1052  630]
 [1054  629]
 [1056  627]
 [1058  625]
 [1059  623]]
Fuhrman 2, [[1339  100]
 [1342   98]
 [1344   96]
 [1346   94]
 [1348   91]
 [1349   87]
 [1349   84]
 [1348   81]
 [1346   78]
 [1344   75]
 [1342   74]
 [1339   73]
 [1335   73]
 [1331   75]
 [1329   77]
 [1328   79]
 [1328   80]
 [1326   80]
 [1323   79]
 [1321   79]
 [1319   81]
 [1317   84]
 [1315   86]
 [1312   88]
 [1311   91]
 [1311   94]
 [1312   95]
 [1313   97]
 [1314  100]
 [1316  101]
 [1319  102]
 [1323  103]
 [1328  103]
 [1332  102]
 [1336  101]
 [1340  100]]
Fuhrman 2, [[1247  448]
 [1250  446]
 [1252  445]
 [1253  443]
 [1253  441]
 [1253  438]
 [1252  435]
 [1251  432]
 [1251  429]
 [1248  427]
 [1246  426]
 [1243  426]
 [1241  426]
 [1239  428]
 [1237  429]
 [1235  432]
 [1234  436]
 [1233  439]
 [1234  442]
 [1235  446]
 [1237  448]
 [1239  449]
 [1241  451]
 [1242  452]
 [1244  452]
 [1245  451]
 [1246  450]
 [1248  448]]
Fuhrman 2, [[1691  944]
 [1694  944]
 [1698  944]
 [1701  942]
 [1703  941]
 [1705  939]
 [1707  938]
 [1707  936]
 [1708  933]
 [1708  931]
 [1706  928]
 [1704  926]
 [1701  925]
 [1699  924]
 [1698  923]
 [1696  922]
 [1693  922]
 [1691  922]
 [1689  922]
 [1688  920]
 [1686  920]
 [1684  921]
 [1682  922]
 [1680  924]
 [1678  926]
 [1677  929]
 [1677  931]
 [1677  934]
 [1678  937]
 [1680  940]
 [1681  942]
 [1683  943]
 [1685  944]
 [1688  944]
 [1692  944]]
Fuhrman 2, [[937 912]
 [940 911]
 [943 909]
 [945 907]
 [948 904]
 [950 901]
 [950 899]
 [951 895]
 [951 892]
 [951 889]
 [949 886]
 [946 883]
 [943 882]
 [938 882]
 [935 883]
 [932 886]
 [932 887]
 [931 888]
 [929 888]
 [926 888]
 [924 889]
 [921 891]
 [920 894]
 [919 896]
 [918 900]
 [918 903]
 [918 906]
 [920 909]
 [923 911]
 [925 912]
 [929 913]
 [933 912]
 [938 912]]
Fuhrman 2, [[379 425]
 [380 424]
 [382 421]
 [382 418]
 [382 414]
 [380 410]
 [378 408]
 [376 406]
 [373 405]
 [370 404]
 [368 406]
 [366 408]
 [363 411]
 [362 414]
 [362 417]
 [361 421]
 [362 423]
 [363 426]
 [364 428]
 [365 429]
 [367 429]
 [371 429]
 [373 429]
 [376 428]
 [378 426]
 [379 425]]
Fuhrman 2, [[699 339]
 [702 339]
 [704 338]
 [707 336]
 [708 334]
 [710 330]
 [711 327]
 [713 324]
 [713 322]
 [712 320]
 [710 318]
 [710 318]
 [708 316]
 [706 316]
 [704 317]
 [703 318]
 [701 318]
 [699 319]
 [698 321]
 [697 322]
 [695 323]
 [692 326]
 [691 329]
 [691 332]
 [691 335]
 [692 337]
 [693 338]
 [695 339]
 [699 339]]
Fuhrman 2, [[820 268]
 [824 267]
 [826 265]
 [828 263]
 [830 258]
 [831 254]
 [831 248]
 [830 244]
 [827 242]
 [824 241]
 [821 241]
 [817 242]
 [812 245]
 [809 247]
 [808 249]
 [805 251]
 [805 253]
 [805 256]
 [805 260]
 [805 265]
 [805 269]
 [807 271]
 [808 271]
 [810 272]
 [813 272]
 [816 271]
 [818 269]
 [821 268]]
Fuhrman 2, [[885 420]
 [887 419]
 [888 419]
 [890 417]
 [891 416]
 [892 415]
 [892 413]
 [892 410]
 [890 408]
 [888 405]
 [886 403]
 [883 401]
 [880 400]
 [876 398]
 [873 397]
 [871 397]
 [868 398]
 [866 399]
 [864 401]
 [864 403]
 [863 405]
 [863 407]
 [864 409]
 [865 411]
 [867 413]
 [868 415]
 [870 416]
 [873 418]
 [875 419]
 [878 419]
 [880 419]
 [883 419]
 [884 420]
 [885 419]
 [885 419]]
Fuhrman 2, [[1099  314]
 [1101  315]
 [1102  315]
 [1104  314]
 [1106  313]
 [1107  312]
 [1108  309]
 [1109  305]
 [1109  300]
 [1108  297]
 [1107  295]
 [1105  293]
 [1104  293]
 [1104  292]
 [1102  290]
 [1101  290]
 [1099  291]
 [1097  291]
 [1096  292]
 [1095  293]
 [1093  295]
 [1093  298]
 [1092  300]
 [1092  302]
 [1092  305]
 [1093  307]
 [1094  309]
 [1095  311]
 [1096  312]
 [1097  313]
 [1098  314]
 [1099  314]]
Fuhrman 2, [[1400  148]
 [1402  150]
 [1403  151]
 [1405  152]
 [1407  152]
 [1409  152]
 [1412  151]
 [1414  150]
 [1416  148]
 [1419  144]
 [1420  142]
 [1420  139]
 [1422  136]
 [1422  132]
 [1422  128]
 [1421  126]
 [1419  124]
 [1416  122]
 [1414  121]
 [1411  120]
 [1407  120]
 [1405  120]
 [1402  122]
 [1400  124]
 [1400  125]
 [1399  126]
 [1397  129]
 [1397  132]
 [1397  134]
 [1397  138]
 [1398  141]
 [1399  144]
 [1399  146]
 [1400  148]]
Fuhrman 2, [[1793  473]
 [1795  471]
 [1799  469]
 [1802  468]
 [1804  467]
 [1804  464]
 [1805  462]
 [1806  457]
 [1806  455]
 [1805  452]
 [1803  449]
 [1800  447]
 [1796  445]
 [1793  444]
 [1789  443]
 [1785  443]
 [1781  444]
 [1778  445]
 [1775  446]
 [1772  448]
 [1770  450]
 [1770  453]
 [1769  456]
 [1769  459]
 [1770  463]
 [1770  464]
 [1772  466]
 [1774  467]
 [1775  469]
 [1777  471]
 [1780  473]
 [1783  474]
 [1787  474]
 [1790  473]
 [1793  473]]
Fuhrman 2, [[1869  668]
 [1872  665]
 [1874  663]
 [1876  657]
 [1876  654]
 [1876  651]
 [1875  648]
 [1874  645]
 [1872  643]
 [1870  642]
 [1868  641]
 [1865  641]
 [1863  641]
 [1860  642]
 [1858  644]
 [1857  645]
 [1855  647]
 [1853  649]
 [1851  651]
 [1850  654]
 [1849  656]
 [1849  659]
 [1849  662]
 [1850  663]
 [1851  666]
 [1853  667]
 [1855  668]
 [1857  669]
 [1859  670]
 [1862  670]
 [1864  670]
 [1866  670]
 [1868  669]
 [1870  668]]
Fuhrman 2, [[1695  806]
 [1697  806]
 [1700  806]
 [1703  805]
 [1705  804]
 [1707  801]
 [1708  798]
 [1709  795]
 [1708  791]
 [1708  788]
 [1707  785]
 [1705  785]
 [1703  785]
 [1700  785]
 [1697  786]
 [1695  786]
 [1694  785]
 [1690  783]
 [1687  783]
 [1684  783]
 [1682  784]
 [1680  785]
 [1680  788]
 [1679  790]
 [1679  792]
 [1680  794]
 [1680  797]
 [1682  800]
 [1684  802]
 [1686  804]
 [1688  804]
 [1690  804]
 [1692  804]
 [1693  805]
 [1694  805]
 [1695  806]]
Fuhrman 2, [[442 488]
 [442 491]
 [444 494]
 [446 496]
 [447 497]
 [449 497]
 [451 497]
 [455 497]
 [457 496]
 [459 494]
 [459 491]
 [460 488]
 [459 483]
 [458 481]
 [456 478]
 [454 477]
 [451 477]
 [448 477]
 [446 478]
 [444 479]
 [442 480]
 [441 482]
 [441 484]
 [441 486]
 [441 488]]
Fuhrman 2, [[1196  446]
 [1197  445]
 [1199  443]
 [1200  441]
 [1200  438]
 [1200  435]
 [1199  432]
 [1197  430]
 [1195  429]
 [1192  428]
 [1189  428]
 [1187  428]
 [1185  429]
 [1183  431]
 [1181  433]
 [1180  435]
 [1180  438]
 [1180  440]
 [1180  440]
 [1180  441]
 [1179  443]
 [1179  445]
 [1179  446]
 [1180  448]
 [1181  450]
 [1183  450]
 [1185  451]
 [1187  452]
 [1189  452]
 [1191  451]
 [1192  451]
 [1193  450]
 [1194  449]
 [1194  448]
 [1195  447]
 [1196  446]]
