Fuhrman 2, [[409 841]
 [411 841]
 [412 841]
 [413 840]
 [413 838]
 [415 836]
 [415 834]
 [417 833]
 [418 831]
 [419 829]
 [420 827]
 [421 824]
 [421 820]
 [420 816]
 [420 813]
 [418 809]
 [415 807]
 [412 805]
 [409 804]
 [406 804]
 [403 805]
 [400 806]
 [398 807]
 [396 809]
 [395 811]
 [395 813]
 [395 817]
 [395 819]
 [396 822]
 [396 824]
 [397 825]
 [397 826]
 [398 827]
 [398 829]
 [398 831]
 [398 832]
 [399 832]
 [399 835]
 [400 837]
 [400 838]
 [401 839]
 [402 839]
 [404 840]
 [405 840]
 [407 841]
 [409 841]]
Fuhrman 2, [[695 440]
 [697 436]
 [697 435]
 [698 432]
 [698 430]
 [698 426]
 [697 424]
 [696 422]
 [695 420]
 [692 420]
 [690 420]
 [687 422]
 [685 423]
 [683 425]
 [681 426]
 [680 427]
 [680 428]
 [680 429]
 [680 431]
 [679 433]
 [679 435]
 [679 437]
 [679 439]
 [680 441]
 [681 442]
 [682 443]
 [684 443]
 [686 443]
 [688 443]
 [690 443]
 [692 442]
 [694 441]
 [694 440]
 [695 439]]
Fuhrman 2, [[1305  490]
 [1307  489]
 [1309  487]
 [1310  485]
 [1311  482]
 [1310  478]
 [1309  474]
 [1308  471]
 [1307  467]
 [1306  464]
 [1303  462]
 [1301  460]
 [1299  458]
 [1297  457]
 [1295  457]
 [1292  457]
 [1290  459]
 [1288  461]
 [1286  463]
 [1285  466]
 [1285  469]
 [1285  471]
 [1287  473]
 [1287  473]
 [1287  476]
 [1287  479]
 [1287  481]
 [1289  484]
 [1292  487]
 [1294  489]
 [1296  490]
 [1299  491]
 [1301  492]
 [1303  491]
 [1305  490]]
Fuhrman 2, [[677 247]
 [678 246]
 [679 244]
 [679 241]
 [679 239]
 [678 237]
 [676 235]
 [675 233]
 [673 233]
 [671 231]
 [670 230]
 [669 228]
 [668 226]
 [665 225]
 [663 225]
 [661 224]
 [656 224]
 [653 224]
 [651 224]
 [650 225]
 [648 226]
 [647 227]
 [647 229]
 [645 230]
 [645 232]
 [646 233]
 [646 235]
 [647 236]
 [648 237]
 [650 237]
 [651 238]
 [653 240]
 [654 240]
 [656 242]
 [657 243]
 [659 244]
 [660 245]
 [662 246]
 [664 247]
 [666 249]
 [668 250]
 [670 250]
 [672 250]
 [674 249]
 [676 249]
 [676 248]
 [677 247]]
Fuhrman 2, [[822 949]
 [825 949]
 [827 949]
 [830 949]
 [831 948]
 [833 946]
 [834 945]
 [835 943]
 [836 940]
 [837 938]
 [836 935]
 [835 931]
 [834 929]
 [832 928]
 [829 929]
 [827 930]
 [823 931]
 [821 933]
 [818 934]
 [816 936]
 [815 937]
 [814 940]
 [813 942]
 [814 944]
 [815 946]
 [816 948]
 [817 949]
 [819 949]
 [822 949]]
Fuhrman 2, [[922 958]
 [924 957]
 [927 954]
 [929 952]
 [930 951]
 [931 950]
 [932 948]
 [932 946]
 [934 944]
 [934 943]
 [934 940]
 [933 938]
 [931 936]
 [929 934]
 [927 932]
 [925 931]
 [924 931]
 [922 930]
 [921 931]
 [918 933]
 [916 935]
 [914 937]
 [913 939]
 [911 940]
 [911 942]
 [910 944]
 [909 946]
 [908 948]
 [908 949]
 [907 951]
 [907 953]
 [907 955]
 [907 957]
 [907 960]
 [908 960]
 [909 961]
 [910 961]
 [913 961]
 [915 961]
 [918 960]
 [920 960]
 [921 959]
 [922 958]]
Fuhrman 2, [[1169  952]
 [1171  951]
 [1173  949]
 [1175  948]
 [1176  946]
 [1177  945]
 [1178  943]
 [1179  941]
 [1179  940]
 [1178  938]
 [1177  936]
 [1175  935]
 [1173  935]
 [1170  935]
 [1168  936]
 [1165  937]
 [1164  938]
 [1162  939]
 [1161  941]
 [1160  942]
 [1159  943]
 [1159  944]
 [1159  946]
 [1159  948]
 [1160  950]
 [1161  951]
 [1162  953]
 [1164  954]
 [1165  954]
 [1166  954]
 [1167  953]
 [1168  953]
 [1169  952]]
Fuhrman 2, [[1427  687]
 [1430  686]
 [1433  684]
 [1435  682]
 [1438  680]
 [1439  678]
 [1441  676]
 [1442  674]
 [1442  672]
 [1442  669]
 [1441  667]
 [1438  665]
 [1436  665]
 [1433  664]
 [1430  665]
 [1428  666]
 [1423  667]
 [1421  668]
 [1419  669]
 [1417  670]
 [1415  672]
 [1412  674]
 [1409  676]
 [1408  678]
 [1408  681]
 [1406  683]
 [1406  686]
 [1406  687]
 [1407  689]
 [1408  691]
 [1409  692]
 [1411  693]
 [1413  694]
 [1416  693]
 [1418  692]
 [1420  692]
 [1422  691]
 [1423  689]
 [1425  688]
 [1427  687]]
Fuhrman 2, [[1673  198]
 [1672  200]
 [1672  203]
 [1672  204]
 [1673  205]
 [1675  207]
 [1677  208]
 [1679  207]
 [1682  206]
 [1686  205]
 [1689  202]
 [1692  200]
 [1694  198]
 [1697  195]
 [1699  192]
 [1700  189]
 [1700  187]
 [1699  184]
 [1698  182]
 [1695  181]
 [1691  181]
 [1688  182]
 [1685  184]
 [1682  186]
 [1681  187]
 [1679  187]
 [1678  189]
 [1678  190]
 [1677  191]
 [1675  194]
 [1674  196]
 [1673  198]]
Fuhrman 2, [[1168  201]
 [1170  200]
 [1173  198]
 [1174  196]
 [1175  195]
 [1175  193]
 [1175  191]
 [1174  189]
 [1172  187]
 [1170  185]
 [1168  184]
 [1164  183]
 [1161  182]
 [1158  183]
 [1156  184]
 [1154  185]
 [1153  187]
 [1152  189]
 [1151  192]
 [1151  193]
 [1149  193]
 [1149  195]
 [1149  198]
 [1149  201]
 [1150  203]
 [1150  204]
 [1152  205]
 [1154  205]
 [1155  205]
 [1157  206]
 [1158  206]
 [1160  205]
 [1161  204]
 [1162  202]
 [1164  202]
 [1166  202]
 [1168  201]
 [1168  201]]
Fuhrman 2, [[1162  637]
 [1165  634]
 [1166  631]
 [1166  627]
 [1165  622]
 [1162  620]
 [1160  619]
 [1157  619]
 [1155  620]
 [1153  622]
 [1151  623]
 [1150  624]
 [1148  625]
 [1147  626]
 [1145  627]
 [1144  629]
 [1143  630]
 [1142  630]
 [1140  632]
 [1139  634]
 [1138  636]
 [1139  639]
 [1139  641]
 [1139  643]
 [1139  645]
 [1140  647]
 [1141  648]
 [1142  648]
 [1144  648]
 [1145  649]
 [1148  650]
 [1150  650]
 [1153  649]
 [1155  648]
 [1157  647]
 [1158  646]
 [1158  644]
 [1159  643]
 [1159  642]
 [1160  641]
 [1161  638]
 [1162  637]]
Fuhrman 2, [[1530  784]
 [1532  782]
 [1536  780]
 [1539  777]
 [1541  774]
 [1543  770]
 [1543  767]
 [1543  761]
 [1542  757]
 [1542  753]
 [1540  752]
 [1537  751]
 [1535  752]
 [1531  754]
 [1527  756]
 [1525  759]
 [1523  763]
 [1521  767]
 [1520  770]
 [1520  773]
 [1520  776]
 [1520  779]
 [1520  782]
 [1520  783]
 [1521  784]
 [1522  784]
 [1525  785]
 [1527  785]
 [1529  785]
 [1530  784]]
Fuhrman 2, [[1551  839]
 [1554  838]
 [1556  837]
 [1559  835]
 [1560  832]
 [1560  828]
 [1561  825]
 [1560  822]
 [1560  821]
 [1559  820]
 [1559  816]
 [1560  813]
 [1560  810]
 [1560  807]
 [1557  806]
 [1555  806]
 [1554  806]
 [1552  804]
 [1550  803]
 [1548  802]
 [1545  804]
 [1543  806]
 [1541  808]
 [1540  808]
 [1538  810]
 [1537  812]
 [1537  815]
 [1537  819]
 [1537  823]
 [1538  827]
 [1539  831]
 [1540  834]
 [1542  836]
 [1544  837]
 [1547  839]
 [1548  839]
 [1550  839]
 [1551  839]]
Fuhrman 2, [[1752 1000]
 [1754  998]
 [1756  998]
 [1758  996]
 [1759  994]
 [1760  991]
 [1760  988]
 [1760  984]
 [1759  981]
 [1757  979]
 [1754  977]
 [1750  977]
 [1748  978]
 [1746  981]
 [1744  984]
 [1744  986]
 [1744  989]
 [1744  993]
 [1744  996]
 [1744  999]
 [1745 1001]
 [1747 1002]
 [1749 1002]
 [1751 1002]
 [1752 1001]
 [1752 1000]]
Fuhrman 2, [[1913  839]
 [1915  838]
 [1918  835]
 [1918  832]
 [1918  828]
 [1917  824]
 [1915  820]
 [1911  818]
 [1910  817]
 [1907  815]
 [1905  816]
 [1903  816]
 [1901  817]
 [1899  818]
 [1897  820]
 [1896  822]
 [1896  826]
 [1895  828]
 [1896  831]
 [1896  834]
 [1897  837]
 [1899  840]
 [1900  841]
 [1902  842]
 [1904  843]
 [1906  843]
 [1909  842]
 [1911  841]
 [1912  840]
 [1913  839]]
Fuhrman 2, [[ 996  909]
 [ 998  908]
 [ 999  906]
 [1000  903]
 [1000  900]
 [ 998  896]
 [ 995  892]
 [ 991  891]
 [ 986  891]
 [ 983  892]
 [ 980  893]
 [ 977  894]
 [ 974  895]
 [ 972  896]
 [ 971  899]
 [ 971  901]
 [ 971  904]
 [ 973  906]
 [ 975  908]
 [ 978  908]
 [ 981  908]
 [ 983  909]
 [ 985  910]
 [ 988  911]
 [ 990  912]
 [ 992  912]
 [ 995  911]
 [ 996  910]
 [ 996  909]]
Fuhrman 2, [[1166  771]
 [1168  771]
 [1169  769]
 [1170  767]
 [1173  766]
 [1175  766]
 [1177  766]
 [1177  764]
 [1178  761]
 [1180  760]
 [1181  758]
 [1181  756]
 [1181  754]
 [1179  752]
 [1177  751]
 [1174  749]
 [1172  748]
 [1169  746]
 [1166  745]
 [1164  746]
 [1163  747]
 [1160  748]
 [1158  749]
 [1156  751]
 [1154  754]
 [1153  757]
 [1153  761]
 [1153  764]
 [1154  766]
 [1155  767]
 [1157  768]
 [1159  770]
 [1161  771]
 [1163  771]
 [1164  771]
 [1166  771]]
Fuhrman 2, [[ 273 1057]
 [ 274 1053]
 [ 274 1052]
 [ 274 1048]
 [ 274 1046]
 [ 271 1043]
 [ 268 1040]
 [ 265 1038]
 [ 263 1037]
 [ 260 1037]
 [ 258 1038]
 [ 256 1039]
 [ 255 1041]
 [ 254 1043]
 [ 254 1046]
 [ 254 1050]
 [ 255 1053]
 [ 256 1057]
 [ 257 1060]
 [ 258 1063]
 [ 259 1065]
 [ 261 1068]
 [ 263 1069]
 [ 265 1069]
 [ 267 1069]
 [ 270 1068]
 [ 271 1066]
 [ 273 1064]
 [ 273 1061]
 [ 273 1059]
 [ 273 1057]]
Fuhrman 2, [[ 74 444]
 [ 76 443]
 [ 78 441]
 [ 79 440]
 [ 80 436]
 [ 79 431]
 [ 78 427]
 [ 77 425]
 [ 75 424]
 [ 73 423]
 [ 71 422]
 [ 70 420]
 [ 69 417]
 [ 67 415]
 [ 64 414]
 [ 61 414]
 [ 59 414]
 [ 58 415]
 [ 56 417]
 [ 56 419]
 [ 55 421]
 [ 56 423]
 [ 56 423]
 [ 57 423]
 [ 58 424]
 [ 57 425]
 [ 57 427]
 [ 58 429]
 [ 59 431]
 [ 60 432]
 [ 60 433]
 [ 61 435]
 [ 61 437]
 [ 62 439]
 [ 63 442]
 [ 64 443]
 [ 66 444]
 [ 68 444]
 [ 70 444]
 [ 72 444]
 [ 74 444]]
Fuhrman 2, [[1407  149]
 [1403  149]
 [1401  150]
 [1400  151]
 [1397  151]
 [1395  152]
 [1395  154]
 [1394  157]
 [1395  160]
 [1396  162]
 [1397  165]
 [1398  166]
 [1399  169]
 [1400  171]
 [1402  172]
 [1405  172]
 [1407  173]
 [1409  174]
 [1410  175]
 [1412  177]
 [1414  178]
 [1417  178]
 [1418  177]
 [1421  176]
 [1422  174]
 [1423  172]
 [1422  167]
 [1421  164]
 [1419  161]
 [1417  158]
 [1415  156]
 [1414  154]
 [1412  152]
 [1411  150]
 [1409  150]
 [1408  149]
 [1407  149]]
