Fuhrman 2, [[184 818]
 [188 815]
 [192 812]
 [195 808]
 [196 805]
 [196 801]
 [195 795]
 [193 792]
 [191 788]
 [188 785]
 [183 783]
 [178 783]
 [174 783]
 [170 785]
 [166 789]
 [163 792]
 [162 795]
 [161 798]
 [160 801]
 [160 805]
 [160 808]
 [161 809]
 [163 812]
 [164 815]
 [165 818]
 [166 819]
 [168 819]
 [171 820]
 [173 821]
 [177 822]
 [178 820]
 [181 819]
 [184 818]]
Fuhrman 2, [[189 849]
 [192 849]
 [195 848]
 [198 848]
 [199 847]
 [200 846]
 [201 845]
 [202 843]
 [203 842]
 [203 839]
 [202 837]
 [199 835]
 [196 831]
 [194 831]
 [192 829]
 [190 828]
 [189 827]
 [187 826]
 [184 827]
 [184 828]
 [183 829]
 [180 828]
 [177 829]
 [175 830]
 [173 832]
 [173 835]
 [172 836]
 [172 839]
 [173 842]
 [173 844]
 [175 845]
 [177 847]
 [179 848]
 [182 849]
 [184 849]
 [186 849]
 [189 849]
 [190 849]]
Fuhrman 2, [[113 957]
 [117 954]
 [118 952]
 [119 948]
 [122 944]
 [123 941]
 [122 939]
 [120 936]
 [118 934]
 [117 932]
 [115 931]
 [113 930]
 [113 928]
 [110 926]
 [108 924]
 [107 923]
 [104 923]
 [102 923]
 [ 99 925]
 [ 96 928]
 [ 95 930]
 [ 93 931]
 [ 92 933]
 [ 91 935]
 [ 88 936]
 [ 87 939]
 [ 85 941]
 [ 85 944]
 [ 85 946]
 [ 85 947]
 [ 86 950]
 [ 87 953]
 [ 88 956]
 [ 89 958]
 [ 90 959]
 [ 92 961]
 [ 95 962]
 [ 98 963]
 [101 963]
 [105 963]
 [107 962]
 [110 960]
 [112 958]
 [113 957]]
Fuhrman 2, [[311 674]
 [313 675]
 [316 676]
 [318 676]
 [320 676]
 [322 675]
 [324 673]
 [325 671]
 [325 667]
 [325 666]
 [326 665]
 [327 664]
 [327 663]
 [326 661]
 [325 659]
 [323 657]
 [322 657]
 [321 656]
 [320 655]
 [318 653]
 [316 653]
 [313 654]
 [312 654]
 [311 655]
 [309 655]
 [306 657]
 [305 658]
 [305 660]
 [305 662]
 [304 663]
 [303 665]
 [303 667]
 [304 669]
 [305 670]
 [306 671]
 [308 672]
 [309 673]
 [310 674]
 [311 674]]
Fuhrman 2, [[961 368]
 [963 365]
 [966 361]
 [968 360]
 [969 357]
 [970 352]
 [969 349]
 [967 345]
 [964 342]
 [962 340]
 [960 337]
 [958 335]
 [955 334]
 [951 334]
 [948 335]
 [947 336]
 [944 337]
 [940 339]
 [938 341]
 [935 343]
 [933 346]
 [932 349]
 [930 352]
 [930 354]
 [929 355]
 [930 358]
 [930 358]
 [932 361]
 [933 362]
 [933 363]
 [932 365]
 [931 367]
 [931 369]
 [932 371]
 [933 372]
 [934 373]
 [936 374]
 [938 375]
 [941 376]
 [944 376]
 [948 375]
 [951 375]
 [954 374]
 [957 373]
 [959 372]
 [960 370]
 [961 368]]
Fuhrman 2, [[1509  520]
 [1513  520]
 [1516  519]
 [1518  519]
 [1521  516]
 [1523  514]
 [1524  512]
 [1525  508]
 [1525  505]
 [1524  501]
 [1522  497]
 [1518  494]
 [1514  493]
 [1509  494]
 [1507  495]
 [1504  497]
 [1502  498]
 [1499  499]
 [1496  501]
 [1493  502]
 [1492  505]
 [1491  507]
 [1491  510]
 [1491  513]
 [1492  514]
 [1495  515]
 [1496  515]
 [1498  516]
 [1499  519]
 [1500  520]
 [1502  520]
 [1504  519]
 [1506  520]
 [1508  520]
 [1510  520]]
Fuhrman 2, [[1544  275]
 [1548  275]
 [1551  274]
 [1554  272]
 [1556  273]
 [1559  274]
 [1562  273]
 [1566  270]
 [1569  267]
 [1571  263]
 [1571  258]
 [1569  254]
 [1567  252]
 [1565  250]
 [1562  247]
 [1558  244]
 [1553  242]
 [1548  241]
 [1542  242]
 [1539  243]
 [1535  245]
 [1533  247]
 [1533  250]
 [1529  253]
 [1527  257]
 [1527  261]
 [1528  264]
 [1530  268]
 [1533  271]
 [1536  273]
 [1540  275]
 [1542  275]
 [1544  275]]
Fuhrman 2, [[1575  359]
 [1578  358]
 [1580  357]
 [1580  355]
 [1581  353]
 [1583  352]
 [1585  351]
 [1587  349]
 [1588  344]
 [1588  339]
 [1588  334]
 [1587  332]
 [1586  329]
 [1584  327]
 [1580  326]
 [1576  327]
 [1574  327]
 [1571  329]
 [1570  331]
 [1568  334]
 [1567  335]
 [1566  337]
 [1565  338]
 [1564  340]
 [1564  342]
 [1562  344]
 [1561  345]
 [1561  348]
 [1561  350]
 [1562  351]
 [1564  353]
 [1566  353]
 [1567  353]
 [1568  355]
 [1570  356]
 [1571  357]
 [1573  358]
 [1575  359]]
Fuhrman 2, [[1649  313]
 [1647  316]
 [1646  319]
 [1646  322]
 [1646  323]
 [1648  325]
 [1650  327]
 [1652  327]
 [1655  327]
 [1658  327]
 [1661  326]
 [1663  323]
 [1666  321]
 [1669  320]
 [1671  317]
 [1672  315]
 [1673  311]
 [1673  307]
 [1671  303]
 [1669  300]
 [1664  299]
 [1661  299]
 [1658  300]
 [1655  303]
 [1654  305]
 [1651  307]
 [1650  308]
 [1650  310]
 [1650  311]
 [1649  313]]
Fuhrman 2, [[1791  375]
 [1787  377]
 [1784  378]
 [1780  380]
 [1777  382]
 [1773  384]
 [1770  387]
 [1769  390]
 [1770  394]
 [1770  397]
 [1770  399]
 [1771  401]
 [1774  402]
 [1777  402]
 [1781  402]
 [1786  401]
 [1791  400]
 [1795  397]
 [1798  396]
 [1801  394]
 [1804  394]
 [1806  392]
 [1807  390]
 [1808  388]
 [1808  384]
 [1807  381]
 [1804  377]
 [1801  376]
 [1798  374]
 [1795  373]
 [1793  374]
 [1791  375]]
Fuhrman 2, [[1333  720]
 [1335  719]
 [1338  718]
 [1340  717]
 [1342  716]
 [1343  715]
 [1344  713]
 [1343  708]
 [1342  702]
 [1341  699]
 [1339  696]
 [1338  694]
 [1336  692]
 [1334  689]
 [1332  687]
 [1331  684]
 [1328  682]
 [1326  682]
 [1323  682]
 [1320  683]
 [1318  684]
 [1316  687]
 [1315  691]
 [1315  695]
 [1315  698]
 [1315  702]
 [1315  705]
 [1315  706]
 [1314  709]
 [1314  711]
 [1315  712]
 [1316  713]
 [1317  715]
 [1318  717]
 [1320  718]
 [1322  719]
 [1324  720]
 [1326  721]
 [1328  722]
 [1331  721]
 [1332  721]
 [1333  720]]
Fuhrman 2, [[ 859 1012]
 [ 861 1011]
 [ 863 1009]
 [ 866 1007]
 [ 867 1004]
 [ 868 1001]
 [ 868  997]
 [ 866  992]
 [ 864  990]
 [ 862  988]
 [ 858  985]
 [ 856  983]
 [ 853  982]
 [ 850  983]
 [ 849  984]
 [ 846  984]
 [ 843  985]
 [ 840  988]
 [ 839  991]
 [ 837  994]
 [ 836  997]
 [ 836  998]
 [ 836 1000]
 [ 837 1001]
 [ 838 1002]
 [ 839 1005]
 [ 839 1008]
 [ 840 1011]
 [ 841 1013]
 [ 843 1014]
 [ 846 1014]
 [ 851 1014]
 [ 854 1013]
 [ 857 1012]
 [ 859 1012]]
Fuhrman 2, [[1051  869]
 [1051  871]
 [1052  872]
 [1054  874]
 [1056  876]
 [1058  878]
 [1060  879]
 [1061  881]
 [1063  882]
 [1065  883]
 [1067  884]
 [1069  884]
 [1071  884]
 [1074  884]
 [1075  884]
 [1077  882]
 [1077  878]
 [1077  876]
 [1076  873]
 [1076  871]
 [1076  869]
 [1075  866]
 [1074  864]
 [1072  861]
 [1071  858]
 [1068  856]
 [1066  855]
 [1063  854]
 [1060  853]
 [1058  853]
 [1055  853]
 [1053  854]
 [1051  855]
 [1050  856]
 [1049  857]
 [1049  859]
 [1049  860]
 [1050  861]
 [1050  863]
 [1050  865]
 [1050  866]
 [1051  868]]
Fuhrman 2, [[1398  443]
 [1397  447]
 [1397  451]
 [1397  453]
 [1399  455]
 [1400  457]
 [1400  459]
 [1400  461]
 [1401  462]
 [1404  462]
 [1406  463]
 [1409  465]
 [1412  466]
 [1416  468]
 [1419  468]
 [1424  468]
 [1429  468]
 [1435  467]
 [1438  465]
 [1441  462]
 [1443  459]
 [1443  455]
 [1442  449]
 [1440  445]
 [1437  440]
 [1434  439]
 [1432  437]
 [1430  431]
 [1428  430]
 [1425  430]
 [1423  428]
 [1420  426]
 [1416  427]
 [1412  428]
 [1409  430]
 [1407  432]
 [1403  434]
 [1401  435]
 [1399  439]
 [1398  443]]
Fuhrman 2, [[ 47 412]
 [ 48 415]
 [ 50 417]
 [ 53 419]
 [ 57 419]
 [ 63 418]
 [ 66 418]
 [ 67 416]
 [ 69 413]
 [ 70 410]
 [ 71 406]
 [ 71 402]
 [ 71 400]
 [ 71 397]
 [ 69 394]
 [ 65 390]
 [ 61 388]
 [ 58 389]
 [ 56 391]
 [ 54 394]
 [ 52 397]
 [ 51 400]
 [ 49 403]
 [ 47 406]
 [ 47 408]
 [ 47 410]]
Fuhrman 2, [[673 480]
 [677 478]
 [680 476]
 [683 474]
 [684 471]
 [683 469]
 [681 467]
 [683 465]
 [684 462]
 [683 456]
 [681 450]
 [680 444]
 [678 439]
 [676 434]
 [673 430]
 [670 428]
 [668 427]
 [665 428]
 [662 431]
 [661 433]
 [659 436]
 [658 441]
 [657 444]
 [657 451]
 [657 458]
 [657 465]
 [658 469]
 [659 475]
 [661 477]
 [663 479]
 [666 481]
 [669 481]
 [673 479]]
Fuhrman 2, [[1350  872]
 [1352  872]
 [1356  872]
 [1361  872]
 [1365  870]
 [1369  867]
 [1371  865]
 [1373  863]
 [1375  860]
 [1376  856]
 [1376  853]
 [1374  851]
 [1371  849]
 [1369  846]
 [1367  844]
 [1364  842]
 [1361  839]
 [1357  838]
 [1354  838]
 [1352  839]
 [1350  842]
 [1348  844]
 [1348  847]
 [1347  849]
 [1345  851]
 [1344  853]
 [1344  856]
 [1344  858]
 [1343  860]
 [1342  861]
 [1343  864]
 [1343  867]
 [1345  870]
 [1346  871]
 [1348  872]
 [1350  872]]
Fuhrman 2, [[1450  820]
 [1452  818]
 [1454  817]
 [1455  815]
 [1456  814]
 [1456  813]
 [1457  811]
 [1458  809]
 [1458  807]
 [1458  805]
 [1457  803]
 [1455  801]
 [1454  798]
 [1451  797]
 [1449  797]
 [1446  798]
 [1444  800]
 [1442  801]
 [1442  802]
 [1441  802]
 [1438  804]
 [1435  806]
 [1433  808]
 [1432  810]
 [1432  813]
 [1432  815]
 [1432  818]
 [1433  820]
 [1434  823]
 [1436  824]
 [1437  825]
 [1439  826]
 [1441  826]
 [1443  825]
 [1444  823]
 [1446  821]
 [1447  820]
 [1448  820]
 [1449  820]
 [1450  820]]
Fuhrman 2, [[226 931]
 [229 932]
 [232 930]
 [235 928]
 [238 925]
 [241 922]
 [243 919]
 [244 915]
 [244 912]
 [243 907]
 [242 903]
 [240 900]
 [238 899]
 [236 899]
 [233 901]
 [230 904]
 [230 906]
 [229 907]
 [226 907]
 [223 907]
 [220 909]
 [217 911]
 [216 913]
 [216 914]
 [214 916]
 [212 918]
 [211 920]
 [210 924]
 [210 928]
 [212 930]
 [214 932]
 [216 934]
 [221 934]
 [224 933]
 [226 932]
 [226 931]]
Fuhrman 2, [[854 899]
 [857 900]
 [860 901]
 [864 901]
 [866 899]
 [869 898]
 [871 895]
 [874 891]
 [877 887]
 [879 883]
 [880 879]
 [880 876]
 [878 873]
 [875 871]
 [872 870]
 [870 869]
 [869 867]
 [866 866]
 [864 868]
 [862 868]
 [859 870]
 [858 871]
 [857 872]
 [855 873]
 [852 875]
 [850 876]
 [849 877]
 [848 880]
 [847 884]
 [847 888]
 [847 890]
 [848 892]
 [849 894]
 [850 896]
 [851 898]
 [854 899]]
