Fuhrman 1, [[ 56 161]
 [ 58 161]
 [ 59 159]
 [ 60 156]
 [ 60 152]
 [ 61 150]
 [ 64 149]
 [ 64 147]
 [ 65 144]
 [ 64 140]
 [ 61 136]
 [ 56 134]
 [ 53 133]
 [ 49 133]
 [ 45 135]
 [ 42 138]
 [ 40 141]
 [ 37 144]
 [ 37 147]
 [ 37 149]
 [ 38 152]
 [ 39 155]
 [ 41 158]
 [ 43 160]
 [ 46 160]
 [ 48 161]
 [ 50 161]
 [ 53 161]
 [ 55 161]]
Fuhrman 1, [[321 669]
 [323 668]
 [325 666]
 [325 662]
 [323 660]
 [322 658]
 [318 655]
 [315 654]
 [311 653]
 [308 653]
 [304 653]
 [301 655]
 [299 656]
 [297 658]
 [297 661]
 [296 664]
 [296 667]
 [297 669]
 [298 672]
 [300 675]
 [302 676]
 [305 677]
 [308 676]
 [310 675]
 [315 673]
 [317 672]
 [320 670]
 [322 669]]
Fuhrman 1, [[500 461]
 [503 462]
 [506 461]
 [508 459]
 [509 456]
 [508 454]
 [507 451]
 [506 449]
 [502 447]
 [498 445]
 [495 444]
 [491 442]
 [487 441]
 [484 440]
 [480 441]
 [478 443]
 [478 446]
 [478 448]
 [480 450]
 [483 453]
 [486 455]
 [489 457]
 [492 458]
 [495 459]
 [497 460]
 [500 461]]
Fuhrman 1, [[715 392]
 [712 389]
 [709 389]
 [705 389]
 [702 389]
 [700 391]
 [697 393]
 [696 395]
 [695 398]
 [695 401]
 [696 404]
 [698 407]
 [701 409]
 [704 411]
 [707 412]
 [710 412]
 [713 412]
 [715 412]
 [718 411]
 [720 410]
 [723 407]
 [725 405]
 [726 402]
 [726 400]
 [724 398]
 [721 396]
 [719 394]
 [717 393]
 [715 392]]
Fuhrman 1, [[ 672 1012]
 [ 675 1009]
 [ 677 1005]
 [ 678 1003]
 [ 678 1000]
 [ 678  996]
 [ 676  993]
 [ 673  991]
 [ 670  989]
 [ 667  989]
 [ 664  991]
 [ 661  993]
 [ 657  994]
 [ 655  997]
 [ 653  999]
 [ 650 1002]
 [ 648 1005]
 [ 647 1008]
 [ 647 1011]
 [ 647 1014]
 [ 648 1016]
 [ 649 1018]
 [ 650 1020]
 [ 653 1021]
 [ 655 1022]
 [ 658 1021]
 [ 661 1020]
 [ 664 1018]
 [ 668 1016]
 [ 670 1015]
 [ 672 1012]]
Fuhrman 1, [[823  51]
 [824  47]
 [826  44]
 [826  40]
 [825  36]
 [824  33]
 [821  32]
 [818  30]
 [815  29]
 [812  30]
 [809  33]
 [807  36]
 [806  39]
 [806  42]
 [806  44]
 [806  46]
 [807  48]
 [809  50]
 [811  51]
 [813  52]
 [816  53]
 [817  53]
 [819  53]
 [821  52]
 [823  50]]
Fuhrman 1, [[1117  834]
 [1120  832]
 [1122  830]
 [1124  828]
 [1124  826]
 [1123  823]
 [1122  821]
 [1120  818]
 [1117  816]
 [1112  815]
 [1108  815]
 [1105  816]
 [1102  817]
 [1100  818]
 [1097  821]
 [1097  823]
 [1096  825]
 [1097  829]
 [1097  832]
 [1099  834]
 [1103  835]
 [1106  836]
 [1110  835]
 [1113  835]
 [1117  834]
 [1117  834]]
Fuhrman 1, [[1287  613]
 [1290  611]
 [1292  609]
 [1293  606]
 [1293  602]
 [1290  600]
 [1288  598]
 [1285  597]
 [1281  595]
 [1276  594]
 [1271  595]
 [1267  596]
 [1265  599]
 [1264  603]
 [1263  605]
 [1264  608]
 [1265  611]
 [1267  613]
 [1270  616]
 [1273  617]
 [1276  617]
 [1279  617]
 [1283  616]
 [1286  613]
 [1287  613]]
Fuhrman 1, [[1361 1014]
 [1362 1011]
 [1362 1008]
 [1363 1006]
 [1362 1003]
 [1360 1000]
 [1356  998]
 [1353  997]
 [1349  997]
 [1347  999]
 [1343 1001]
 [1342 1004]
 [1341 1007]
 [1340 1010]
 [1341 1013]
 [1343 1016]
 [1345 1018]
 [1347 1019]
 [1349 1020]
 [1353 1019]
 [1355 1019]
 [1358 1018]
 [1360 1016]
 [1361 1013]]
Fuhrman 1, [[1391  995]
 [1392  994]
 [1393  991]
 [1393  988]
 [1391  983]
 [1389  980]
 [1387  977]
 [1384  974]
 [1381  973]
 [1378  973]
 [1376  975]
 [1375  976]
 [1373  980]
 [1373  984]
 [1373  987]
 [1375  990]
 [1377  992]
 [1380  994]
 [1382  996]
 [1384  997]
 [1386  997]
 [1388  997]
 [1389  996]
 [1391  995]]
Fuhrman 1, [[1601  916]
 [1602  914]
 [1602  911]
 [1601  907]
 [1600  903]
 [1598  900]
 [1597  896]
 [1595  893]
 [1593  891]
 [1591  890]
 [1588  890]
 [1585  890]
 [1583  893]
 [1582  896]
 [1582  898]
 [1582  900]
 [1583  903]
 [1584  906]
 [1587  909]
 [1589  911]
 [1592  913]
 [1595  915]
 [1597  917]
 [1598  917]
 [1599  917]
 [1601  917]
 [1601  915]]
Fuhrman 1, [[1635   60]
 [1633   54]
 [1632   50]
 [1628   45]
 [1623   41]
 [1619   38]
 [1617   38]
 [1614   39]
 [1612   40]
 [1611   43]
 [1610   46]
 [1610   48]
 [1611   52]
 [1613   55]
 [1615   60]
 [1617   61]
 [1620   65]
 [1624   68]
 [1625   69]
 [1627   69]
 [1629   69]
 [1632   69]
 [1633   69]
 [1635   67]
 [1636   64]
 [1636   61]
 [1635   59]]
Fuhrman 1, [[1820  787]
 [1822  785]
 [1823  782]
 [1823  779]
 [1823  776]
 [1822  773]
 [1820  770]
 [1818  768]
 [1816  767]
 [1813  767]
 [1810  768]
 [1808  769]
 [1805  771]
 [1804  774]
 [1802  778]
 [1802  782]
 [1802  786]
 [1804  788]
 [1805  789]
 [1807  790]
 [1810  790]
 [1813  790]
 [1816  789]
 [1818  788]
 [1820  787]]
Fuhrman 1, [[1494  555]
 [1496  553]
 [1498  550]
 [1499  547]
 [1497  542]
 [1495  538]
 [1491  536]
 [1488  534]
 [1486  534]
 [1482  533]
 [1478  534]
 [1475  536]
 [1473  540]
 [1471  545]
 [1471  549]
 [1472  554]
 [1473  557]
 [1475  559]
 [1478  560]
 [1480  560]
 [1485  560]
 [1488  559]
 [1491  557]
 [1494  554]]
Fuhrman 1, [[1046  341]
 [1049  338]
 [1050  334]
 [1051  329]
 [1051  322]
 [1053  317]
 [1053  313]
 [1051  310]
 [1046  308]
 [1041  308]
 [1034  311]
 [1032  315]
 [1029  319]
 [1028  323]
 [1029  327]
 [1030  332]
 [1032  336]
 [1034  340]
 [1033  342]
 [1033  344]
 [1034  346]
 [1035  347]
 [1037  347]
 [1039  347]
 [1041  346]
 [1044  344]
 [1046  342]
 [1046  341]]
Fuhrman 1, [[200 574]
 [203 572]
 [205 570]
 [207 566]
 [207 563]
 [207 557]
 [206 553]
 [204 550]
 [200 546]
 [197 545]
 [192 545]
 [188 545]
 [184 546]
 [181 548]
 [179 551]
 [178 554]
 [177 556]
 [178 560]
 [180 563]
 [182 566]
 [185 568]
 [187 570]
 [189 572]
 [191 573]
 [194 574]
 [196 574]
 [199 574]
 [200 574]]
Fuhrman 1, [[394 380]
 [395 378]
 [395 375]
 [394 371]
 [392 368]
 [389 365]
 [387 363]
 [383 362]
 [382 362]
 [379 363]
 [378 365]
 [377 368]
 [377 370]
 [377 373]
 [378 376]
 [379 379]
 [381 381]
 [383 382]
 [385 382]
 [386 383]
 [388 383]
 [391 382]
 [392 381]
 [394 379]]
Fuhrman 1, [[586 589]
 [589 588]
 [591 586]
 [593 582]
 [593 580]
 [591 578]
 [589 576]
 [586 574]
 [583 572]
 [580 571]
 [578 571]
 [575 572]
 [573 572]
 [571 574]
 [569 575]
 [566 577]
 [566 578]
 [564 580]
 [562 582]
 [560 585]
 [560 588]
 [560 590]
 [561 592]
 [564 593]
 [566 596]
 [567 597]
 [569 598]
 [572 597]
 [574 595]
 [578 593]
 [581 591]
 [583 590]
 [586 589]]
Fuhrman 1, [[437 191]
 [440 188]
 [443 186]
 [445 183]
 [446 181]
 [447 176]
 [445 171]
 [442 167]
 [439 164]
 [435 161]
 [430 159]
 [426 159]
 [422 161]
 [420 162]
 [418 163]
 [415 164]
 [413 167]
 [413 172]
 [413 177]
 [415 181]
 [418 187]
 [420 189]
 [423 191]
 [426 193]
 [428 194]
 [431 194]
 [434 193]
 [437 191]]
Fuhrman 1, [[1857 1045]
 [1859 1045]
 [1862 1044]
 [1864 1042]
 [1865 1040]
 [1865 1036]
 [1863 1032]
 [1861 1028]
 [1857 1025]
 [1854 1022]
 [1850 1020]
 [1848 1021]
 [1845 1021]
 [1842 1021]
 [1840 1022]
 [1836 1023]
 [1835 1026]
 [1835 1029]
 [1836 1033]
 [1837 1037]
 [1840 1040]
 [1842 1043]
 [1845 1045]
 [1847 1045]
 [1850 1045]
 [1853 1045]
 [1856 1046]
 [1857 1045]]
