Fuhrman 1, [[538 406]
 [540 405]
 [541 402]
 [542 401]
 [542 399]
 [542 395]
 [540 393]
 [538 390]
 [533 387]
 [529 386]
 [527 386]
 [523 387]
 [520 390]
 [518 393]
 [516 395]
 [515 399]
 [515 401]
 [516 404]
 [517 406]
 [519 408]
 [521 409]
 [523 409]
 [526 411]
 [529 411]
 [531 411]
 [534 409]
 [536 407]
 [538 406]]
Fuhrman 1, [[ 79 199]
 [ 82 198]
 [ 84 196]
 [ 85 194]
 [ 85 192]
 [ 85 189]
 [ 85 186]
 [ 85 184]
 [ 81 180]
 [ 78 178]
 [ 75 176]
 [ 72 175]
 [ 69 174]
 [ 66 174]
 [ 63 174]
 [ 61 176]
 [ 60 178]
 [ 59 180]
 [ 58 184]
 [ 58 187]
 [ 59 190]
 [ 60 192]
 [ 63 194]
 [ 66 196]
 [ 68 197]
 [ 69 198]
 [ 74 198]
 [ 76 198]
 [ 78 198]
 [ 79 199]]
Fuhrman 1, [[ 86 910]
 [ 89 910]
 [ 91 909]
 [ 94 906]
 [ 94 902]
 [ 95 898]
 [ 97 894]
 [100 891]
 [103 890]
 [104 888]
 [104 885]
 [104 881]
 [101 876]
 [ 98 874]
 [ 95 874]
 [ 91 877]
 [ 88 880]
 [ 85 882]
 [ 82 885]
 [ 79 888]
 [ 77 890]
 [ 76 894]
 [ 75 899]
 [ 76 903]
 [ 77 907]
 [ 78 908]
 [ 81 909]
 [ 83 910]
 [ 86 910]]
Fuhrman 1, [[314 472]
 [317 472]
 [319 471]
 [321 470]
 [323 469]
 [324 467]
 [324 464]
 [323 463]
 [322 460]
 [319 458]
 [317 456]
 [315 454]
 [313 453]
 [311 452]
 [308 452]
 [305 452]
 [303 452]
 [301 452]
 [297 453]
 [295 454]
 [294 455]
 [293 456]
 [292 457]
 [291 458]
 [292 462]
 [293 466]
 [295 468]
 [297 470]
 [298 471]
 [301 472]
 [303 473]
 [305 474]
 [307 474]
 [310 474]
 [312 473]
 [314 472]]
Fuhrman 1, [[ 492 1013]
 [ 494 1013]
 [ 496 1012]
 [ 497 1010]
 [ 496 1006]
 [ 495 1004]
 [ 493 1000]
 [ 491  997]
 [ 488  994]
 [ 485  991]
 [ 482  989]
 [ 478  987]
 [ 475  988]
 [ 473  989]
 [ 472  990]
 [ 470  992]
 [ 469  995]
 [ 469  997]
 [ 469 1000]
 [ 470 1002]
 [ 472 1005]
 [ 474 1007]
 [ 476 1009]
 [ 479 1011]
 [ 481 1013]
 [ 484 1014]
 [ 486 1015]
 [ 488 1014]
 [ 488 1014]
 [ 490 1014]
 [ 492 1013]]
Fuhrman 1, [[633 450]
 [634 449]
 [637 448]
 [639 447]
 [640 446]
 [641 444]
 [641 442]
 [642 439]
 [641 436]
 [639 433]
 [635 431]
 [633 430]
 [628 430]
 [623 431]
 [621 432]
 [618 433]
 [616 436]
 [614 439]
 [614 442]
 [614 444]
 [615 447]
 [616 450]
 [618 451]
 [620 452]
 [622 452]
 [625 452]
 [627 452]
 [629 452]
 [631 451]
 [633 450]]
Fuhrman 1, [[1147  998]
 [1148  996]
 [1149  993]
 [1149  989]
 [1148  985]
 [1144  980]
 [1140  977]
 [1138  975]
 [1134  973]
 [1131  973]
 [1128  973]
 [1125  974]
 [1121  975]
 [1119  975]
 [1117  977]
 [1117  979]
 [1117  983]
 [1118  986]
 [1119  989]
 [1121  992]
 [1124  994]
 [1128  998]
 [1131  999]
 [1132 1000]
 [1136 1000]
 [1138 1000]
 [1141 1000]
 [1144  999]
 [1145  998]
 [1147  997]]
Fuhrman 1, [[1351  235]
 [1353  232]
 [1354  229]
 [1354  224]
 [1350  219]
 [1346  215]
 [1342  212]
 [1338  211]
 [1335  211]
 [1330  212]
 [1327  214]
 [1326  215]
 [1325  217]
 [1325  222]
 [1326  226]
 [1328  230]
 [1330  232]
 [1335  235]
 [1338  236]
 [1341  236]
 [1345  236]
 [1347  236]
 [1349  236]
 [1351  235]]
Fuhrman 1, [[1678  588]
 [1679  584]
 [1679  579]
 [1678  573]
 [1676  570]
 [1674  568]
 [1672  567]
 [1668  567]
 [1666  567]
 [1664  569]
 [1662  573]
 [1660  576]
 [1659  579]
 [1659  583]
 [1659  587]
 [1660  589]
 [1662  592]
 [1664  593]
 [1666  594]
 [1668  594]
 [1671  594]
 [1673  594]
 [1675  592]
 [1676  591]
 [1678  589]
 [1678  588]]
Fuhrman 1, [[1690  465]
 [1693  463]
 [1695  459]
 [1696  457]
 [1697  454]
 [1696  449]
 [1695  446]
 [1692  443]
 [1689  441]
 [1686  441]
 [1682  442]
 [1680  444]
 [1677  448]
 [1675  451]
 [1674  454]
 [1672  459]
 [1671  464]
 [1671  469]
 [1671  472]
 [1672  473]
 [1674  474]
 [1677  474]
 [1680  474]
 [1683  472]
 [1686  469]
 [1689  467]
 [1690  465]]
Fuhrman 1, [[1635 1012]
 [1637 1008]
 [1637 1005]
 [1637 1001]
 [1636  997]
 [1632  993]
 [1628  992]
 [1625  992]
 [1621  992]
 [1619  993]
 [1615  995]
 [1613  997]
 [1610 1000]
 [1610 1004]
 [1610 1009]
 [1611 1012]
 [1613 1014]
 [1616 1015]
 [1618 1016]
 [1622 1016]
 [1625 1016]
 [1628 1016]
 [1631 1015]
 [1634 1013]
 [1635 1011]]
Fuhrman 1, [[1614  313]
 [1614  309]
 [1614  305]
 [1612  301]
 [1609  298]
 [1605  297]
 [1600  296]
 [1596  297]
 [1594  298]
 [1592  299]
 [1590  302]
 [1588  305]
 [1588  308]
 [1589  313]
 [1590  316]
 [1592  319]
 [1594  321]
 [1596  323]
 [1598  324]
 [1600  324]
 [1603  323]
 [1607  323]
 [1609  321]
 [1611  319]
 [1612  316]
 [1614  313]]
Fuhrman 1, [[1037  564]
 [1038  562]
 [1039  560]
 [1038  557]
 [1038  552]
 [1038  550]
 [1036  547]
 [1035  544]
 [1032  542]
 [1028  541]
 [1026  541]
 [1021  543]
 [1018  545]
 [1017  548]
 [1017  553]
 [1017  557]
 [1019  562]
 [1020  566]
 [1023  568]
 [1026  568]
 [1028  569]
 [1031  568]
 [1033  568]
 [1035  566]
 [1037  563]]
Fuhrman 1, [[1062  680]
 [1064  678]
 [1066  676]
 [1068  673]
 [1069  670]
 [1069  667]
 [1069  664]
 [1067  660]
 [1064  658]
 [1062  656]
 [1059  655]
 [1055  655]
 [1052  655]
 [1048  658]
 [1045  661]
 [1042  663]
 [1040  666]
 [1039  670]
 [1040  673]
 [1041  675]
 [1043  678]
 [1046  681]
 [1048  682]
 [1051  683]
 [1053  683]
 [1056  682]
 [1059  682]
 [1060  681]
 [1062  680]]
Fuhrman 1, [[ 601 1006]
 [ 603 1004]
 [ 604 1002]
 [ 605 1000]
 [ 605  998]
 [ 603  997]
 [ 601  997]
 [ 595  992]
 [ 593  989]
 [ 591  985]
 [ 590  985]
 [ 587  985]
 [ 584  986]
 [ 583  988]
 [ 582  991]
 [ 582  995]
 [ 582  998]
 [ 583  999]
 [ 584 1001]
 [ 586 1002]
 [ 588 1003]
 [ 591 1004]
 [ 593 1005]
 [ 595 1006]
 [ 597 1006]
 [ 599 1006]
 [ 600 1006]
 [ 601 1006]]
Fuhrman 1, [[1570  940]
 [1574  940]
 [1577  939]
 [1579  935]
 [1580  929]
 [1580  924]
 [1579  921]
 [1577  918]
 [1573  915]
 [1570  914]
 [1566  915]
 [1563  916]
 [1561  921]
 [1559  924]
 [1559  927]
 [1559  930]
 [1559  933]
 [1560  937]
 [1562  939]
 [1564  940]
 [1566  940]
 [1570  940]]
Fuhrman 1, [[1033  751]
 [1036  751]
 [1038  750]
 [1040  746]
 [1041  743]
 [1040  738]
 [1036  734]
 [1032  731]
 [1027  728]
 [1022  727]
 [1018  727]
 [1014  727]
 [1011  731]
 [1010  734]
 [1010  737]
 [1013  740]
 [1015  741]
 [1019  745]
 [1023  747]
 [1025  748]
 [1028  750]
 [1030  751]
 [1033  751]]
Fuhrman 1, [[1361  907]
 [1363  905]
 [1365  903]
 [1366  901]
 [1366  898]
 [1365  895]
 [1362  891]
 [1359  889]
 [1355  886]
 [1351  885]
 [1347  883]
 [1344  883]
 [1340  884]
 [1336  887]
 [1336  889]
 [1335  895]
 [1336  901]
 [1337  903]
 [1339  905]
 [1341  907]
 [1344  909]
 [1347  910]
 [1350  910]
 [1353  909]
 [1355  909]
 [1358  908]
 [1361  907]]
Fuhrman 1, [[687 925]
 [690 924]
 [692 921]
 [693 918]
 [692 913]
 [691 907]
 [689 904]
 [685 901]
 [681 897]
 [678 897]
 [674 897]
 [672 897]
 [669 900]
 [668 901]
 [668 904]
 [669 908]
 [670 911]
 [672 915]
 [674 918]
 [676 920]
 [679 923]
 [682 925]
 [684 926]
 [687 925]]
Fuhrman 1, [[373 857]
 [376 856]
 [380 855]
 [382 852]
 [383 849]
 [382 844]
 [381 841]
 [380 837]
 [377 835]
 [372 834]
 [370 834]
 [365 834]
 [362 835]
 [360 836]
 [358 839]
 [357 842]
 [357 846]
 [358 849]
 [358 852]
 [360 854]
 [361 855]
 [363 856]
 [364 857]
 [367 857]
 [369 857]
 [371 857]
 [373 857]]
