Fuhrman 1, [[277  62]
 [280  61]
 [281  58]
 [283  55]
 [281  53]
 [279  51]
 [277  49]
 [273  47]
 [269  47]
 [265  47]
 [261  49]
 [258  51]
 [255  55]
 [254  58]
 [254  61]
 [255  65]
 [256  66]
 [258  68]
 [260  68]
 [264  69]
 [267  68]
 [271  67]
 [275  65]
 [277  64]
 [277  62]]
Fuhrman 1, [[377 162]
 [378 159]
 [378 154]
 [376 152]
 [374 149]
 [369 146]
 [366 146]
 [362 147]
 [359 149]
 [356 150]
 [354 153]
 [353 157]
 [354 160]
 [356 162]
 [357 163]
 [360 164]
 [362 164]
 [366 164]
 [368 164]
 [371 164]
 [373 164]
 [375 163]
 [377 162]]
Fuhrman 1, [[628 142]
 [631 140]
 [632 137]
 [632 133]
 [630 129]
 [628 126]
 [625 123]
 [625 123]
 [621 122]
 [618 122]
 [615 123]
 [611 125]
 [608 126]
 [606 129]
 [604 132]
 [604 134]
 [604 136]
 [606 140]
 [608 142]
 [611 143]
 [613 144]
 [617 145]
 [621 146]
 [624 145]
 [626 144]
 [628 142]]
Fuhrman 1, [[659 732]
 [659 728]
 [659 725]
 [658 721]
 [655 716]
 [652 712]
 [647 708]
 [642 706]
 [639 706]
 [635 708]
 [632 711]
 [631 715]
 [631 718]
 [632 723]
 [633 727]
 [635 730]
 [638 733]
 [641 735]
 [643 737]
 [647 738]
 [650 738]
 [652 738]
 [655 737]
 [657 735]
 [658 733]
 [659 732]]
Fuhrman 1, [[751 260]
 [754 258]
 [756 256]
 [757 253]
 [757 251]
 [756 247]
 [753 243]
 [749 241]
 [745 240]
 [739 241]
 [737 243]
 [735 246]
 [734 249]
 [733 252]
 [733 256]
 [734 259]
 [736 261]
 [739 262]
 [742 263]
 [745 263]
 [748 263]
 [750 262]
 [751 260]]
Fuhrman 1, [[1020  844]
 [1021  841]
 [1022  838]
 [1022  835]
 [1022  831]
 [1020  827]
 [1017  824]
 [1014  822]
 [1010  820]
 [1007  820]
 [1004  821]
 [1001  822]
 [ 998  824]
 [ 997  826]
 [ 996  830]
 [ 996  834]
 [ 997  837]
 [ 999  841]
 [1001  843]
 [1004  846]
 [1006  847]
 [1008  848]
 [1010  848]
 [1013  848]
 [1015  848]
 [1017  847]
 [1019  846]
 [1020  844]]
Fuhrman 1, [[1394  485]
 [1395  482]
 [1397  480]
 [1398  477]
 [1398  473]
 [1397  470]
 [1395  467]
 [1391  464]
 [1386  462]
 [1380  463]
 [1376  464]
 [1370  468]
 [1368  470]
 [1365  473]
 [1364  476]
 [1363  479]
 [1362  483]
 [1363  489]
 [1364  491]
 [1367  492]
 [1369  493]
 [1372  493]
 [1376  493]
 [1378  493]
 [1382  493]
 [1385  492]
 [1388  491]
 [1391  488]
 [1394  485]]
Fuhrman 1, [[1868  214]
 [1871  213]
 [1873  210]
 [1875  206]
 [1876  202]
 [1876  197]
 [1874  193]
 [1869  190]
 [1865  187]
 [1857  186]
 [1853  187]
 [1847  189]
 [1845  192]
 [1843  196]
 [1843  200]
 [1844  204]
 [1845  209]
 [1848  213]
 [1850  215]
 [1854  216]
 [1857  216]
 [1861  215]
 [1866  214]
 [1868  214]]
Fuhrman 1, [[1518 1018]
 [1521 1016]
 [1523 1014]
 [1524 1011]
 [1525 1008]
 [1524 1004]
 [1522 1001]
 [1519  999]
 [1515  999]
 [1510 1000]
 [1507 1002]
 [1505 1003]
 [1502 1005]
 [1500 1006]
 [1497 1007]
 [1495 1008]
 [1494 1011]
 [1493 1014]
 [1493 1016]
 [1494 1017]
 [1496 1019]
 [1499 1020]
 [1501 1020]
 [1504 1021]
 [1507 1021]
 [1510 1021]
 [1514 1020]
 [1516 1019]
 [1518 1017]]
Fuhrman 1, [[1274  855]
 [1276  851]
 [1276  848]
 [1274  843]
 [1272  840]
 [1268  838]
 [1264  837]
 [1260  835]
 [1256  835]
 [1253  836]
 [1251  838]
 [1249  840]
 [1248  844]
 [1247  848]
 [1248  850]
 [1250  854]
 [1252  857]
 [1254  860]
 [1257  861]
 [1259  861]
 [1262  861]
 [1265  860]
 [1269  859]
 [1272  858]
 [1274  856]
 [1274  855]]
Fuhrman 1, [[ 995  299]
 [ 998  298]
 [1002  296]
 [1005  295]
 [1006  293]
 [1007  290]
 [1007  287]
 [1005  284]
 [ 999  281]
 [ 995  281]
 [ 992  282]
 [ 988  284]
 [ 985  285]
 [ 982  289]
 [ 981  292]
 [ 980  295]
 [ 982  297]
 [ 984  299]
 [ 985  300]
 [ 988  300]
 [ 990  300]
 [ 993  300]
 [ 995  299]]
Fuhrman 1, [[1207  243]
 [1207  239]
 [1207  236]
 [1206  232]
 [1204  229]
 [1202  227]
 [1199  226]
 [1196  226]
 [1193  228]
 [1190  231]
 [1188  234]
 [1187  237]
 [1186  241]
 [1186  245]
 [1187  248]
 [1188  251]
 [1190  253]
 [1192  254]
 [1194  254]
 [1196  254]
 [1199  254]
 [1201  252]
 [1203  250]
 [1205  247]
 [1206  245]
 [1207  243]]
Fuhrman 1, [[1391  204]
 [1394  202]
 [1398  199]
 [1401  196]
 [1402  193]
 [1402  192]
 [1400  189]
 [1396  188]
 [1392  187]
 [1388  186]
 [1384  188]
 [1381  189]
 [1377  193]
 [1375  196]
 [1374  199]
 [1374  203]
 [1374  207]
 [1377  209]
 [1380  210]
 [1382  210]
 [1384  210]
 [1386  208]
 [1388  207]
 [1390  205]
 [1392  204]]
Fuhrman 1, [[123 558]
 [125 556]
 [126 552]
 [127 548]
 [127 543]
 [127 541]
 [125 539]
 [123 538]
 [120 538]
 [117 540]
 [114 543]
 [112 546]
 [109 550]
 [108 552]
 [107 556]
 [107 559]
 [107 562]
 [107 564]
 [109 566]
 [112 566]
 [114 565]
 [117 564]
 [119 562]
 [121 560]
 [123 558]]
Fuhrman 1, [[591 102]
 [592  99]
 [594  96]
 [594  94]
 [594  90]
 [591  87]
 [586  84]
 [583  84]
 [579  84]
 [575  84]
 [572  85]
 [570  86]
 [568  89]
 [566  92]
 [566  95]
 [566  97]
 [566 101]
 [568 104]
 [569 106]
 [572 108]
 [574 108]
 [577 107]
 [580 107]
 [582 107]
 [585 106]
 [588 104]
 [589 103]
 [591 102]]
Fuhrman 1, [[1201  878]
 [1203  877]
 [1204  874]
 [1204  871]
 [1203  867]
 [1201  863]
 [1199  860]
 [1197  859]
 [1195  859]
 [1192  859]
 [1189  860]
 [1186  861]
 [1183  863]
 [1180  866]
 [1180  869]
 [1182  872]
 [1184  875]
 [1186  877]
 [1189  878]
 [1191  880]
 [1194  881]
 [1195  881]
 [1198  879]
 [1201  878]]
Fuhrman 1, [[1534  543]
 [1537  540]
 [1539  537]
 [1539  533]
 [1537  530]
 [1535  528]
 [1532  527]
 [1528  527]
 [1523  527]
 [1520  528]
 [1518  529]
 [1515  531]
 [1512  533]
 [1510  536]
 [1510  538]
 [1510  540]
 [1512  542]
 [1514  543]
 [1517  544]
 [1521  543]
 [1524  543]
 [1527  543]
 [1531  543]
 [1534  542]]
Fuhrman 1, [[1894  615]
 [1896  612]
 [1897  609]
 [1897  606]
 [1895  603]
 [1894  602]
 [1890  600]
 [1887  599]
 [1882  600]
 [1877  601]
 [1871  605]
 [1868  608]
 [1866  611]
 [1864  614]
 [1865  615]
 [1866  617]
 [1868  619]
 [1871  620]
 [1874  621]
 [1877  621]
 [1880  621]
 [1883  621]
 [1888  619]
 [1890  618]
 [1892  617]
 [1894  615]]
Fuhrman 1, [[ 940 1026]
 [ 941 1025]
 [ 942 1022]
 [ 942 1018]
 [ 940 1013]
 [ 939 1009]
 [ 937 1007]
 [ 934 1004]
 [ 931 1003]
 [ 928 1003]
 [ 925 1004]
 [ 923 1007]
 [ 922 1011]
 [ 921 1015]
 [ 922 1018]
 [ 924 1022]
 [ 926 1025]
 [ 928 1026]
 [ 930 1027]
 [ 933 1028]
 [ 937 1027]
 [ 939 1026]]
Fuhrman 1, [[166 672]
 [169 671]
 [171 669]
 [172 665]
 [171 659]
 [169 656]
 [168 653]
 [164 650]
 [160 648]
 [155 646]
 [151 644]
 [148 643]
 [145 642]
 [143 644]
 [140 646]
 [138 651]
 [138 656]
 [139 660]
 [141 663]
 [143 667]
 [147 669]
 [150 670]
 [154 671]
 [157 671]
 [160 671]
 [163 672]
 [166 672]]
