Fuhrman 1, [[210  82]
 [212  81]
 [215  80]
 [216  79]
 [218  77]
 [219  75]
 [219  72]
 [219  69]
 [218  66]
 [218  64]
 [217  61]
 [215  60]
 [212  59]
 [209  58]
 [207  58]
 [204  58]
 [201  61]
 [199  64]
 [198  65]
 [197  68]
 [197  70]
 [197  72]
 [197  74]
 [198  76]
 [199  78]
 [201  79]
 [203  80]
 [204  81]
 [206  81]
 [208  81]
 [210  82]]
Fuhrman 1, [[ 69 287]
 [ 71 286]
 [ 72 283]
 [ 74 280]
 [ 74 276]
 [ 74 272]
 [ 74 267]
 [ 73 263]
 [ 71 261]
 [ 68 259]
 [ 65 259]
 [ 62 259]
 [ 58 260]
 [ 54 262]
 [ 53 263]
 [ 51 266]
 [ 49 268]
 [ 49 271]
 [ 49 275]
 [ 50 278]
 [ 52 282]
 [ 53 285]
 [ 54 287]
 [ 57 289]
 [ 59 291]
 [ 60 292]
 [ 62 292]
 [ 64 291]
 [ 66 289]
 [ 69 287]]
Fuhrman 1, [[529 395]
 [532 394]
 [533 391]
 [536 388]
 [536 385]
 [536 381]
 [535 378]
 [533 375]
 [530 374]
 [528 373]
 [525 371]
 [521 371]
 [517 372]
 [514 374]
 [512 377]
 [512 380]
 [511 383]
 [512 387]
 [514 391]
 [515 392]
 [518 394]
 [519 395]
 [522 396]
 [525 396]
 [527 395]
 [530 394]]
Fuhrman 1, [[846 792]
 [849 789]
 [852 787]
 [854 784]
 [854 781]
 [854 778]
 [852 775]
 [850 772]
 [848 770]
 [845 768]
 [843 767]
 [839 767]
 [836 769]
 [832 771]
 [830 774]
 [828 777]
 [827 780]
 [827 783]
 [826 786]
 [827 789]
 [829 791]
 [830 793]
 [833 794]
 [836 794]
 [838 794]
 [842 793]
 [846 791]]
Fuhrman 1, [[ 214 1000]
 [ 216  999]
 [ 217  996]
 [ 219  994]
 [ 221  991]
 [ 222  988]
 [ 223  985]
 [ 222  982]
 [ 221  980]
 [ 218  979]
 [ 216  979]
 [ 213  979]
 [ 209  980]
 [ 204  982]
 [ 200  984]
 [ 198  986]
 [ 197  989]
 [ 196  992]
 [ 195  994]
 [ 195  997]
 [ 196 1000]
 [ 197 1001]
 [ 199 1003]
 [ 202 1004]
 [ 204 1005]
 [ 207 1005]
 [ 210 1003]
 [ 212 1001]
 [ 214 1000]]
Fuhrman 1, [[1471  285]
 [1474  284]
 [1476  281]
 [1477  278]
 [1477  275]
 [1476  270]
 [1473  267]
 [1469  265]
 [1465  264]
 [1461  264]
 [1457  265]
 [1455  265]
 [1452  268]
 [1451  271]
 [1451  275]
 [1453  279]
 [1455  282]
 [1459  284]
 [1462  285]
 [1464  285]
 [1467  285]
 [1470  285]
 [1471  285]]
Fuhrman 1, [[1650  234]
 [1652  232]
 [1655  230]
 [1657  228]
 [1657  225]
 [1657  221]
 [1655  219]
 [1653  218]
 [1650  218]
 [1647  218]
 [1642  220]
 [1640  221]
 [1637  222]
 [1636  224]
 [1634  227]
 [1634  229]
 [1634  231]
 [1635  233]
 [1637  234]
 [1639  235]
 [1642  235]
 [1644  235]
 [1646  235]
 [1650  234]]
Fuhrman 1, [[1660  557]
 [1662  554]
 [1663  551]
 [1663  547]
 [1662  544]
 [1660  541]
 [1658  539]
 [1655  537]
 [1652  535]
 [1646  534]
 [1643  534]
 [1638  535]
 [1636  537]
 [1633  540]
 [1631  543]
 [1631  545]
 [1631  547]
 [1632  549]
 [1635  551]
 [1637  553]
 [1641  555]
 [1644  557]
 [1645  557]
 [1648  558]
 [1652  559]
 [1654  559]
 [1657  558]
 [1659  558]
 [1660  557]]
Fuhrman 1, [[1841  935]
 [1844  935]
 [1847  933]
 [1848  930]
 [1849  928]
 [1848  925]
 [1846  921]
 [1844  918]
 [1841  915]
 [1837  914]
 [1832  914]
 [1828  916]
 [1824  918]
 [1820  920]
 [1818  922]
 [1815  925]
 [1814  927]
 [1814  929]
 [1815  931]
 [1816  934]
 [1818  936]
 [1820  938]
 [1824  938]
 [1826  937]
 [1830  937]
 [1834  936]
 [1837  936]
 [1841  935]]
Fuhrman 1, [[418 400]
 [420 399]
 [421 396]
 [422 394]
 [423 391]
 [422 388]
 [420 384]
 [417 382]
 [414 381]
 [410 381]
 [407 381]
 [403 381]
 [400 384]
 [398 387]
 [397 389]
 [397 393]
 [397 396]
 [399 400]
 [401 402]
 [403 403]
 [406 404]
 [409 404]
 [412 403]
 [414 402]
 [417 401]
 [418 400]]
Fuhrman 1, [[675 955]
 [677 954]
 [679 951]
 [680 948]
 [680 944]
 [681 940]
 [680 937]
 [679 934]
 [677 931]
 [675 928]
 [672 926]
 [668 927]
 [665 929]
 [662 931]
 [659 934]
 [656 937]
 [656 941]
 [656 945]
 [658 949]
 [660 952]
 [663 954]
 [665 956]
 [668 956]
 [670 956]
 [672 956]
 [675 955]]
Fuhrman 1, [[ 866 1002]
 [ 868 1000]
 [ 869  998]
 [ 869  996]
 [ 869  992]
 [ 868  988]
 [ 866  986]
 [ 863  985]
 [ 860  985]
 [ 857  988]
 [ 855  991]
 [ 854  995]
 [ 853  998]
 [ 854 1000]
 [ 855 1003]
 [ 856 1004]
 [ 858 1005]
 [ 861 1004]
 [ 863 1004]
 [ 864 1003]
 [ 866 1002]]
Fuhrman 1, [[603 216]
 [606 216]
 [608 214]
 [610 212]
 [611 209]
 [611 207]
 [611 204]
 [610 202]
 [608 199]
 [605 196]
 [601 194]
 [598 193]
 [593 193]
 [589 195]
 [585 197]
 [582 197]
 [579 199]
 [577 203]
 [577 205]
 [578 208]
 [580 210]
 [583 213]
 [586 214]
 [590 215]
 [594 216]
 [598 216]
 [601 216]
 [603 216]]
Fuhrman 1, [[662 260]
 [665 256]
 [666 252]
 [667 249]
 [667 246]
 [665 245]
 [664 245]
 [662 243]
 [659 242]
 [655 243]
 [652 244]
 [648 246]
 [642 249]
 [638 251]
 [635 252]
 [633 255]
 [632 257]
 [631 260]
 [632 263]
 [634 265]
 [636 267]
 [639 269]
 [642 270]
 [645 272]
 [647 272]
 [650 272]
 [653 271]
 [656 271]
 [658 271]
 [659 270]
 [660 268]
 [661 266]
 [661 264]
 [662 260]
 [662 260]]
Fuhrman 1, [[1571  713]
 [1573  712]
 [1575  709]
 [1576  706]
 [1576  702]
 [1575  699]
 [1573  695]
 [1570  692]
 [1567  690]
 [1563  689]
 [1559  690]
 [1556  691]
 [1553  694]
 [1552  697]
 [1551  700]
 [1551  703]
 [1553  707]
 [1554  710]
 [1556  713]
 [1558  715]
 [1561  716]
 [1564  717]
 [1567  717]
 [1569  716]
 [1571  714]
 [1571  713]]
Fuhrman 1, [[1484  592]
 [1487  591]
 [1488  589]
 [1490  587]
 [1491  584]
 [1490  579]
 [1488  574]
 [1485  570]
 [1480  568]
 [1476  568]
 [1473  569]
 [1469  570]
 [1467  573]
 [1467  577]
 [1467  581]
 [1468  584]
 [1471  588]
 [1473  591]
 [1475  592]
 [1479  592]
 [1482  592]
 [1484  592]]
Fuhrman 1, [[283 871]
 [284 869]
 [287 866]
 [289 864]
 [288 861]
 [286 858]
 [284 855]
 [281 852]
 [278 849]
 [274 846]
 [270 844]
 [266 844]
 [262 844]
 [259 843]
 [259 843]
 [256 844]
 [255 847]
 [255 850]
 [256 853]
 [257 855]
 [259 859]
 [261 864]
 [263 868]
 [266 872]
 [269 872]
 [272 873]
 [274 873]
 [277 873]
 [280 872]
 [283 871]]
Fuhrman 1, [[  58 1038]
 [  61 1036]
 [  64 1035]
 [  66 1033]
 [  66 1030]
 [  67 1026]
 [  67 1024]
 [  65 1022]
 [  63 1020]
 [  61 1018]
 [  59 1015]
 [  55 1015]
 [  52 1015]
 [  50 1016]
 [  47 1018]
 [  45 1019]
 [  43 1022]
 [  42 1025]
 [  41 1028]
 [  41 1031]
 [  41 1033]
 [  42 1036]
 [  44 1038]
 [  46 1039]
 [  48 1040]
 [  50 1040]
 [  53 1039]
 [  55 1039]
 [  58 1038]]
Fuhrman 1, [[1168  815]
 [1169  813]
 [1170  808]
 [1170  807]
 [1169  803]
 [1168  800]
 [1165  797]
 [1163  793]
 [1161  791]
 [1159  791]
 [1156  792]
 [1155  793]
 [1152  794]
 [1150  797]
 [1150  799]
 [1150  803]
 [1150  806]
 [1150  811]
 [1150  814]
 [1152  817]
 [1154  817]
 [1156  818]
 [1158  819]
 [1161  821]
 [1163  821]
 [1164  821]
 [1166  819]
 [1167  818]
 [1168  815]]
Fuhrman 1, [[1662  348]
 [1663  345]
 [1663  342]
 [1662  339]
 [1660  338]
 [1658  335]
 [1655  333]
 [1652  333]
 [1649  333]
 [1647  335]
 [1644  338]
 [1643  342]
 [1641  344]
 [1640  346]
 [1640  350]
 [1640  352]
 [1642  354]
 [1644  354]
 [1649  355]
 [1651  355]
 [1653  354]
 [1657  353]
 [1658  351]
 [1660  350]
 [1661  349]
 [1662  348]]
