Fuhrman 1, [[234 296]
 [236 296]
 [238 296]
 [240 294]
 [241 291]
 [242 287]
 [242 283]
 [242 278]
 [242 274]
 [242 271]
 [240 269]
 [238 267]
 [237 266]
 [236 265]
 [235 264]
 [233 265]
 [231 266]
 [230 268]
 [230 269]
 [228 271]
 [227 274]
 [225 278]
 [224 280]
 [224 281]
 [224 283]
 [223 285]
 [222 287]
 [222 289]
 [223 291]
 [224 293]
 [225 295]
 [227 296]
 [228 296]
 [231 296]
 [232 296]
 [234 296]]
Fuhrman 1, [[442 178]
 [444 176]
 [446 175]
 [448 173]
 [449 171]
 [448 169]
 [447 166]
 [446 163]
 [444 162]
 [443 161]
 [441 160]
 [439 159]
 [437 158]
 [436 158]
 [434 159]
 [432 161]
 [431 162]
 [429 164]
 [428 167]
 [428 170]
 [428 173]
 [430 176]
 [431 178]
 [433 180]
 [434 180]
 [436 180]
 [438 180]
 [441 178]
 [442 177]]
Fuhrman 1, [[824 724]
 [825 720]
 [825 717]
 [825 714]
 [824 711]
 [821 709]
 [818 706]
 [817 705]
 [814 703]
 [811 702]
 [807 701]
 [804 701]
 [801 701]
 [798 702]
 [794 704]
 [792 707]
 [791 709]
 [791 713]
 [790 716]
 [791 718]
 [793 720]
 [796 722]
 [800 724]
 [805 726]
 [808 727]
 [811 728]
 [815 728]
 [817 729]
 [821 729]
 [823 728]
 [824 726]
 [824 723]]
Fuhrman 1, [[879 732]
 [882 732]
 [884 731]
 [886 730]
 [888 728]
 [889 726]
 [889 723]
 [889 719]
 [889 715]
 [888 713]
 [884 710]
 [880 709]
 [877 709]
 [874 710]
 [872 711]
 [869 714]
 [868 716]
 [867 718]
 [867 721]
 [867 724]
 [868 726]
 [869 728]
 [870 729]
 [872 730]
 [873 731]
 [875 732]
 [876 732]
 [879 732]]
Fuhrman 1, [[1029  666]
 [1031  665]
 [1032  664]
 [1034  661]
 [1035  659]
 [1034  657]
 [1033  655]
 [1032  653]
 [1031  652]
 [1029  652]
 [1026  651]
 [1026  651]
 [1024  652]
 [1022  653]
 [1019  655]
 [1018  657]
 [1017  659]
 [1017  661]
 [1016  664]
 [1017  667]
 [1017  668]
 [1019  670]
 [1021  670]
 [1023  670]
 [1025  669]
 [1027  668]
 [1029  667]
 [1029  666]]
Fuhrman 1, [[1188  459]
 [1190  458]
 [1191  457]
 [1192  455]
 [1193  452]
 [1193  449]
 [1192  445]
 [1192  444]
 [1190  442]
 [1187  441]
 [1184  440]
 [1181  440]
 [1179  440]
 [1176  440]
 [1174  440]
 [1172  441]
 [1171  443]
 [1171  445]
 [1171  447]
 [1172  448]
 [1173  449]
 [1175  450]
 [1176  453]
 [1176  455]
 [1177  457]
 [1178  458]
 [1180  459]
 [1182  459]
 [1185  459]
 [1186  459]
 [1188  459]]
Fuhrman 1, [[1169   56]
 [1170   54]
 [1170   49]
 [1169   45]
 [1168   41]
 [1167   38]
 [1165   37]
 [1163   37]
 [1159   36]
 [1157   37]
 [1155   38]
 [1154   41]
 [1153   45]
 [1153   49]
 [1153   52]
 [1153   56]
 [1154   59]
 [1156   62]
 [1157   64]
 [1159   65]
 [1162   64]
 [1164   63]
 [1166   62]
 [1168   59]
 [1169   57]
 [1169   56]]
Fuhrman 1, [[1272  532]
 [1274  532]
 [1276  530]
 [1279  528]
 [1280  526]
 [1281  524]
 [1281  522]
 [1280  520]
 [1279  520]
 [1278  519]
 [1279  518]
 [1281  516]
 [1281  514]
 [1282  511]
 [1281  509]
 [1278  508]
 [1276  508]
 [1274  508]
 [1272  509]
 [1269  511]
 [1267  513]
 [1266  516]
 [1265  519]
 [1265  522]
 [1266  524]
 [1266  527]
 [1267  530]
 [1268  532]
 [1270  532]
 [1272  533]]
Fuhrman 1, [[1604  838]
 [1606  839]
 [1608  839]
 [1610  838]
 [1612  837]
 [1614  835]
 [1615  832]
 [1616  829]
 [1614  826]
 [1612  824]
 [1609  821]
 [1607  820]
 [1605  820]
 [1602  821]
 [1600  821]
 [1598  823]
 [1597  825]
 [1596  828]
 [1596  829]
 [1596  831]
 [1597  833]
 [1599  836]
 [1600  837]
 [1602  838]
 [1604  838]]
Fuhrman 1, [[1471 1065]
 [1473 1064]
 [1476 1063]
 [1478 1063]
 [1479 1060]
 [1480 1058]
 [1481 1056]
 [1482 1054]
 [1481 1052]
 [1480 1050]
 [1478 1049]
 [1474 1049]
 [1469 1050]
 [1467 1051]
 [1464 1052]
 [1461 1053]
 [1460 1055]
 [1459 1058]
 [1459 1060]
 [1459 1063]
 [1459 1065]
 [1461 1066]
 [1463 1066]
 [1466 1066]
 [1469 1065]
 [1471 1065]]
Fuhrman 1, [[1741  235]
 [1744  234]
 [1746  233]
 [1748  231]
 [1749  229]
 [1748  225]
 [1747  221]
 [1745  218]
 [1741  216]
 [1737  215]
 [1734  214]
 [1731  214]
 [1729  214]
 [1726  215]
 [1724  217]
 [1723  218]
 [1723  221]
 [1724  224]
 [1726  226]
 [1727  229]
 [1729  230]
 [1731  232]
 [1733  233]
 [1735  234]
 [1738  235]
 [1740  235]
 [1741  235]]
Fuhrman 1, [[1679  286]
 [1681  285]
 [1683  282]
 [1683  277]
 [1682  275]
 [1679  271]
 [1676  269]
 [1674  269]
 [1671  270]
 [1669  272]
 [1667  274]
 [1666  277]
 [1666  280]
 [1666  282]
 [1668  284]
 [1670  286]
 [1672  287]
 [1674  286]
 [1676  286]
 [1678  286]
 [1679  286]]
Fuhrman 1, [[1871  890]
 [1873  890]
 [1874  890]
 [1876  890]
 [1877  888]
 [1878  885]
 [1879  881]
 [1879  878]
 [1878  876]
 [1876  874]
 [1873  874]
 [1870  874]
 [1868  874]
 [1866  875]
 [1864  876]
 [1863  878]
 [1862  880]
 [1860  883]
 [1860  885]
 [1860  887]
 [1861  888]
 [1863  889]
 [1865  890]
 [1868  890]
 [1869  890]
 [1871  890]]
Fuhrman 1, [[1204  649]
 [1207  650]
 [1209  650]
 [1210  648]
 [1212  647]
 [1214  645]
 [1216  643]
 [1217  639]
 [1218  635]
 [1217  633]
 [1214  632]
 [1210  631]
 [1206  630]
 [1203  632]
 [1201  632]
 [1199  634]
 [1199  636]
 [1198  639]
 [1198  641]
 [1199  643]
 [1200  645]
 [1201  646]
 [1203  647]
 [1204  649]]
Fuhrman 1, [[653 513]
 [653 513]
 [655 512]
 [658 510]
 [660 509]
 [662 506]
 [663 503]
 [664 501]
 [663 497]
 [662 495]
 [660 492]
 [657 491]
 [654 490]
 [652 491]
 [649 494]
 [648 496]
 [647 499]
 [647 502]
 [647 505]
 [648 508]
 [649 510]
 [650 512]
 [651 513]
 [653 513]]
Fuhrman 1, [[548 688]
 [549 690]
 [551 690]
 [553 689]
 [556 686]
 [558 684]
 [560 682]
 [561 676]
 [561 673]
 [560 670]
 [559 668]
 [558 667]
 [556 666]
 [552 667]
 [550 669]
 [549 671]
 [548 674]
 [547 676]
 [547 679]
 [547 682]
 [547 684]
 [548 687]]
Fuhrman 1, [[731 538]
 [733 536]
 [733 533]
 [733 529]
 [730 527]
 [728 525]
 [724 523]
 [722 522]
 [719 522]
 [718 522]
 [716 523]
 [714 525]
 [712 527]
 [711 531]
 [711 534]
 [711 536]
 [712 539]
 [715 541]
 [717 543]
 [718 544]
 [720 544]
 [725 544]
 [727 542]
 [729 541]
 [730 539]
 [731 538]]
Fuhrman 1, [[416  27]
 [419  30]
 [421  32]
 [423  33]
 [426  33]
 [427  32]
 [429  30]
 [429  24]
 [428  18]
 [426  13]
 [424   8]
 [422   7]
 [419   6]
 [418   6]
 [415   7]
 [413   8]
 [412  11]
 [411  14]
 [412  17]
 [413  20]
 [414  23]
 [416  26]]
Fuhrman 1, [[1030  822]
 [1032  821]
 [1034  820]
 [1035  819]
 [1036  816]
 [1036  814]
 [1035  813]
 [1033  812]
 [1031  811]
 [1029  809]
 [1027  809]
 [1024  809]
 [1022  810]
 [1020  811]
 [1019  813]
 [1018  814]
 [1017  816]
 [1017  817]
 [1018  819]
 [1019  821]
 [1021  822]
 [1022  823]
 [1024  823]
 [1026  823]
 [1028  822]
 [1030  822]]
Fuhrman 1, [[1720  540]
 [1722  539]
 [1724  538]
 [1726  537]
 [1727  535]
 [1727  533]
 [1727  531]
 [1725  530]
 [1722  529]
 [1723  527]
 [1725  525]
 [1724  523]
 [1722  520]
 [1721  519]
 [1718  519]
 [1715  519]
 [1713  521]
 [1711  522]
 [1710  524]
 [1709  525]
 [1708  528]
 [1708  530]
 [1709  532]
 [1710  534]
 [1712  537]
 [1714  537]
 [1715  539]
 [1717  540]
 [1718  540]
 [1719  541]
 [1720  540]]
