Fuhrman 1, [[ 83 375]
 [ 86 375]
 [ 87 373]
 [ 89 372]
 [ 90 369]
 [ 91 366]
 [ 90 363]
 [ 88 360]
 [ 86 358]
 [ 83 356]
 [ 81 355]
 [ 78 356]
 [ 75 358]
 [ 73 360]
 [ 72 362]
 [ 72 365]
 [ 72 367]
 [ 73 370]
 [ 75 372]
 [ 76 373]
 [ 78 375]
 [ 80 375]
 [ 82 375]
 [ 83 375]]
Fuhrman 1, [[ 51 541]
 [ 53 540]
 [ 55 539]
 [ 57 537]
 [ 57 535]
 [ 57 532]
 [ 56 529]
 [ 53 527]
 [ 51 525]
 [ 48 525]
 [ 46 526]
 [ 43 527]
 [ 41 529]
 [ 39 530]
 [ 39 533]
 [ 39 535]
 [ 39 537]
 [ 40 539]
 [ 42 540]
 [ 44 541]
 [ 45 541]
 [ 47 541]
 [ 49 541]
 [ 50 541]
 [ 51 541]]
Fuhrman 1, [[516 965]
 [518 965]
 [520 965]
 [521 963]
 [523 961]
 [524 958]
 [524 956]
 [524 953]
 [523 949]
 [520 947]
 [517 946]
 [514 945]
 [512 945]
 [510 945]
 [507 947]
 [505 948]
 [504 951]
 [504 954]
 [504 957]
 [505 959]
 [507 961]
 [509 963]
 [510 963]
 [512 964]
 [514 965]
 [516 965]]
Fuhrman 1, [[376 673]
 [379 672]
 [381 670]
 [384 667]
 [386 664]
 [387 662]
 [387 658]
 [384 655]
 [381 652]
 [379 651]
 [375 650]
 [371 651]
 [369 653]
 [365 654]
 [363 656]
 [362 659]
 [361 662]
 [361 664]
 [362 667]
 [363 671]
 [364 673]
 [366 673]
 [369 673]
 [372 673]
 [377 673]]
Fuhrman 1, [[427 697]
 [429 697]
 [432 696]
 [435 694]
 [436 691]
 [438 686]
 [438 682]
 [436 678]
 [433 675]
 [431 673]
 [429 671]
 [425 670]
 [423 670]
 [420 671]
 [417 673]
 [417 675]
 [417 678]
 [418 682]
 [418 684]
 [420 688]
 [421 691]
 [422 693]
 [423 694]
 [424 695]
 [426 696]
 [427 697]]
Fuhrman 1, [[335 883]
 [338 882]
 [339 880]
 [341 878]
 [341 875]
 [339 872]
 [337 869]
 [334 868]
 [330 867]
 [328 867]
 [325 868]
 [323 870]
 [321 873]
 [321 875]
 [322 878]
 [323 881]
 [325 883]
 [327 883]
 [328 884]
 [330 884]
 [332 883]
 [335 883]]
Fuhrman 1, [[370 211]
 [371 209]
 [371 203]
 [370 199]
 [367 196]
 [365 193]
 [363 193]
 [360 193]
 [357 193]
 [354 194]
 [352 196]
 [351 198]
 [350 202]
 [350 205]
 [351 208]
 [352 211]
 [354 212]
 [357 213]
 [360 213]
 [363 213]
 [365 213]
 [368 212]
 [370 211]]
Fuhrman 1, [[307 184]
 [310 183]
 [313 181]
 [315 177]
 [315 175]
 [314 171]
 [312 169]
 [309 167]
 [307 166]
 [304 167]
 [301 169]
 [299 170]
 [298 173]
 [297 175]
 [297 178]
 [298 181]
 [300 183]
 [301 184]
 [303 184]
 [305 184]
 [307 184]]
Fuhrman 1, [[891 734]
 [894 734]
 [898 733]
 [900 731]
 [902 729]
 [903 727]
 [903 723]
 [902 720]
 [900 718]
 [898 716]
 [895 715]
 [892 714]
 [889 715]
 [885 718]
 [884 720]
 [883 723]
 [883 726]
 [884 729]
 [885 731]
 [887 733]
 [889 733]
 [891 734]]
Fuhrman 1, [[934 136]
 [936 136]
 [938 134]
 [939 131]
 [939 128]
 [938 124]
 [936 122]
 [933 122]
 [931 121]
 [928 120]
 [925 120]
 [922 121]
 [920 123]
 [919 125]
 [919 127]
 [919 129]
 [920 131]
 [922 133]
 [924 134]
 [925 135]
 [927 136]
 [929 136]
 [930 136]
 [932 136]
 [934 136]]
Fuhrman 1, [[1094  169]
 [1096  168]
 [1098  165]
 [1098  163]
 [1099  159]
 [1098  156]
 [1096  155]
 [1093  153]
 [1092  152]
 [1089  151]
 [1086  152]
 [1084  152]
 [1082  154]
 [1080  156]
 [1079  159]
 [1078  161]
 [1078  163]
 [1079  165]
 [1080  167]
 [1081  168]
 [1083  169]
 [1085  170]
 [1087  170]
 [1089  170]
 [1091  170]
 [1094  169]]
Fuhrman 1, [[989 654]
 [992 653]
 [994 651]
 [996 646]
 [997 642]
 [997 639]
 [996 634]
 [994 632]
 [991 630]
 [987 629]
 [985 629]
 [981 631]
 [979 634]
 [978 636]
 [977 639]
 [977 643]
 [978 647]
 [979 651]
 [980 652]
 [982 653]
 [984 654]
 [987 654]
 [990 653]]
Fuhrman 1, [[1822  138]
 [1824  136]
 [1826  134]
 [1826  132]
 [1825  127]
 [1824  125]
 [1821  122]
 [1819  121]
 [1817  121]
 [1814  121]
 [1812  122]
 [1809  124]
 [1808  126]
 [1807  129]
 [1807  133]
 [1808  136]
 [1810  138]
 [1812  140]
 [1814  141]
 [1816  141]
 [1818  140]
 [1820  139]
 [1822  138]]
Fuhrman 1, [[1653  946]
 [1657  946]
 [1660  944]
 [1662  942]
 [1664  940]
 [1665  936]
 [1664  930]
 [1663  927]
 [1661  924]
 [1657  921]
 [1655  921]
 [1651  921]
 [1647  922]
 [1644  924]
 [1642  927]
 [1641  929]
 [1640  932]
 [1640  935]
 [1640  937]
 [1641  940]
 [1643  943]
 [1646  945]
 [1648  946]
 [1650  946]
 [1654  946]]
Fuhrman 1, [[829 671]
 [831 671]
 [833 670]
 [834 668]
 [836 666]
 [835 664]
 [835 660]
 [834 657]
 [834 653]
 [832 652]
 [830 651]
 [827 651]
 [825 651]
 [822 652]
 [820 654]
 [818 656]
 [817 658]
 [817 661]
 [817 663]
 [818 666]
 [820 668]
 [822 670]
 [823 671]
 [825 671]
 [827 671]
 [829 671]]
Fuhrman 1, [[623 714]
 [625 713]
 [628 711]
 [628 708]
 [628 704]
 [626 701]
 [624 699]
 [621 699]
 [618 700]
 [615 701]
 [613 703]
 [611 705]
 [611 707]
 [611 709]
 [612 711]
 [613 713]
 [615 714]
 [617 714]
 [619 715]
 [621 715]
 [623 714]]
Fuhrman 1, [[1702  851]
 [1705  850]
 [1708  848]
 [1709  847]
 [1709  845]
 [1708  842]
 [1706  837]
 [1704  833]
 [1703  832]
 [1702  831]
 [1701  830]
 [1699  830]
 [1696  834]
 [1694  835]
 [1692  836]
 [1690  838]
 [1688  841]
 [1687  843]
 [1687  844]
 [1689  847]
 [1690  848]
 [1692  850]
 [1693  851]
 [1695  852]
 [1698  852]
 [1700  851]
 [1702  851]]
Fuhrman 1, [[1663   18]
 [1665   17]
 [1668   15]
 [1668   13]
 [1667    9]
 [1665    7]
 [1663    4]
 [1661    3]
 [1660    2]
 [1655    2]
 [1651    2]
 [1645    2]
 [1643    2]
 [1641    3]
 [1639    4]
 [1637    7]
 [1636    9]
 [1636   11]
 [1637   13]
 [1639   15]
 [1641   16]
 [1643   18]
 [1645   18]
 [1649   19]
 [1653   19]
 [1657   19]
 [1659   19]
 [1662   18]
 [1663   18]]
Fuhrman 1, [[1053  151]
 [1056  151]
 [1059  150]
 [1060  148]
 [1060  144]
 [1059  139]
 [1056  136]
 [1053  135]
 [1049  134]
 [1046  134]
 [1043  136]
 [1041  139]
 [1039  142]
 [1039  144]
 [1040  148]
 [1042  149]
 [1044  151]
 [1046  152]
 [1049  152]
 [1051  152]
 [1053  151]]
Fuhrman 1, [[460  43]
 [462  40]
 [461  38]
 [460  35]
 [456  32]
 [453  31]
 [449  29]
 [447  28]
 [444  28]
 [443  29]
 [440  31]
 [439  33]
 [438  35]
 [439  37]
 [440  37]
 [442  39]
 [443  40]
 [444  42]
 [446  44]
 [447  45]
 [449  47]
 [451  48]
 [453  49]
 [455  49]
 [457  48]
 [459  47]
 [459  45]
 [460  44]
 [460  43]]
