Fuhrman 1, [[571 330]
 [573 330]
 [575 329]
 [576 327]
 [576 325]
 [577 323]
 [577 318]
 [576 315]
 [575 313]
 [573 312]
 [571 311]
 [569 311]
 [566 311]
 [564 312]
 [562 313]
 [560 315]
 [559 317]
 [559 319]
 [559 322]
 [560 324]
 [561 326]
 [562 328]
 [564 329]
 [566 330]
 [569 330]
 [571 330]]
Fuhrman 1, [[190 230]
 [192 229]
 [194 228]
 [195 226]
 [196 224]
 [196 221]
 [195 218]
 [194 216]
 [192 213]
 [190 212]
 [187 212]
 [184 212]
 [181 214]
 [180 215]
 [178 218]
 [178 220]
 [178 222]
 [179 225]
 [180 227]
 [181 228]
 [183 229]
 [185 230]
 [187 230]
 [190 230]]
Fuhrman 1, [[626 191]
 [628 188]
 [630 185]
 [630 182]
 [631 180]
 [630 178]
 [629 176]
 [627 175]
 [624 174]
 [621 174]
 [619 176]
 [615 177]
 [613 179]
 [612 181]
 [611 184]
 [611 186]
 [611 188]
 [613 190]
 [614 192]
 [616 193]
 [619 193]
 [622 193]
 [624 193]
 [626 191]]
Fuhrman 1, [[562 252]
 [564 251]
 [566 248]
 [566 247]
 [566 245]
 [564 243]
 [561 241]
 [559 240]
 [557 240]
 [554 240]
 [551 240]
 [548 241]
 [544 242]
 [542 244]
 [539 246]
 [538 249]
 [538 252]
 [539 253]
 [542 254]
 [544 255]
 [547 256]
 [551 256]
 [555 255]
 [558 254]
 [561 253]
 [562 252]]
Fuhrman 1, [[768 134]
 [771 133]
 [774 131]
 [775 128]
 [776 124]
 [775 120]
 [772 117]
 [770 115]
 [767 114]
 [765 112]
 [761 111]
 [758 111]
 [756 111]
 [754 112]
 [753 115]
 [754 120]
 [755 123]
 [756 126]
 [758 129]
 [760 131]
 [763 133]
 [764 133]
 [768 134]]
Fuhrman 1, [[348 860]
 [350 858]
 [352 856]
 [354 851]
 [353 847]
 [351 845]
 [349 844]
 [347 842]
 [344 841]
 [342 841]
 [339 842]
 [336 844]
 [334 847]
 [333 849]
 [332 851]
 [332 854]
 [333 857]
 [334 859]
 [337 860]
 [340 860]
 [343 860]
 [346 860]
 [349 860]]
Fuhrman 1, [[241 577]
 [243 575]
 [245 573]
 [246 571]
 [244 568]
 [243 564]
 [240 562]
 [238 561]
 [235 560]
 [232 560]
 [231 561]
 [229 562]
 [228 564]
 [228 567]
 [228 570]
 [229 573]
 [232 576]
 [233 577]
 [236 578]
 [238 579]
 [240 578]
 [241 577]]
Fuhrman 1, [[487 901]
 [490 900]
 [492 897]
 [492 893]
 [491 887]
 [490 883]
 [488 880]
 [485 877]
 [481 875]
 [477 874]
 [474 875]
 [471 876]
 [469 878]
 [469 881]
 [470 884]
 [471 887]
 [472 891]
 [472 895]
 [473 897]
 [474 900]
 [476 902]
 [478 904]
 [481 904]
 [484 904]
 [486 903]
 [487 901]]
Fuhrman 1, [[1300  204]
 [1303  203]
 [1306  203]
 [1308  202]
 [1309  199]
 [1310  196]
 [1309  192]
 [1307  189]
 [1305  187]
 [1303  185]
 [1300  184]
 [1297  185]
 [1294  185]
 [1292  188]
 [1291  190]
 [1290  193]
 [1290  194]
 [1291  198]
 [1293  200]
 [1295  201]
 [1296  202]
 [1298  203]
 [1300  204]]
Fuhrman 1, [[1419  294]
 [1420  293]
 [1423  291]
 [1422  289]
 [1421  287]
 [1420  283]
 [1418  281]
 [1415  279]
 [1412  278]
 [1410  277]
 [1407  278]
 [1405  279]
 [1403  280]
 [1402  282]
 [1401  287]
 [1401  289]
 [1402  292]
 [1404  295]
 [1407  297]
 [1409  298]
 [1411  299]
 [1414  298]
 [1417  297]
 [1418  295]
 [1419  294]]
Fuhrman 1, [[1192  359]
 [1193  357]
 [1194  355]
 [1194  352]
 [1194  349]
 [1193  345]
 [1192  343]
 [1190  342]
 [1186  341]
 [1184  341]
 [1182  341]
 [1180  342]
 [1178  344]
 [1177  346]
 [1177  348]
 [1178  349]
 [1178  350]
 [1178  351]
 [1178  352]
 [1177  354]
 [1177  356]
 [1178  357]
 [1180  359]
 [1181  360]
 [1182  361]
 [1184  361]
 [1185  361]
 [1187  361]
 [1189  360]
 [1190  360]
 [1192  359]
 [1192  359]]
Fuhrman 1, [[1188  590]
 [1190  588]
 [1192  587]
 [1192  584]
 [1193  580]
 [1192  576]
 [1191  573]
 [1189  571]
 [1187  570]
 [1184  569]
 [1181  569]
 [1179  570]
 [1177  571]
 [1175  573]
 [1175  576]
 [1175  579]
 [1176  583]
 [1177  586]
 [1179  587]
 [1181  589]
 [1184  590]
 [1186  590]
 [1188  590]]
Fuhrman 1, [[1264  668]
 [1266  667]
 [1268  666]
 [1270  664]
 [1271  662]
 [1270  660]
 [1270  657]
 [1269  655]
 [1267  653]
 [1265  651]
 [1263  650]
 [1260  650]
 [1258  650]
 [1255  650]
 [1253  651]
 [1252  653]
 [1251  656]
 [1251  658]
 [1251  661]
 [1252  663]
 [1254  665]
 [1256  666]
 [1258  667]
 [1260  668]
 [1263  668]
 [1264  668]]
Fuhrman 1, [[1066 1064]
 [1067 1063]
 [1068 1061]
 [1069 1059]
 [1068 1057]
 [1067 1055]
 [1066 1052]
 [1065 1051]
 [1065 1048]
 [1064 1047]
 [1062 1046]
 [1059 1046]
 [1057 1047]
 [1054 1048]
 [1053 1050]
 [1051 1052]
 [1051 1054]
 [1050 1056]
 [1051 1059]
 [1051 1060]
 [1053 1062]
 [1054 1063]
 [1056 1064]
 [1059 1065]
 [1061 1065]
 [1063 1065]
 [1065 1064]
 [1066 1064]]
Fuhrman 1, [[ 641 1056]
 [ 643 1056]
 [ 647 1055]
 [ 650 1053]
 [ 652 1052]
 [ 653 1050]
 [ 653 1048]
 [ 653 1045]
 [ 652 1042]
 [ 650 1040]
 [ 647 1039]
 [ 644 1038]
 [ 642 1037]
 [ 640 1038]
 [ 637 1039]
 [ 635 1040]
 [ 634 1042]
 [ 633 1045]
 [ 633 1048]
 [ 634 1051]
 [ 635 1053]
 [ 636 1054]
 [ 639 1055]
 [ 641 1056]]
Fuhrman 1, [[1687  580]
 [1689  579]
 [1690  577]
 [1691  574]
 [1692  571]
 [1692  569]
 [1691  567]
 [1690  565]
 [1688  563]
 [1686  563]
 [1684  562]
 [1682  562]
 [1679  562]
 [1677  563]
 [1675  564]
 [1674  568]
 [1673  570]
 [1673  572]
 [1674  576]
 [1675  577]
 [1677  579]
 [1679  580]
 [1681  580]
 [1684  580]
 [1685  580]
 [1687  580]]
Fuhrman 1, [[1509  703]
 [1510  701]
 [1512  700]
 [1513  697]
 [1512  693]
 [1510  690]
 [1507  687]
 [1505  685]
 [1503  685]
 [1500  684]
 [1498  686]
 [1497  689]
 [1497  691]
 [1496  693]
 [1496  696]
 [1497  699]
 [1497  702]
 [1499  704]
 [1500  705]
 [1503  705]
 [1505  705]
 [1507  704]
 [1509  703]]
Fuhrman 1, [[1444  976]
 [1448  974]
 [1450  973]
 [1453  972]
 [1456  971]
 [1459  968]
 [1461  966]
 [1463  963]
 [1464  960]
 [1464  958]
 [1462  956]
 [1460  955]
 [1457  955]
 [1453  957]
 [1450  957]
 [1446  959]
 [1442  961]
 [1438  963]
 [1435  965]
 [1434  968]
 [1434  970]
 [1434  972]
 [1436  974]
 [1438  975]
 [1439  976]
 [1441  976]
 [1444  976]]
Fuhrman 1, [[407 712]
 [409 711]
 [412 709]
 [413 707]
 [414 704]
 [413 699]
 [411 694]
 [408 692]
 [408 692]
 [405 691]
 [401 691]
 [399 692]
 [397 693]
 [395 695]
 [393 698]
 [393 701]
 [393 704]
 [393 707]
 [395 709]
 [397 711]
 [399 712]
 [401 713]
 [403 713]
 [406 712]
 [407 712]]
Fuhrman 1, [[1674  757]
 [1676  756]
 [1677  755]
 [1678  753]
 [1678  751]
 [1678  748]
 [1676  746]
 [1675  745]
 [1674  743]
 [1673  743]
 [1670  742]
 [1669  742]
 [1667  742]
 [1665  742]
 [1663  743]
 [1663  744]
 [1661  745]
 [1659  746]
 [1659  749]
 [1659  751]
 [1660  753]
 [1661  755]
 [1663  756]
 [1664  758]
 [1666  759]
 [1668  760]
 [1670  760]
 [1671  759]
 [1673  758]
 [1674  757]]
