Fuhrman 1, [[1010  210]
 [1012  209]
 [1013  206]
 [1012  202]
 [1011  198]
 [1010  194]
 [1008  191]
 [1005  189]
 [1003  189]
 [1000  189]
 [ 996  190]
 [ 994  191]
 [ 993  193]
 [ 992  196]
 [ 991  198]
 [ 991  203]
 [ 992  205]
 [ 993  208]
 [ 995  211]
 [ 997  213]
 [ 999  213]
 [1002  214]
 [1004  213]
 [1007  213]
 [1008  211]
 [1010  210]]
Fuhrman 1, [[1346  247]
 [1349  245]
 [1351  242]
 [1353  239]
 [1353  234]
 [1352  230]
 [1350  228]
 [1346  225]
 [1343  223]
 [1340  222]
 [1337  222]
 [1335  224]
 [1332  226]
 [1330  230]
 [1329  232]
 [1328  235]
 [1328  238]
 [1328  241]
 [1329  244]
 [1330  246]
 [1332  249]
 [1334  250]
 [1337  250]
 [1339  250]
 [1342  250]
 [1344  248]
 [1346  247]]
Fuhrman 1, [[597 123]
 [600 122]
 [602 119]
 [603 116]
 [603 112]
 [602 108]
 [601 105]
 [598 102]
 [595 101]
 [592 100]
 [588 100]
 [585 101]
 [582 101]
 [580 104]
 [579 107]
 [579 110]
 [579 114]
 [581 117]
 [583 119]
 [585 122]
 [587 123]
 [589 123]
 [591 124]
 [593 124]
 [595 123]
 [597 123]]
Fuhrman 1, [[737  67]
 [733  66]
 [731  67]
 [731  69]
 [731  70]
 [729  71]
 [728  72]
 [727  73]
 [726  74]
 [724  74]
 [722  75]
 [720  77]
 [720  81]
 [720  84]
 [721  87]
 [722  89]
 [723  91]
 [725  92]
 [728  93]
 [729  94]
 [731  95]
 [734  95]
 [737  95]
 [740  96]
 [742  95]
 [744  94]
 [747  92]
 [749  90]
 [749  87]
 [750  85]
 [749  82]
 [748  79]
 [745  75]
 [743  71]
 [741  69]
 [739  68]
 [736  67]]
Fuhrman 1, [[190 393]
 [193 393]
 [195 392]
 [197 390]
 [198 387]
 [198 385]
 [198 381]
 [196 377]
 [194 375]
 [191 374]
 [188 373]
 [184 374]
 [182 375]
 [180 377]
 [179 379]
 [177 382]
 [177 384]
 [177 386]
 [178 388]
 [180 390]
 [182 392]
 [183 393]
 [185 393]
 [187 394]
 [190 393]]
Fuhrman 1, [[ 94 528]
 [ 96 528]
 [ 98 528]
 [100 526]
 [101 524]
 [102 521]
 [102 517]
 [102 514]
 [101 510]
 [ 99 507]
 [ 97 505]
 [ 95 505]
 [ 93 506]
 [ 90 507]
 [ 88 509]
 [ 86 510]
 [ 84 512]
 [ 84 514]
 [ 84 516]
 [ 84 518]
 [ 85 522]
 [ 85 524]
 [ 87 526]
 [ 89 527]
 [ 90 528]
 [ 92 528]
 [ 94 528]]
Fuhrman 1, [[563 674]
 [565 673]
 [568 672]
 [570 670]
 [571 667]
 [572 663]
 [572 659]
 [571 656]
 [568 652]
 [565 649]
 [562 648]
 [559 647]
 [556 646]
 [553 647]
 [550 649]
 [548 651]
 [546 654]
 [544 656]
 [543 659]
 [543 662]
 [544 665]
 [546 669]
 [548 672]
 [550 674]
 [552 675]
 [554 676]
 [557 676]
 [561 675]
 [564 674]]
Fuhrman 1, [[327 542]
 [329 540]
 [330 538]
 [332 536]
 [332 530]
 [332 528]
 [330 526]
 [326 523]
 [324 523]
 [320 523]
 [317 523]
 [315 524]
 [312 526]
 [310 529]
 [309 533]
 [309 535]
 [309 538]
 [310 540]
 [312 542]
 [315 544]
 [317 544]
 [320 544]
 [322 544]
 [325 543]
 [327 541]]
Fuhrman 1, [[805 373]
 [807 371]
 [809 368]
 [809 365]
 [808 361]
 [806 358]
 [803 355]
 [800 353]
 [798 353]
 [794 353]
 [790 354]
 [787 356]
 [784 359]
 [782 363]
 [782 367]
 [782 370]
 [783 373]
 [785 375]
 [787 377]
 [790 378]
 [793 379]
 [796 378]
 [799 378]
 [802 377]
 [804 375]
 [806 373]]
Fuhrman 1, [[1600  100]
 [1602   99]
 [1605   98]
 [1606   94]
 [1607   91]
 [1607   87]
 [1606   84]
 [1602   80]
 [1599   79]
 [1595   79]
 [1592   81]
 [1590   83]
 [1588   86]
 [1586   90]
 [1585   92]
 [1586   94]
 [1587   95]
 [1588   97]
 [1589   99]
 [1591  100]
 [1594  100]
 [1597  101]
 [1600  100]]
Fuhrman 1, [[489 468]
 [491 468]
 [494 467]
 [496 465]
 [497 463]
 [497 460]
 [496 456]
 [494 454]
 [492 453]
 [488 452]
 [483 453]
 [479 454]
 [476 455]
 [473 456]
 [471 457]
 [470 459]
 [470 460]
 [471 462]
 [472 464]
 [473 465]
 [476 465]
 [479 466]
 [482 467]
 [484 467]
 [489 468]]
Fuhrman 1, [[442 420]
 [445 418]
 [446 417]
 [448 416]
 [449 415]
 [449 411]
 [447 407]
 [445 404]
 [442 402]
 [439 401]
 [436 400]
 [433 401]
 [430 402]
 [427 404]
 [425 406]
 [425 409]
 [424 413]
 [425 416]
 [425 416]
 [426 416]
 [426 418]
 [428 419]
 [430 419]
 [432 420]
 [434 421]
 [436 423]
 [439 423]
 [440 422]
 [443 420]]
Fuhrman 1, [[1460  863]
 [1463  862]
 [1466  861]
 [1469  859]
 [1470  857]
 [1472  854]
 [1472  851]
 [1471  848]
 [1470  847]
 [1467  845]
 [1464  844]
 [1461  844]
 [1457  845]
 [1454  846]
 [1452  847]
 [1450  849]
 [1449  852]
 [1448  854]
 [1448  857]
 [1449  859]
 [1450  861]
 [1451  862]
 [1453  863]
 [1455  863]
 [1457  863]
 [1459  863]
 [1460  863]]
Fuhrman 1, [[1306  670]
 [1308  670]
 [1310  668]
 [1312  666]
 [1313  664]
 [1314  661]
 [1313  656]
 [1312  654]
 [1310  652]
 [1308  649]
 [1305  647]
 [1302  647]
 [1300  647]
 [1297  648]
 [1295  650]
 [1292  651]
 [1291  653]
 [1289  655]
 [1288  657]
 [1288  660]
 [1289  663]
 [1290  666]
 [1292  669]
 [1295  671]
 [1296  672]
 [1298  672]
 [1301  672]
 [1303  671]
 [1306  670]]
Fuhrman 1, [[ 227 1033]
 [ 227 1030]
 [ 228 1027]
 [ 228 1023]
 [ 228 1020]
 [ 227 1019]
 [ 224 1017]
 [ 221 1017]
 [ 218 1018]
 [ 215 1019]
 [ 212 1022]
 [ 211 1024]
 [ 211 1026]
 [ 211 1029]
 [ 211 1032]
 [ 212 1035]
 [ 214 1037]
 [ 215 1038]
 [ 217 1039]
 [ 219 1039]
 [ 222 1039]
 [ 224 1039]
 [ 225 1038]
 [ 226 1035]
 [ 227 1033]]
Fuhrman 1, [[322 925]
 [324 925]
 [327 925]
 [329 925]
 [331 924]
 [331 923]
 [331 921]
 [331 918]
 [331 914]
 [330 910]
 [329 907]
 [328 906]
 [326 906]
 [324 906]
 [323 904]
 [321 904]
 [319 904]
 [317 905]
 [316 905]
 [315 906]
 [313 908]
 [313 910]
 [313 912]
 [312 914]
 [312 916]
 [312 918]
 [312 919]
 [313 921]
 [314 921]
 [316 923]
 [318 923]
 [321 924]
 [322 925]]
Fuhrman 1, [[1030  980]
 [1031  980]
 [1033  977]
 [1033  973]
 [1033  969]
 [1032  967]
 [1030  966]
 [1028  964]
 [1026  963]
 [1024  963]
 [1021  963]
 [1019  964]
 [1017  967]
 [1016  969]
 [1015  972]
 [1015  974]
 [1016  977]
 [1017  979]
 [1019  981]
 [1020  983]
 [1022  984]
 [1023  984]
 [1025  983]
 [1027  982]
 [1029  981]
 [1030  980]]
Fuhrman 1, [[ 984 1059]
 [ 986 1060]
 [ 988 1060]
 [ 991 1059]
 [ 994 1057]
 [ 996 1055]
 [ 996 1052]
 [ 997 1048]
 [ 997 1044]
 [ 996 1041]
 [ 994 1039]
 [ 991 1037]
 [ 989 1036]
 [ 985 1035]
 [ 982 1036]
 [ 979 1038]
 [ 977 1040]
 [ 976 1043]
 [ 976 1047]
 [ 977 1050]
 [ 978 1053]
 [ 979 1056]
 [ 982 1058]
 [ 983 1059]]
Fuhrman 1, [[577 433]
 [579 433]
 [583 432]
 [585 431]
 [588 429]
 [589 428]
 [589 424]
 [589 419]
 [588 417]
 [586 414]
 [583 412]
 [580 410]
 [577 410]
 [574 410]
 [572 411]
 [569 413]
 [567 415]
 [565 417]
 [565 420]
 [565 422]
 [566 425]
 [567 428]
 [569 431]
 [570 432]
 [571 432]
 [573 433]
 [574 434]
 [576 434]
 [577 433]]
Fuhrman 1, [[1624  212]
 [1626  211]
 [1628  209]
 [1630  207]
 [1631  203]
 [1631  200]
 [1629  197]
 [1627  195]
 [1624  193]
 [1621  192]
 [1617  193]
 [1615  194]
 [1612  195]
 [1611  198]
 [1610  201]
 [1610  203]
 [1610  205]
 [1611  208]
 [1612  210]
 [1614  212]
 [1617  213]
 [1619  213]
 [1621  213]
 [1625  212]]
