Fuhrman 1, [[125 302]
 [127 302]
 [128 301]
 [131 299]
 [132 297]
 [134 296]
 [134 296]
 [135 294]
 [135 292]
 [135 289]
 [135 287]
 [134 284]
 [132 282]
 [129 280]
 [127 280]
 [124 279]
 [121 279]
 [118 280]
 [116 281]
 [114 282]
 [113 286]
 [112 288]
 [111 290]
 [111 292]
 [111 294]
 [112 296]
 [113 298]
 [114 300]
 [116 301]
 [118 302]
 [120 302]
 [122 302]
 [124 302]
 [125 302]]
Fuhrman 1, [[168 427]
 [169 427]
 [172 427]
 [174 426]
 [177 425]
 [178 424]
 [180 422]
 [180 419]
 [182 417]
 [182 414]
 [182 411]
 [181 408]
 [180 406]
 [179 404]
 [176 402]
 [174 400]
 [171 399]
 [169 399]
 [167 399]
 [165 400]
 [162 401]
 [160 403]
 [158 405]
 [157 408]
 [156 411]
 [156 413]
 [156 417]
 [157 419]
 [158 422]
 [159 424]
 [161 426]
 [162 427]
 [164 427]
 [166 427]
 [168 428]]
Fuhrman 1, [[245 509]
 [247 509]
 [250 508]
 [253 508]
 [254 507]
 [255 506]
 [255 504]
 [254 500]
 [252 496]
 [249 493]
 [247 490]
 [244 489]
 [242 488]
 [239 487]
 [235 488]
 [232 489]
 [230 490]
 [227 491]
 [225 493]
 [224 495]
 [223 497]
 [224 499]
 [226 501]
 [228 503]
 [230 505]
 [234 507]
 [237 507]
 [241 508]
 [244 509]
 [245 509]]
Fuhrman 1, [[552 159]
 [554 159]
 [556 157]
 [557 155]
 [558 153]
 [558 150]
 [557 147]
 [555 146]
 [553 144]
 [549 142]
 [547 142]
 [543 142]
 [541 142]
 [538 142]
 [537 143]
 [535 144]
 [533 145]
 [533 147]
 [533 148]
 [534 150]
 [534 151]
 [535 153]
 [535 155]
 [536 157]
 [537 158]
 [539 158]
 [541 159]
 [543 160]
 [546 160]
 [548 160]
 [550 160]
 [552 159]]
Fuhrman 1, [[731 182]
 [732 179]
 [733 177]
 [734 174]
 [734 171]
 [732 168]
 [729 166]
 [726 164]
 [725 164]
 [722 163]
 [721 163]
 [719 164]
 [717 165]
 [715 167]
 [714 170]
 [712 172]
 [710 175]
 [710 177]
 [710 178]
 [711 181]
 [712 183]
 [714 183]
 [716 184]
 [718 186]
 [719 187]
 [721 188]
 [723 188]
 [725 188]
 [727 188]
 [728 187]
 [730 186]
 [731 183]
 [731 182]]
Fuhrman 1, [[1051  159]
 [1052  162]
 [1053  164]
 [1054  167]
 [1055  168]
 [1056  170]
 [1057  172]
 [1058  174]
 [1060  175]
 [1061  175]
 [1063  176]
 [1065  175]
 [1067  175]
 [1069  173]
 [1072  171]
 [1073  170]
 [1074  168]
 [1075  165]
 [1076  164]
 [1076  162]
 [1076  159]
 [1075  157]
 [1074  154]
 [1072  152]
 [1070  151]
 [1068  149]
 [1066  149]
 [1064  149]
 [1062  150]
 [1060  150]
 [1058  151]
 [1057  151]
 [1055  153]
 [1054  154]
 [1053  155]
 [1052  156]
 [1051  158]
 [1051  159]]
Fuhrman 1, [[873 357]
 [876 357]
 [878 357]
 [880 358]
 [881 357]
 [883 356]
 [885 353]
 [886 351]
 [887 349]
 [887 346]
 [887 344]
 [887 342]
 [885 339]
 [880 338]
 [878 338]
 [875 338]
 [873 339]
 [871 340]
 [869 342]
 [868 344]
 [867 346]
 [867 347]
 [868 349]
 [868 351]
 [869 353]
 [869 354]
 [871 356]
 [872 356]
 [873 357]]
Fuhrman 1, [[716 610]
 [718 610]
 [721 610]
 [723 608]
 [726 606]
 [728 605]
 [728 603]
 [728 600]
 [728 595]
 [726 591]
 [725 589]
 [722 586]
 [719 584]
 [717 584]
 [714 583]
 [711 584]
 [709 586]
 [707 588]
 [706 591]
 [705 594]
 [705 597]
 [705 601]
 [706 605]
 [707 608]
 [709 609]
 [710 609]
 [712 609]
 [714 609]
 [716 610]]
Fuhrman 1, [[532 933]
 [535 934]
 [538 933]
 [539 931]
 [541 930]
 [542 928]
 [542 926]
 [541 924]
 [539 921]
 [537 919]
 [535 917]
 [533 916]
 [531 916]
 [528 916]
 [525 916]
 [524 918]
 [522 920]
 [522 922]
 [522 924]
 [522 926]
 [523 928]
 [525 930]
 [527 931]
 [528 932]
 [531 932]
 [532 933]]
Fuhrman 1, [[569 982]
 [571 982]
 [574 982]
 [575 981]
 [577 980]
 [579 978]
 [581 976]
 [582 974]
 [583 972]
 [583 969]
 [583 966]
 [582 964]
 [580 961]
 [578 959]
 [576 958]
 [574 958]
 [571 957]
 [569 957]
 [567 958]
 [564 959]
 [561 960]
 [559 961]
 [558 963]
 [557 965]
 [557 967]
 [557 970]
 [557 972]
 [558 975]
 [560 977]
 [561 978]
 [563 979]
 [565 980]
 [567 981]
 [568 981]]
Fuhrman 1, [[876 751]
 [878 750]
 [880 749]
 [881 747]
 [882 745]
 [883 744]
 [884 744]
 [886 743]
 [886 742]
 [886 740]
 [886 737]
 [884 735]
 [883 734]
 [882 733]
 [881 733]
 [879 733]
 [878 732]
 [876 731]
 [875 731]
 [873 731]
 [871 732]
 [870 733]
 [868 734]
 [866 734]
 [865 735]
 [863 737]
 [863 738]
 [862 740]
 [862 742]
 [863 744]
 [863 746]
 [865 748]
 [866 750]
 [867 751]
 [869 751]
 [871 752]
 [873 752]
 [874 752]
 [876 751]]
Fuhrman 1, [[1013 1003]
 [1015 1002]
 [1017 1001]
 [1018  999]
 [1019  998]
 [1020  996]
 [1020  991]
 [1020  987]
 [1019  985]
 [1018  982]
 [1016  981]
 [1013  979]
 [1011  979]
 [1009  979]
 [1006  980]
 [1005  980]
 [1003  981]
 [1001  982]
 [1000  984]
 [ 999  986]
 [ 999  987]
 [ 999  990]
 [ 999  993]
 [ 999  995]
 [1000  998]
 [1000  999]
 [1001 1001]
 [1003 1003]
 [1004 1004]
 [1006 1004]
 [1008 1004]
 [1011 1004]
 [1012 1004]
 [1013 1003]]
Fuhrman 1, [[1274  785]
 [1276  785]
 [1279  784]
 [1280  782]
 [1281  780]
 [1282  776]
 [1282  772]
 [1282  768]
 [1281  766]
 [1279  763]
 [1277  761]
 [1275  760]
 [1272  760]
 [1269  761]
 [1268  762]
 [1266  764]
 [1264  767]
 [1263  770]
 [1263  772]
 [1263  776]
 [1263  778]
 [1264  781]
 [1266  783]
 [1267  784]
 [1269  785]
 [1271  785]
 [1274  785]]
Fuhrman 1, [[1498  141]
 [1500  142]
 [1502  141]
 [1504  140]
 [1506  139]
 [1507  136]
 [1508  134]
 [1508  131]
 [1508  128]
 [1507  125]
 [1506  123]
 [1504  122]
 [1501  121]
 [1500  120]
 [1497  121]
 [1494  123]
 [1493  124]
 [1491  127]
 [1490  129]
 [1489  132]
 [1489  134]
 [1490  137]
 [1491  139]
 [1493  140]
 [1494  140]
 [1496  141]
 [1498  141]]
Fuhrman 1, [[1559  310]
 [1562  311]
 [1564  312]
 [1567  312]
 [1569  312]
 [1571  311]
 [1573  311]
 [1575  310]
 [1575  309]
 [1575  308]
 [1575  306]
 [1574  304]
 [1572  301]
 [1569  299]
 [1568  299]
 [1565  298]
 [1563  298]
 [1560  299]
 [1558  299]
 [1556  300]
 [1555  302]
 [1555  303]
 [1555  305]
 [1556  306]
 [1557  307]
 [1557  309]
 [1558  310]
 [1559  310]]
Fuhrman 1, [[1888  432]
 [1890  431]
 [1892  429]
 [1893  427]
 [1894  425]
 [1894  423]
 [1894  420]
 [1893  417]
 [1892  415]
 [1891  413]
 [1889  412]
 [1888  411]
 [1886  411]
 [1883  412]
 [1881  413]
 [1879  415]
 [1878  417]
 [1877  418]
 [1876  421]
 [1876  423]
 [1876  425]
 [1877  426]
 [1878  428]
 [1880  429]
 [1881  431]
 [1882  432]
 [1883  432]
 [1885  432]
 [1887  432]
 [1889  432]]
Fuhrman 1, [[1467  631]
 [1469  631]
 [1471  630]
 [1473  629]
 [1474  627]
 [1475  625]
 [1476  622]
 [1476  619]
 [1476  615]
 [1474  612]
 [1473  610]
 [1471  608]
 [1469  607]
 [1467  607]
 [1463  607]
 [1460  607]
 [1457  609]
 [1455  611]
 [1453  613]
 [1452  616]
 [1452  618]
 [1451  621]
 [1452  623]
 [1452  624]
 [1453  626]
 [1455  628]
 [1457  629]
 [1459  630]
 [1461  630]
 [1463  631]
 [1465  631]
 [1467  631]]
Fuhrman 1, [[484 402]
 [487 401]
 [488 399]
 [489 397]
 [490 395]
 [490 393]
 [490 389]
 [488 387]
 [487 385]
 [483 383]
 [480 382]
 [479 382]
 [476 383]
 [474 383]
 [472 384]
 [469 386]
 [468 389]
 [468 391]
 [468 393]
 [468 395]
 [469 397]
 [470 400]
 [471 401]
 [473 402]
 [474 403]
 [476 403]
 [478 403]
 [481 403]
 [483 403]
 [485 402]]
Fuhrman 1, [[904 169]
 [906 168]
 [908 166]
 [908 162]
 [909 160]
 [909 157]
 [908 155]
 [906 153]
 [903 151]
 [900 150]
 [895 149]
 [892 148]
 [889 148]
 [888 149]
 [886 150]
 [884 151]
 [883 153]
 [883 155]
 [883 157]
 [884 159]
 [884 162]
 [885 164]
 [886 167]
 [888 168]
 [889 169]
 [891 170]
 [893 170]
 [899 170]
 [899 170]
 [901 170]
 [902 169]
 [904 169]]
Fuhrman 1, [[518 610]
 [520 610]
 [523 609]
 [527 607]
 [528 606]
 [530 604]
 [531 601]
 [531 597]
 [531 594]
 [530 589]
 [528 587]
 [526 584]
 [522 582]
 [520 581]
 [516 581]
 [512 582]
 [509 583]
 [506 585]
 [504 587]
 [503 589]
 [503 590]
 [503 592]
 [504 595]
 [505 599]
 [506 602]
 [508 605]
 [510 608]
 [512 610]
 [513 611]
 [514 611]
 [516 611]
 [518 610]]
