Fuhrman 1, [[132 767]
 [135 765]
 [137 763]
 [139 761]
 [141 758]
 [142 755]
 [141 750]
 [139 748]
 [136 746]
 [133 745]
 [129 745]
 [126 745]
 [124 747]
 [121 749]
 [119 751]
 [117 754]
 [116 756]
 [115 758]
 [115 759]
 [115 762]
 [116 764]
 [118 766]
 [120 767]
 [123 768]
 [126 769]
 [129 768]
 [132 767]]
Fuhrman 1, [[433 385]
 [433 385]
 [434 383]
 [437 383]
 [438 381]
 [439 378]
 [438 374]
 [436 371]
 [434 370]
 [432 368]
 [430 366]
 [426 365]
 [423 366]
 [420 368]
 [418 369]
 [417 373]
 [416 376]
 [416 379]
 [416 383]
 [417 386]
 [419 388]
 [421 389]
 [423 391]
 [426 392]
 [429 392]
 [431 392]
 [432 390]
 [433 388]
 [433 387]
 [433 385]]
Fuhrman 1, [[494 397]
 [498 395]
 [499 394]
 [499 391]
 [499 388]
 [499 385]
 [497 383]
 [495 381]
 [490 379]
 [488 379]
 [483 379]
 [480 379]
 [477 380]
 [475 381]
 [472 384]
 [471 387]
 [471 389]
 [472 392]
 [472 395]
 [473 397]
 [474 398]
 [476 399]
 [477 402]
 [479 404]
 [481 404]
 [484 404]
 [488 403]
 [490 402]
 [492 400]
 [493 398]
 [494 397]]
Fuhrman 1, [[716 816]
 [717 814]
 [717 810]
 [715 806]
 [713 802]
 [711 799]
 [708 797]
 [705 795]
 [702 795]
 [699 795]
 [696 795]
 [693 797]
 [690 799]
 [689 801]
 [688 804]
 [688 806]
 [688 809]
 [688 813]
 [689 815]
 [691 817]
 [693 819]
 [696 820]
 [698 820]
 [702 821]
 [706 821]
 [709 820]
 [711 820]
 [714 818]
 [716 816]]
Fuhrman 1, [[729 887]
 [731 887]
 [733 887]
 [735 887]
 [737 887]
 [739 886]
 [741 884]
 [743 882]
 [745 879]
 [745 875]
 [745 871]
 [743 867]
 [740 865]
 [738 864]
 [735 863]
 [732 863]
 [728 863]
 [726 864]
 [723 865]
 [721 866]
 [720 868]
 [718 870]
 [717 873]
 [717 875]
 [717 877]
 [717 879]
 [719 881]
 [721 883]
 [723 884]
 [725 886]
 [727 886]
 [729 887]]
Fuhrman 1, [[1302  619]
 [1304  616]
 [1305  612]
 [1307  609]
 [1306  605]
 [1304  602]
 [1302  598]
 [1299  596]
 [1296  594]
 [1292  594]
 [1289  593]
 [1285  592]
 [1282  594]
 [1279  595]
 [1276  598]
 [1275  601]
 [1274  604]
 [1273  609]
 [1274  612]
 [1276  615]
 [1277  618]
 [1278  622]
 [1281  624]
 [1283  625]
 [1288  627]
 [1291  626]
 [1295  624]
 [1298  622]
 [1301  620]
 [1302  619]]
Fuhrman 1, [[ 999  432]
 [1002  433]
 [1005  432]
 [1006  430]
 [1007  428]
 [1009  426]
 [1010  422]
 [1009  418]
 [1006  414]
 [1003  412]
 [1000  410]
 [ 996  409]
 [ 993  408]
 [ 990  408]
 [ 987  410]
 [ 985  412]
 [ 985  416]
 [ 985  419]
 [ 986  423]
 [ 987  427]
 [ 988  429]
 [ 990  430]
 [ 993  431]
 [ 997  432]
 [1000  432]]
Fuhrman 1, [[1033  427]
 [1034  429]
 [1036  430]
 [1037  430]
 [1038  430]
 [1042  429]
 [1044  430]
 [1047  428]
 [1050  425]
 [1052  422]
 [1053  420]
 [1053  418]
 [1051  416]
 [1048  415]
 [1045  414]
 [1042  413]
 [1039  412]
 [1036  412]
 [1033  412]
 [1030  412]
 [1028  413]
 [1025  416]
 [1024  419]
 [1024  421]
 [1024  423]
 [1025  424]
 [1026  425]
 [1027  425]
 [1029  426]
 [1031  426]
 [1033  427]]
Fuhrman 1, [[1152  338]
 [1155  338]
 [1157  337]
 [1159  335]
 [1159  333]
 [1159  329]
 [1159  324]
 [1158  321]
 [1157  319]
 [1155  318]
 [1152  317]
 [1149  318]
 [1146  320]
 [1144  322]
 [1143  323]
 [1142  326]
 [1143  328]
 [1144  330]
 [1145  332]
 [1147  334]
 [1149  336]
 [1150  337]
 [1152  338]]
Fuhrman 1, [[1214  342]
 [1213  344]
 [1213  347]
 [1213  350]
 [1215  352]
 [1216  353]
 [1217  353]
 [1219  352]
 [1223  350]
 [1224  349]
 [1226  348]
 [1228  346]
 [1229  344]
 [1229  340]
 [1230  337]
 [1230  333]
 [1229  330]
 [1227  328]
 [1225  327]
 [1223  327]
 [1221  327]
 [1218  327]
 [1217  330]
 [1216  333]
 [1216  336]
 [1215  338]
 [1214  342]]
Fuhrman 1, [[1212   56]
 [1215   55]
 [1218   54]
 [1219   54]
 [1221   54]
 [1222   52]
 [1221   47]
 [1219   42]
 [1214   38]
 [1210   35]
 [1206   35]
 [1203   36]
 [1201   38]
 [1198   40]
 [1197   43]
 [1196   47]
 [1195   50]
 [1196   52]
 [1197   53]
 [1200   56]
 [1204   59]
 [1206   59]
 [1209   58]
 [1211   57]
 [1212   56]]
Fuhrman 1, [[1175  542]
 [1177  540]
 [1179  538]
 [1179  535]
 [1178  530]
 [1175  526]
 [1171  522]
 [1168  520]
 [1164  518]
 [1160  518]
 [1156  520]
 [1152  522]
 [1151  524]
 [1149  528]
 [1150  532]
 [1150  534]
 [1152  537]
 [1153  540]
 [1156  542]
 [1158  544]
 [1162  546]
 [1164  546]
 [1166  546]
 [1169  545]
 [1171  544]
 [1174  542]
 [1175  542]]
Fuhrman 1, [[1800  131]
 [1802  131]
 [1805  129]
 [1806  126]
 [1808  123]
 [1809  118]
 [1809  114]
 [1808  110]
 [1805  107]
 [1801  104]
 [1798  104]
 [1794  104]
 [1791  107]
 [1788  110]
 [1786  114]
 [1785  119]
 [1786  122]
 [1787  126]
 [1789  128]
 [1791  130]
 [1794  131]
 [1796  131]
 [1798  131]
 [1801  131]]
Fuhrman 1, [[1830  303]
 [1832  303]
 [1834  301]
 [1836  298]
 [1837  295]
 [1837  292]
 [1837  288]
 [1834  285]
 [1831  283]
 [1829  282]
 [1826  281]
 [1822  282]
 [1820  283]
 [1817  285]
 [1816  287]
 [1815  291]
 [1815  293]
 [1815  296]
 [1816  298]
 [1819  301]
 [1822  302]
 [1824  304]
 [1827  304]
 [1829  304]
 [1830  303]]
Fuhrman 1, [[1703  648]
 [1705  647]
 [1706  646]
 [1708  644]
 [1709  641]
 [1710  638]
 [1709  635]
 [1708  632]
 [1705  630]
 [1703  630]
 [1700  630]
 [1696  631]
 [1694  631]
 [1692  633]
 [1690  635]
 [1689  637]
 [1688  639]
 [1688  642]
 [1688  644]
 [1690  646]
 [1691  648]
 [1693  649]
 [1695  649]
 [1698  649]
 [1700  649]
 [1701  648]
 [1703  648]]
Fuhrman 1, [[1627  962]
 [1628  960]
 [1629  958]
 [1630  955]
 [1630  952]
 [1629  949]
 [1627  947]
 [1626  946]
 [1623  945]
 [1622  945]
 [1619  944]
 [1617  945]
 [1616  946]
 [1614  947]
 [1613  949]
 [1612  952]
 [1612  955]
 [1612  958]
 [1612  960]
 [1613  962]
 [1614  966]
 [1616  968]
 [1616  969]
 [1618  969]
 [1620  969]
 [1622  969]
 [1623  969]
 [1624  969]
 [1625  968]
 [1626  966]
 [1627  965]
 [1627  963]
 [1627  962]]
Fuhrman 1, [[545 825]
 [546 824]
 [546 822]
 [547 819]
 [547 817]
 [546 813]
 [545 811]
 [543 810]
 [540 809]
 [538 809]
 [537 809]
 [535 810]
 [533 811]
 [532 813]
 [530 814]
 [529 816]
 [528 818]
 [528 821]
 [528 823]
 [529 825]
 [530 827]
 [532 829]
 [533 830]
 [535 830]
 [537 830]
 [539 830]
 [541 829]
 [543 828]
 [544 826]
 [545 825]]
Fuhrman 1, [[757 136]
 [759 137]
 [762 136]
 [765 136]
 [769 136]
 [771 135]
 [772 133]
 [773 131]
 [774 128]
 [773 124]
 [772 122]
 [770 120]
 [765 119]
 [761 119]
 [758 119]
 [756 119]
 [753 121]
 [750 122]
 [748 124]
 [747 125]
 [746 128]
 [745 131]
 [746 134]
 [747 136]
 [749 136]
 [751 136]
 [753 136]
 [757 136]]
Fuhrman 1, [[509 480]
 [511 480]
 [513 480]
 [516 480]
 [516 480]
 [518 479]
 [519 477]
 [520 474]
 [520 472]
 [519 469]
 [516 466]
 [515 463]
 [512 461]
 [510 461]
 [507 461]
 [505 462]
 [502 463]
 [500 465]
 [498 467]
 [498 470]
 [499 473]
 [500 476]
 [502 478]
 [504 479]
 [507 479]
 [509 479]
 [509 479]]
Fuhrman 1, [[418 581]
 [420 581]
 [423 580]
 [423 578]
 [424 574]
 [425 572]
 [426 570]
 [426 567]
 [426 564]
 [425 562]
 [423 561]
 [420 561]
 [417 561]
 [414 561]
 [411 562]
 [410 563]
 [408 564]
 [406 567]
 [405 569]
 [405 571]
 [405 574]
 [405 577]
 [405 578]
 [407 579]
 [409 579]
 [412 580]
 [414 580]
 [417 581]
 [418 581]]
