Fuhrman 1, [[738 209]
 [741 209]
 [742 208]
 [744 206]
 [745 203]
 [746 199]
 [746 198]
 [746 195]
 [745 193]
 [745 191]
 [742 189]
 [740 187]
 [737 186]
 [735 186]
 [732 187]
 [731 188]
 [729 190]
 [728 192]
 [727 196]
 [727 199]
 [727 201]
 [729 204]
 [730 205]
 [731 207]
 [733 207]
 [735 208]
 [736 209]
 [738 209]]
Fuhrman 1, [[286 878]
 [288 877]
 [289 876]
 [290 874]
 [290 872]
 [290 869]
 [289 867]
 [289 864]
 [288 863]
 [286 860]
 [284 860]
 [282 859]
 [279 859]
 [277 860]
 [275 862]
 [274 863]
 [272 864]
 [271 866]
 [270 867]
 [270 869]
 [271 871]
 [271 873]
 [273 875]
 [274 877]
 [275 878]
 [277 878]
 [279 879]
 [281 879]
 [283 879]
 [285 879]
 [286 878]]
Fuhrman 1, [[615 656]
 [617 656]
 [619 655]
 [620 652]
 [620 650]
 [620 647]
 [620 643]
 [619 640]
 [618 638]
 [617 637]
 [615 636]
 [611 635]
 [607 635]
 [604 635]
 [601 635]
 [600 636]
 [600 638]
 [599 639]
 [599 642]
 [598 644]
 [598 646]
 [599 648]
 [600 649]
 [601 652]
 [603 653]
 [604 655]
 [606 656]
 [607 657]
 [609 657]
 [611 657]
 [613 657]
 [614 657]
 [616 656]]
Fuhrman 1, [[971 594]
 [974 594]
 [977 595]
 [979 594]
 [980 593]
 [981 590]
 [981 587]
 [981 583]
 [980 581]
 [978 578]
 [975 577]
 [973 576]
 [971 576]
 [969 576]
 [967 577]
 [965 578]
 [964 581]
 [962 583]
 [962 584]
 [961 587]
 [961 589]
 [962 591]
 [962 593]
 [964 593]
 [967 594]
 [969 594]
 [972 594]]
Fuhrman 1, [[1007  515]
 [1010  514]
 [1011  513]
 [1013  509]
 [1013  507]
 [1013  503]
 [1012  500]
 [1010  496]
 [1007  494]
 [1004  493]
 [1001  493]
 [ 999  494]
 [ 996  495]
 [ 995  496]
 [ 993  498]
 [ 992  501]
 [ 991  504]
 [ 991  507]
 [ 992  510]
 [ 994  513]
 [ 996  514]
 [ 998  515]
 [1001  515]
 [1004  515]
 [1006  515]
 [1008  515]]
Fuhrman 1, [[930 169]
 [933 168]
 [935 166]
 [937 165]
 [937 163]
 [938 160]
 [938 157]
 [937 154]
 [935 151]
 [932 149]
 [929 148]
 [927 147]
 [925 149]
 [923 150]
 [921 151]
 [920 153]
 [918 157]
 [918 159]
 [918 162]
 [919 165]
 [920 167]
 [921 169]
 [923 170]
 [925 170]
 [927 170]
 [929 169]
 [931 169]]
Fuhrman 1, [[1099  109]
 [1101  108]
 [1102  107]
 [1104  105]
 [1105  103]
 [1106  100]
 [1106   97]
 [1106   95]
 [1104   92]
 [1102   91]
 [1097   90]
 [1094   90]
 [1091   90]
 [1089   90]
 [1087   92]
 [1087   94]
 [1087   96]
 [1087   99]
 [1087  102]
 [1088  106]
 [1090  109]
 [1091  110]
 [1092  111]
 [1094  111]
 [1095  111]
 [1097  111]
 [1098  110]
 [1099  109]]
Fuhrman 1, [[1090  553]
 [1092  552]
 [1093  550]
 [1095  548]
 [1096  546]
 [1096  544]
 [1096  541]
 [1093  539]
 [1091  537]
 [1087  535]
 [1084  535]
 [1082  535]
 [1080  535]
 [1078  535]
 [1076  536]
 [1075  538]
 [1074  540]
 [1073  542]
 [1073  544]
 [1074  546]
 [1075  546]
 [1076  548]
 [1077  549]
 [1079  550]
 [1080  551]
 [1081  552]
 [1083  552]
 [1085  552]
 [1086  553]
 [1087  553]
 [1089  553]
 [1090  553]]
Fuhrman 1, [[1298  529]
 [1300  529]
 [1303  529]
 [1304  529]
 [1305  527]
 [1306  525]
 [1307  522]
 [1307  518]
 [1306  515]
 [1305  513]
 [1304  511]
 [1300  510]
 [1297  510]
 [1295  510]
 [1293  510]
 [1291  511]
 [1290  513]
 [1289  514]
 [1288  516]
 [1287  518]
 [1287  520]
 [1288  523]
 [1289  526]
 [1291  528]
 [1292  529]
 [1293  529]
 [1296  529]
 [1298  529]]
Fuhrman 1, [[1446  548]
 [1448  545]
 [1449  543]
 [1450  542]
 [1450  540]
 [1449  539]
 [1447  538]
 [1445  535]
 [1443  533]
 [1442  532]
 [1440  529]
 [1439  528]
 [1437  528]
 [1436  529]
 [1434  531]
 [1433  533]
 [1432  535]
 [1432  538]
 [1432  542]
 [1432  544]
 [1432  547]
 [1433  549]
 [1434  550]
 [1436  550]
 [1438  550]
 [1441  550]
 [1443  550]
 [1445  549]
 [1446  548]]
Fuhrman 1, [[1671  329]
 [1673  326]
 [1674  322]
 [1676  320]
 [1677  316]
 [1676  313]
 [1674  310]
 [1671  307]
 [1669  306]
 [1666  305]
 [1665  307]
 [1663  310]
 [1661  312]
 [1658  314]
 [1656  316]
 [1654  318]
 [1653  320]
 [1653  322]
 [1654  323]
 [1655  324]
 [1656  327]
 [1657  329]
 [1659  330]
 [1660  330]
 [1661  331]
 [1663  331]
 [1665  332]
 [1667  332]
 [1668  331]
 [1670  330]
 [1671  329]]
Fuhrman 1, [[1146  684]
 [1148  684]
 [1150  683]
 [1151  682]
 [1152  679]
 [1152  676]
 [1151  673]
 [1150  671]
 [1149  669]
 [1147  668]
 [1145  667]
 [1141  667]
 [1140  667]
 [1138  668]
 [1136  669]
 [1135  670]
 [1134  672]
 [1133  674]
 [1132  676]
 [1133  679]
 [1133  680]
 [1135  682]
 [1136  684]
 [1138  684]
 [1140  684]
 [1142  685]
 [1143  685]
 [1144  685]
 [1145  685]
 [1146  684]]
Fuhrman 1, [[879 990]
 [881 989]
 [883 989]
 [884 987]
 [884 984]
 [885 981]
 [885 979]
 [883 976]
 [880 973]
 [878 972]
 [875 971]
 [873 971]
 [871 971]
 [868 972]
 [866 974]
 [865 976]
 [864 978]
 [864 981]
 [865 983]
 [866 985]
 [868 987]
 [869 989]
 [870 990]
 [872 991]
 [874 991]
 [876 991]
 [877 991]
 [879 990]]
Fuhrman 1, [[910 677]
 [913 677]
 [916 679]
 [918 678]
 [919 677]
 [920 674]
 [921 670]
 [922 666]
 [921 663]
 [918 660]
 [914 657]
 [912 657]
 [909 657]
 [906 657]
 [904 659]
 [903 661]
 [901 664]
 [901 667]
 [901 670]
 [901 673]
 [903 675]
 [905 676]
 [906 676]
 [908 677]
 [910 677]]
Fuhrman 1, [[412 873]
 [414 873]
 [416 872]
 [417 870]
 [418 868]
 [419 866]
 [420 864]
 [420 860]
 [420 857]
 [417 855]
 [415 854]
 [413 853]
 [411 852]
 [408 852]
 [407 851]
 [405 851]
 [403 852]
 [401 854]
 [399 856]
 [399 858]
 [398 860]
 [398 862]
 [398 864]
 [399 867]
 [400 870]
 [402 872]
 [404 872]
 [406 873]
 [408 873]
 [409 874]
 [410 874]
 [413 873]]
Fuhrman 1, [[1059  210]
 [1061  210]
 [1062  208]
 [1063  205]
 [1062  200]
 [1061  197]
 [1060  194]
 [1058  192]
 [1056  191]
 [1053  190]
 [1051  190]
 [1049  190]
 [1047  192]
 [1046  194]
 [1045  196]
 [1044  198]
 [1044  200]
 [1043  202]
 [1044  204]
 [1044  205]
 [1046  207]
 [1047  209]
 [1049  210]
 [1051  211]
 [1053  212]
 [1055  212]
 [1056  212]
 [1058  211]
 [1059  211]
 [1059  210]]
Fuhrman 1, [[1016 1025]
 [1017 1024]
 [1020 1022]
 [1021 1020]
 [1022 1018]
 [1023 1016]
 [1023 1014]
 [1022 1012]
 [1020 1009]
 [1018 1008]
 [1015 1008]
 [1013 1008]
 [1010 1009]
 [1008 1011]
 [1007 1013]
 [1006 1015]
 [1006 1018]
 [1007 1020]
 [1008 1022]
 [1010 1024]
 [1011 1025]
 [1012 1025]
 [1014 1025]
 [1015 1025]
 [1016 1025]]
Fuhrman 1, [[1213 1066]
 [1215 1064]
 [1217 1062]
 [1217 1059]
 [1217 1056]
 [1216 1053]
 [1213 1050]
 [1211 1048]
 [1209 1047]
 [1207 1047]
 [1205 1047]
 [1203 1048]
 [1201 1050]
 [1200 1052]
 [1199 1053]
 [1199 1055]
 [1200 1057]
 [1200 1058]
 [1201 1059]
 [1202 1059]
 [1203 1061]
 [1203 1063]
 [1204 1064]
 [1205 1065]
 [1206 1065]
 [1207 1065]
 [1208 1065]
 [1209 1066]
 [1210 1068]
 [1210 1068]
 [1211 1068]
 [1212 1067]
 [1212 1066]
 [1213 1066]]
Fuhrman 1, [[1833   61]
 [1835   61]
 [1837   59]
 [1838   58]
 [1840   56]
 [1840   53]
 [1840   51]
 [1840   48]
 [1839   45]
 [1838   43]
 [1836   42]
 [1834   41]
 [1831   41]
 [1828   42]
 [1826   43]
 [1824   44]
 [1823   45]
 [1822   47]
 [1821   49]
 [1821   51]
 [1821   53]
 [1821   54]
 [1822   56]
 [1823   58]
 [1823   58]
 [1825   60]
 [1826   61]
 [1828   61]
 [1829   61]
 [1831   61]
 [1833   61]]
Fuhrman 1, [[923 232]
 [924 230]
 [925 228]
 [926 226]
 [925 223]
 [924 220]
 [921 217]
 [919 215]
 [917 214]
 [915 214]
 [913 215]
 [912 216]
 [910 218]
 [908 220]
 [907 223]
 [906 225]
 [906 227]
 [906 230]
 [907 231]
 [908 233]
 [909 235]
 [911 236]
 [913 237]
 [916 237]
 [917 237]
 [919 236]
 [921 235]
 [922 234]
 [923 232]]
