Fuhrman 1, [[455  50]
 [457  49]
 [459  48]
 [460  48]
 [462  46]
 [464  44]
 [465  42]
 [465  39]
 [463  37]
 [462  35]
 [460  35]
 [459  34]
 [457  32]
 [455  30]
 [453  29]
 [451  29]
 [449  29]
 [447  29]
 [444  30]
 [442  31]
 [440  32]
 [439  34]
 [438  36]
 [437  41]
 [437  43]
 [438  46]
 [438  47]
 [440  48]
 [442  49]
 [443  49]
 [445  49]
 [446  51]
 [448  51]
 [449  51]
 [451  51]
 [452  51]
 [454  51]
 [455  50]]
Fuhrman 1, [[569 278]
 [571 277]
 [574 275]
 [576 273]
 [577 271]
 [578 269]
 [578 265]
 [577 261]
 [576 259]
 [573 258]
 [571 256]
 [570 256]
 [568 253]
 [564 252]
 [561 252]
 [558 252]
 [556 253]
 [554 253]
 [552 254]
 [551 256]
 [550 259]
 [550 262]
 [551 265]
 [551 267]
 [553 271]
 [554 272]
 [556 275]
 [558 276]
 [560 277]
 [563 278]
 [565 278]
 [567 278]
 [569 277]]
Fuhrman 1, [[854 404]
 [855 404]
 [857 403]
 [858 402]
 [860 400]
 [861 399]
 [862 397]
 [862 395]
 [862 392]
 [861 390]
 [859 388]
 [858 386]
 [857 385]
 [855 385]
 [854 385]
 [853 386]
 [852 386]
 [850 385]
 [849 384]
 [847 384]
 [845 384]
 [844 385]
 [843 386]
 [842 387]
 [841 389]
 [840 391]
 [840 392]
 [840 394]
 [840 396]
 [840 398]
 [841 399]
 [842 401]
 [843 402]
 [845 403]
 [846 403]
 [847 404]
 [849 404]
 [850 404]
 [852 404]
 [854 404]]
Fuhrman 1, [[1343  409]
 [1346  408]
 [1348  407]
 [1350  405]
 [1350  403]
 [1351  399]
 [1352  397]
 [1351  395]
 [1350  390]
 [1349  389]
 [1347  387]
 [1345  386]
 [1344  386]
 [1342  385]
 [1340  385]
 [1338  385]
 [1337  386]
 [1335  387]
 [1333  387]
 [1332  389]
 [1331  391]
 [1330  393]
 [1330  395]
 [1330  399]
 [1331  401]
 [1333  404]
 [1335  406]
 [1337  407]
 [1338  408]
 [1340  408]
 [1341  409]
 [1343  409]]
Fuhrman 1, [[1442  433]
 [1444  432]
 [1447  431]
 [1448  431]
 [1449  430]
 [1449  428]
 [1449  425]
 [1449  422]
 [1448  420]
 [1446  418]
 [1444  417]
 [1442  415]
 [1440  415]
 [1438  415]
 [1436  416]
 [1434  417]
 [1432  418]
 [1431  420]
 [1430  422]
 [1430  424]
 [1430  426]
 [1431  427]
 [1431  429]
 [1433  431]
 [1434  432]
 [1436  433]
 [1438  433]
 [1440  433]
 [1442  433]]
Fuhrman 1, [[1311  722]
 [1314  722]
 [1316  720]
 [1317  719]
 [1320  717]
 [1321  716]
 [1322  714]
 [1322  712]
 [1321  709]
 [1321  707]
 [1319  704]
 [1318  702]
 [1317  701]
 [1314  700]
 [1312  700]
 [1310  699]
 [1307  700]
 [1306  702]
 [1305  702]
 [1303  703]
 [1302  704]
 [1300  705]
 [1299  707]
 [1299  709]
 [1299  712]
 [1299  714]
 [1300  716]
 [1301  718]
 [1303  720]
 [1305  721]
 [1306  721]
 [1308  722]
 [1311  722]]
Fuhrman 1, [[1248  681]
 [1250  681]
 [1252  680]
 [1253  678]
 [1254  677]
 [1256  676]
 [1258  674]
 [1259  671]
 [1259  668]
 [1259  666]
 [1258  664]
 [1256  661]
 [1254  660]
 [1252  658]
 [1249  657]
 [1246  657]
 [1244  658]
 [1242  659]
 [1240  660]
 [1238  661]
 [1237  663]
 [1236  666]
 [1235  668]
 [1235  671]
 [1235  674]
 [1235  676]
 [1237  678]
 [1238  679]
 [1241  681]
 [1243  681]
 [1244  682]
 [1246  682]
 [1248  681]]
Fuhrman 1, [[526 666]
 [528 665]
 [531 665]
 [534 664]
 [535 662]
 [537 660]
 [537 657]
 [537 654]
 [537 652]
 [536 650]
 [534 648]
 [532 646]
 [531 645]
 [528 644]
 [526 644]
 [524 644]
 [520 645]
 [518 646]
 [516 647]
 [514 649]
 [513 650]
 [512 652]
 [511 655]
 [511 657]
 [511 660]
 [512 662]
 [514 664]
 [515 665]
 [517 666]
 [519 667]
 [520 666]
 [522 666]
 [524 665]
 [526 666]]
Fuhrman 1, [[838 730]
 [841 730]
 [843 730]
 [844 729]
 [846 728]
 [846 725]
 [846 722]
 [846 719]
 [844 715]
 [843 713]
 [841 712]
 [839 711]
 [837 710]
 [835 710]
 [832 711]
 [832 711]
 [830 712]
 [829 712]
 [828 714]
 [828 715]
 [827 718]
 [827 720]
 [828 722]
 [829 725]
 [831 726]
 [833 728]
 [834 729]
 [835 729]
 [838 730]]
Fuhrman 1, [[829 838]
 [833 836]
 [835 833]
 [836 831]
 [837 827]
 [836 823]
 [835 819]
 [832 815]
 [829 814]
 [826 813]
 [823 813]
 [821 814]
 [818 815]
 [816 816]
 [814 819]
 [812 822]
 [811 826]
 [811 828]
 [812 831]
 [814 834]
 [817 838]
 [819 839]
 [821 839]
 [824 839]
 [826 839]
 [830 838]]
Fuhrman 1, [[1096  931]
 [1097  930]
 [1099  928]
 [1100  925]
 [1101  922]
 [1101  919]
 [1101  916]
 [1099  914]
 [1097  912]
 [1095  911]
 [1093  910]
 [1091  910]
 [1089  909]
 [1087  910]
 [1084  911]
 [1083  912]
 [1081  914]
 [1080  916]
 [1079  919]
 [1079  921]
 [1080  924]
 [1081  926]
 [1083  928]
 [1085  929]
 [1087  930]
 [1089  931]
 [1091  931]
 [1092  931]
 [1094  931]
 [1096  931]]
Fuhrman 1, [[1194  977]
 [1196  977]
 [1198  976]
 [1200  974]
 [1201  972]
 [1203  967]
 [1203  963]
 [1202  959]
 [1200  956]
 [1199  952]
 [1197  952]
 [1194  951]
 [1192  951]
 [1190  951]
 [1187  953]
 [1184  955]
 [1182  957]
 [1181  960]
 [1180  962]
 [1180  965]
 [1180  968]
 [1180  970]
 [1182  973]
 [1183  974]
 [1185  976]
 [1188  977]
 [1190  977]
 [1193  977]
 [1194  977]]
Fuhrman 1, [[1744  943]
 [1746  943]
 [1748  941]
 [1749  940]
 [1750  937]
 [1750  934]
 [1749  931]
 [1747  929]
 [1745  927]
 [1743  926]
 [1742  925]
 [1740  925]
 [1739  925]
 [1737  925]
 [1735  927]
 [1734  928]
 [1733  929]
 [1732  930]
 [1732  932]
 [1731  934]
 [1731  935]
 [1731  937]
 [1732  938]
 [1733  939]
 [1734  941]
 [1735  942]
 [1736  943]
 [1738  943]
 [1739  943]
 [1741  944]
 [1742  944]
 [1744  943]]
Fuhrman 1, [[1774  936]
 [1775  936]
 [1777  935]
 [1779  934]
 [1781  933]
 [1782  931]
 [1784  929]
 [1784  926]
 [1783  923]
 [1781  921]
 [1780  919]
 [1778  917]
 [1776  916]
 [1774  916]
 [1772  915]
 [1770  916]
 [1768  916]
 [1767  917]
 [1765  919]
 [1764  921]
 [1763  923]
 [1763  925]
 [1763  927]
 [1764  930]
 [1765  932]
 [1766  933]
 [1768  934]
 [1769  935]
 [1770  936]
 [1772  936]
 [1774  936]]
Fuhrman 1, [[1699 1085]
 [1702 1085]
 [1704 1083]
 [1705 1082]
 [1706 1081]
 [1708 1080]
 [1710 1077]
 [1712 1075]
 [1712 1071]
 [1711 1068]
 [1710 1065]
 [1707 1062]
 [1703 1061]
 [1700 1060]
 [1697 1060]
 [1694 1060]
 [1691 1060]
 [1689 1060]
 [1687 1061]
 [1685 1064]
 [1684 1066]
 [1684 1067]
 [1681 1068]
 [1681 1069]
 [1681 1072]
 [1681 1075]
 [1682 1076]
 [1683 1079]
 [1685 1081]
 [1687 1083]
 [1689 1084]
 [1691 1085]
 [1693 1086]
 [1695 1086]
 [1697 1086]
 [1700 1085]]
Fuhrman 1, [[929 527]
 [931 526]
 [933 523]
 [933 520]
 [933 516]
 [932 513]
 [929 510]
 [928 509]
 [925 507]
 [923 507]
 [920 507]
 [918 507]
 [916 508]
 [915 509]
 [913 510]
 [912 512]
 [911 515]
 [911 518]
 [911 521]
 [911 523]
 [911 526]
 [912 527]
 [914 528]
 [916 529]
 [919 530]
 [920 531]
 [922 531]
 [924 530]
 [926 530]
 [928 529]
 [929 528]
 [929 527]]
Fuhrman 1, [[973 581]
 [974 581]
 [976 579]
 [977 577]
 [977 574]
 [977 571]
 [976 568]
 [974 565]
 [973 564]
 [971 563]
 [969 561]
 [966 561]
 [964 561]
 [962 561]
 [960 562]
 [959 563]
 [957 564]
 [955 565]
 [955 567]
 [954 569]
 [955 571]
 [955 573]
 [956 576]
 [957 577]
 [958 579]
 [960 580]
 [961 581]
 [962 582]
 [964 582]
 [966 582]
 [968 582]
 [969 581]
 [971 581]
 [973 581]]
Fuhrman 1, [[122 576]
 [124 577]
 [126 578]
 [127 579]
 [128 581]
 [129 582]
 [132 582]
 [134 582]
 [136 583]
 [138 582]
 [140 580]
 [142 580]
 [145 579]
 [147 577]
 [147 576]
 [148 574]
 [147 571]
 [146 567]
 [145 565]
 [144 562]
 [143 560]
 [141 556]
 [140 556]
 [138 555]
 [136 555]
 [134 556]
 [132 556]
 [130 557]
 [128 559]
 [126 560]
 [124 562]
 [124 564]
 [122 566]
 [122 568]
 [122 571]
 [122 573]
 [122 574]
 [122 576]]
Fuhrman 1, [[513 768]
 [516 770]
 [519 771]
 [524 771]
 [527 771]
 [532 771]
 [535 769]
 [538 768]
 [539 765]
 [540 762]
 [540 760]
 [539 758]
 [539 755]
 [537 753]
 [536 750]
 [533 748]
 [531 747]
 [526 746]
 [524 746]
 [523 746]
 [520 746]
 [518 747]
 [516 748]
 [513 749]
 [511 751]
 [510 753]
 [510 755]
 [510 757]
 [510 759]
 [510 762]
 [511 764]
 [513 767]]
Fuhrman 1, [[1149  709]
 [1151  709]
 [1153  708]
 [1156  706]
 [1157  704]
 [1158  701]
 [1158  699]
 [1158  697]
 [1158  695]
 [1157  693]
 [1154  690]
 [1152  688]
 [1150  687]
 [1148  686]
 [1146  685]
 [1145  684]
 [1142  685]
 [1140  686]
 [1139  688]
 [1137  689]
 [1135  690]
 [1133  691]
 [1132  693]
 [1131  695]
 [1131  700]
 [1132  701]
 [1133  703]
 [1135  705]
 [1137  706]
 [1139  708]
 [1141  708]
 [1143  709]
 [1145  710]
 [1147  710]
 [1149  709]]
