Fuhrman 1, [[ 96 172]
 [ 99 172]
 [102 173]
 [104 174]
 [106 174]
 [107 174]
 [109 173]
 [111 171]
 [111 169]
 [112 167]
 [113 165]
 [114 162]
 [113 160]
 [113 158]
 [112 156]
 [111 156]
 [110 154]
 [108 153]
 [107 152]
 [105 152]
 [103 152]
 [100 153]
 [ 99 155]
 [ 98 158]
 [ 97 161]
 [ 97 162]
 [ 96 163]
 [ 95 164]
 [ 95 166]
 [ 95 167]
 [ 95 169]
 [ 95 170]
 [ 95 170]
 [ 96 171]]
Fuhrman 1, [[320  41]
 [322  42]
 [324  43]
 [326  44]
 [328  44]
 [331  44]
 [333  42]
 [334  42]
 [335  40]
 [336  38]
 [336  36]
 [336  35]
 [335  32]
 [333  30]
 [331  28]
 [329  26]
 [325  24]
 [323  24]
 [321  23]
 [319  23]
 [317  24]
 [316  26]
 [315  28]
 [315  30]
 [315  33]
 [316  35]
 [317  37]
 [318  38]
 [319  40]
 [320  40]]
Fuhrman 1, [[255 327]
 [258 326]
 [261 324]
 [262 322]
 [263 320]
 [264 319]
 [266 318]
 [266 315]
 [266 312]
 [265 309]
 [264 306]
 [262 304]
 [260 302]
 [258 301]
 [255 301]
 [253 301]
 [250 302]
 [248 304]
 [247 306]
 [246 308]
 [245 310]
 [245 313]
 [246 315]
 [246 317]
 [247 320]
 [248 324]
 [249 326]
 [250 327]
 [251 327]
 [252 327]
 [253 328]
 [255 329]
 [255 328]
 [255 328]
 [256 327]]
Fuhrman 1, [[567 162]
 [569 162]
 [572 162]
 [574 160]
 [576 157]
 [577 155]
 [577 151]
 [576 149]
 [573 146]
 [570 144]
 [567 143]
 [563 142]
 [560 143]
 [557 143]
 [554 146]
 [554 149]
 [553 151]
 [554 154]
 [556 157]
 [558 158]
 [560 159]
 [562 161]
 [564 161]
 [567 162]]
Fuhrman 1, [[852 180]
 [854 180]
 [857 177]
 [859 175]
 [861 170]
 [861 167]
 [861 164]
 [861 160]
 [860 159]
 [858 157]
 [856 156]
 [854 156]
 [851 156]
 [849 157]
 [847 157]
 [844 158]
 [842 159]
 [840 161]
 [839 163]
 [839 166]
 [838 168]
 [839 171]
 [840 174]
 [841 177]
 [842 178]
 [843 179]
 [844 180]
 [846 181]
 [848 181]
 [850 181]
 [852 180]]
Fuhrman 1, [[842 651]
 [845 651]
 [847 650]
 [849 648]
 [849 643]
 [849 640]
 [847 638]
 [843 636]
 [840 635]
 [837 634]
 [834 633]
 [831 633]
 [829 632]
 [826 633]
 [825 634]
 [824 636]
 [823 637]
 [822 639]
 [822 640]
 [822 642]
 [822 644]
 [823 646]
 [824 647]
 [825 648]
 [827 650]
 [828 651]
 [830 652]
 [831 653]
 [833 653]
 [835 652]
 [836 653]
 [837 653]
 [838 653]
 [840 652]
 [841 652]
 [842 651]]
Fuhrman 1, [[945 799]
 [946 797]
 [947 795]
 [948 793]
 [949 789]
 [947 783]
 [945 779]
 [942 776]
 [939 773]
 [936 771]
 [932 770]
 [928 770]
 [926 771]
 [924 772]
 [923 773]
 [922 776]
 [921 778]
 [921 780]
 [922 783]
 [923 784]
 [924 787]
 [926 789]
 [928 792]
 [929 794]
 [931 796]
 [933 798]
 [935 799]
 [937 800]
 [940 801]
 [942 801]
 [944 800]
 [945 799]]
Fuhrman 1, [[1054  867]
 [1056  866]
 [1059  864]
 [1061  861]
 [1061  860]
 [1062  857]
 [1061  854]
 [1059  851]
 [1057  848]
 [1054  846]
 [1051  844]
 [1047  844]
 [1044  845]
 [1042  845]
 [1040  847]
 [1038  849]
 [1036  850]
 [1036  853]
 [1035  855]
 [1035  857]
 [1035  859]
 [1036  862]
 [1038  864]
 [1040  866]
 [1042  867]
 [1044  868]
 [1047  869]
 [1050  869]
 [1052  868]
 [1054  867]]
Fuhrman 1, [[1232  114]
 [1235  114]
 [1238  112]
 [1240  110]
 [1241  108]
 [1241  104]
 [1241  100]
 [1240   97]
 [1237   95]
 [1235   94]
 [1232   93]
 [1228   93]
 [1225   95]
 [1223   97]
 [1221   99]
 [1220  101]
 [1220  104]
 [1220  106]
 [1221  108]
 [1222  111]
 [1224  112]
 [1225  113]
 [1227  114]
 [1229  114]
 [1231  115]
 [1232  114]]
Fuhrman 1, [[1206  149]
 [1209  149]
 [1211  148]
 [1213  146]
 [1213  144]
 [1214  141]
 [1214  138]
 [1213  136]
 [1212  134]
 [1210  132]
 [1208  130]
 [1206  128]
 [1203  127]
 [1202  128]
 [1200  129]
 [1197  130]
 [1196  131]
 [1195  133]
 [1193  134]
 [1193  136]
 [1193  137]
 [1193  139]
 [1193  141]
 [1194  143]
 [1195  145]
 [1196  146]
 [1197  147]
 [1198  148]
 [1200  149]
 [1202  150]
 [1204  150]
 [1206  149]]
Fuhrman 1, [[611 652]
 [613 651]
 [614 649]
 [614 645]
 [614 641]
 [613 638]
 [611 635]
 [609 633]
 [606 632]
 [604 631]
 [602 632]
 [599 633]
 [596 634]
 [593 635]
 [592 637]
 [590 640]
 [589 642]
 [589 644]
 [590 646]
 [591 649]
 [592 651]
 [594 653]
 [596 654]
 [599 655]
 [601 655]
 [604 655]
 [606 655]
 [608 654]
 [610 653]
 [611 651]]
Fuhrman 1, [[667 649]
 [670 648]
 [672 646]
 [673 643]
 [675 640]
 [676 635]
 [676 633]
 [675 632]
 [674 631]
 [673 629]
 [671 627]
 [668 626]
 [666 626]
 [663 626]
 [660 626]
 [658 627]
 [655 630]
 [654 632]
 [654 634]
 [653 637]
 [654 640]
 [655 641]
 [656 644]
 [657 645]
 [659 647]
 [661 648]
 [663 648]
 [665 648]
 [668 649]]
Fuhrman 1, [[493 942]
 [497 942]
 [500 942]
 [502 940]
 [503 938]
 [503 933]
 [502 930]
 [501 927]
 [500 925]
 [499 924]
 [498 923]
 [496 922]
 [495 922]
 [493 922]
 [491 923]
 [490 924]
 [489 926]
 [488 927]
 [488 930]
 [488 932]
 [488 933]
 [487 934]
 [487 935]
 [487 936]
 [488 938]
 [488 939]
 [489 940]
 [490 941]
 [492 942]
 [494 942]]
Fuhrman 1, [[1354  780]
 [1355  778]
 [1356  775]
 [1356  773]
 [1356  771]
 [1356  767]
 [1354  765]
 [1352  763]
 [1349  762]
 [1347  762]
 [1344  762]
 [1340  763]
 [1338  764]
 [1336  766]
 [1334  769]
 [1333  771]
 [1332  774]
 [1331  776]
 [1331  778]
 [1333  780]
 [1334  781]
 [1336  783]
 [1338  784]
 [1341  785]
 [1343  785]
 [1346  785]
 [1348  785]
 [1351  784]
 [1352  783]
 [1353  781]
 [1354  780]]
Fuhrman 1, [[1749  120]
 [1752  120]
 [1755  119]
 [1757  118]
 [1758  115]
 [1760  113]
 [1760  110]
 [1760  106]
 [1758  103]
 [1758  100]
 [1756   97]
 [1754   95]
 [1752   93]
 [1750   92]
 [1747   91]
 [1744   92]
 [1742   93]
 [1739   94]
 [1738   97]
 [1737  100]
 [1737  103]
 [1737  107]
 [1738  110]
 [1739  114]
 [1741  117]
 [1743  118]
 [1746  119]
 [1749  120]]
Fuhrman 1, [[1427  435]
 [1430  435]
 [1432  435]
 [1436  435]
 [1439  434]
 [1441  433]
 [1442  430]
 [1442  428]
 [1441  426]
 [1439  422]
 [1436  419]
 [1433  416]
 [1430  414]
 [1427  412]
 [1424  412]
 [1421  412]
 [1418  414]
 [1416  416]
 [1415  417]
 [1413  420]
 [1412  424]
 [1412  426]
 [1413  428]
 [1413  430]
 [1414  433]
 [1415  433]
 [1417  434]
 [1420  434]
 [1423  434]
 [1425  434]
 [1427  435]]
Fuhrman 1, [[1594  452]
 [1596  453]
 [1599  454]
 [1601  453]
 [1604  451]
 [1606  448]
 [1608  444]
 [1609  442]
 [1610  439]
 [1611  435]
 [1610  432]
 [1609  431]
 [1607  430]
 [1605  430]
 [1601  430]
 [1597  432]
 [1594  433]
 [1592  435]
 [1590  436]
 [1588  438]
 [1587  440]
 [1586  442]
 [1585  443]
 [1586  444]
 [1587  447]
 [1588  448]
 [1590  450]
 [1592  451]
 [1593  452]]
Fuhrman 1, [[1281  866]
 [1282  864]
 [1283  862]
 [1283  859]
 [1283  856]
 [1282  852]
 [1280  850]
 [1279  849]
 [1276  848]
 [1274  848]
 [1271  849]
 [1269  850]
 [1267  851]
 [1266  853]
 [1264  855]
 [1264  857]
 [1263  859]
 [1263  862]
 [1264  864]
 [1265  866]
 [1266  868]
 [1268  870]
 [1270  871]
 [1273  871]
 [1276  870]
 [1279  869]
 [1280  868]
 [1281  866]]
Fuhrman 1, [[1602  934]
 [1603  933]
 [1605  931]
 [1605  929]
 [1605  926]
 [1605  923]
 [1604  921]
 [1602  920]
 [1601  919]
 [1599  918]
 [1596  918]
 [1595  918]
 [1593  918]
 [1591  919]
 [1589  921]
 [1588  922]
 [1587  925]
 [1587  926]
 [1587  928]
 [1587  931]
 [1587  934]
 [1588  936]
 [1589  937]
 [1589  937]
 [1591  938]
 [1593  937]
 [1596  937]
 [1599  937]
 [1600  936]
 [1601  935]
 [1602  934]]
Fuhrman 1, [[  93 1003]
 [  94 1002]
 [  95 1000]
 [  96  998]
 [  96  995]
 [  96  993]
 [  95  990]
 [  93  988]
 [  91  986]
 [  89  985]
 [  87  984]
 [  84  984]
 [  82  984]
 [  80  985]
 [  78  986]
 [  77  988]
 [  76  989]
 [  75  991]
 [  75  993]
 [  75  995]
 [  76  997]
 [  76  999]
 [  78 1000]
 [  80 1002]
 [  81 1004]
 [  83 1004]
 [  84 1005]
 [  86 1005]
 [  88 1005]
 [  89 1005]
 [  90 1005]
 [  91 1005]
 [  92 1004]
 [  93 1003]]
