Fuhrman 1, [[597 560]
 [598 560]
 [601 560]
 [602 558]
 [604 555]
 [605 553]
 [605 550]
 [604 546]
 [603 543]
 [601 540]
 [598 539]
 [596 539]
 [593 539]
 [590 539]
 [587 541]
 [586 543]
 [584 544]
 [583 547]
 [582 549]
 [583 551]
 [583 553]
 [584 555]
 [586 557]
 [588 558]
 [590 559]
 [592 560]
 [594 560]
 [597 560]]
Fuhrman 1, [[349 901]
 [351 900]
 [353 899]
 [356 897]
 [357 895]
 [358 893]
 [358 891]
 [357 889]
 [356 888]
 [357 886]
 [358 884]
 [358 882]
 [355 879]
 [351 877]
 [347 877]
 [344 877]
 [341 878]
 [339 879]
 [337 881]
 [336 883]
 [335 886]
 [335 889]
 [335 892]
 [336 895]
 [337 897]
 [339 899]
 [341 900]
 [342 901]
 [344 902]
 [345 902]
 [347 901]
 [349 901]]
Fuhrman 1, [[1055  842]
 [1058  841]
 [1061  840]
 [1062  839]
 [1064  838]
 [1066  836]
 [1067  834]
 [1068  831]
 [1068  828]
 [1068  825]
 [1066  823]
 [1063  821]
 [1059  819]
 [1056  819]
 [1052  819]
 [1049  820]
 [1047  821]
 [1044  824]
 [1042  826]
 [1041  830]
 [1041  832]
 [1041  835]
 [1041  837]
 [1043  839]
 [1045  841]
 [1047  842]
 [1049  843]
 [1052  843]
 [1053  843]
 [1055  842]]
Fuhrman 1, [[1527  468]
 [1528  468]
 [1529  466]
 [1530  465]
 [1531  464]
 [1531  462]
 [1531  459]
 [1530  455]
 [1527  453]
 [1525  451]
 [1522  450]
 [1520  451]
 [1517  451]
 [1515  453]
 [1513  455]
 [1512  458]
 [1511  460]
 [1511  462]
 [1512  465]
 [1513  467]
 [1514  468]
 [1515  469]
 [1516  470]
 [1518  470]
 [1520  470]
 [1522  470]
 [1524  470]
 [1525  470]
 [1526  469]
 [1527  468]]
Fuhrman 1, [[1832  415]
 [1834  415]
 [1836  413]
 [1839  411]
 [1840  409]
 [1840  406]
 [1839  402]
 [1838  398]
 [1836  395]
 [1834  393]
 [1830  393]
 [1828  394]
 [1825  395]
 [1823  396]
 [1821  398]
 [1819  401]
 [1818  404]
 [1818  407]
 [1818  409]
 [1820  412]
 [1821  414]
 [1823  415]
 [1825  415]
 [1827  416]
 [1830  416]
 [1832  415]]
Fuhrman 1, [[1608  513]
 [1611  513]
 [1613  513]
 [1616  512]
 [1617  512]
 [1619  511]
 [1621  509]
 [1622  506]
 [1622  502]
 [1622  500]
 [1621  497]
 [1619  495]
 [1615  493]
 [1613  492]
 [1610  492]
 [1608  493]
 [1607  494]
 [1605  495]
 [1603  496]
 [1601  498]
 [1601  500]
 [1600  503]
 [1601  506]
 [1601  509]
 [1602  510]
 [1604  511]
 [1605  512]
 [1606  513]
 [1609  513]]
Fuhrman 1, [[1263  706]
 [1266  705]
 [1268  704]
 [1271  704]
 [1272  704]
 [1273  702]
 [1273  699]
 [1274  695]
 [1274  692]
 [1274  689]
 [1273  687]
 [1272  685]
 [1269  683]
 [1266  682]
 [1264  682]
 [1261  682]
 [1258  682]
 [1255  683]
 [1252  685]
 [1250  687]
 [1249  689]
 [1248  691]
 [1248  694]
 [1248  698]
 [1249  702]
 [1251  703]
 [1253  705]
 [1255  705]
 [1256  705]
 [1257  705]
 [1259  706]
 [1262  706]
 [1262  706]
 [1263  706]]
Fuhrman 1, [[1250  793]
 [1253  792]
 [1254  791]
 [1256  789]
 [1257  787]
 [1257  785]
 [1257  782]
 [1256  779]
 [1254  777]
 [1252  776]
 [1249  775]
 [1247  775]
 [1243  775]
 [1240  776]
 [1237  777]
 [1234  778]
 [1232  781]
 [1231  783]
 [1230  785]
 [1230  787]
 [1231  789]
 [1232  791]
 [1234  793]
 [1236  794]
 [1239  794]
 [1241  795]
 [1244  795]
 [1246  794]
 [1248  794]
 [1247  794]
 [1247  794]
 [1251  793]]
Fuhrman 1, [[ 794 1066]
 [ 796 1065]
 [ 798 1064]
 [ 799 1063]
 [ 801 1063]
 [ 802 1061]
 [ 803 1059]
 [ 803 1055]
 [ 803 1051]
 [ 801 1049]
 [ 798 1045]
 [ 795 1044]
 [ 792 1044]
 [ 788 1044]
 [ 785 1045]
 [ 783 1047]
 [ 782 1049]
 [ 780 1052]
 [ 780 1054]
 [ 780 1057]
 [ 781 1059]
 [ 782 1062]
 [ 783 1064]
 [ 785 1065]
 [ 786 1066]
 [ 788 1066]
 [ 790 1067]
 [ 792 1067]
 [ 794 1066]]
Fuhrman 1, [[1327  712]
 [1329  711]
 [1330  710]
 [1331  709]
 [1332  707]
 [1332  704]
 [1333  701]
 [1332  698]
 [1332  694]
 [1331  691]
 [1330  689]
 [1327  687]
 [1324  687]
 [1321  687]
 [1318  688]
 [1314  689]
 [1312  692]
 [1311  695]
 [1309  698]
 [1309  700]
 [1309  702]
 [1310  705]
 [1312  707]
 [1313  709]
 [1314  711]
 [1316  712]
 [1318  714]
 [1320  714]
 [1321  714]
 [1323  714]
 [1325  713]
 [1327  712]]
Fuhrman 1, [[1396  604]
 [1397  603]
 [1399  602]
 [1400  601]
 [1400  599]
 [1400  597]
 [1398  593]
 [1397  590]
 [1396  588]
 [1394  587]
 [1393  586]
 [1391  586]
 [1386  587]
 [1386  587]
 [1386  587]
 [1386  588]
 [1385  590]
 [1384  592]
 [1384  594]
 [1384  597]
 [1385  599]
 [1385  602]
 [1386  604]
 [1387  605]
 [1389  606]
 [1390  606]
 [1392  605]
 [1394  605]
 [1396  604]]
Fuhrman 1, [[1468  122]
 [1471  122]
 [1473  122]
 [1475  119]
 [1477  117]
 [1477  115]
 [1476  110]
 [1474  107]
 [1472  105]
 [1470  104]
 [1466  103]
 [1464  103]
 [1461  103]
 [1459  104]
 [1457  106]
 [1456  109]
 [1456  111]
 [1456  113]
 [1456  115]
 [1457  118]
 [1458  120]
 [1460  121]
 [1462  122]
 [1465  122]
 [1468  122]]
Fuhrman 1, [[1541  524]
 [1543  524]
 [1545  524]
 [1546  521]
 [1547  518]
 [1547  513]
 [1547  510]
 [1545  508]
 [1543  506]
 [1541  506]
 [1538  506]
 [1535  506]
 [1532  507]
 [1530  508]
 [1529  510]
 [1528  512]
 [1527  514]
 [1526  517]
 [1526  519]
 [1527  521]
 [1529  522]
 [1530  523]
 [1532  524]
 [1534  524]
 [1536  524]
 [1539  524]
 [1541  524]]
Fuhrman 1, [[1530  720]
 [1532  719]
 [1533  718]
 [1535  717]
 [1535  715]
 [1535  711]
 [1534  708]
 [1531  706]
 [1528  703]
 [1526  703]
 [1523  703]
 [1521  703]
 [1519  703]
 [1517  704]
 [1515  705]
 [1514  707]
 [1513  710]
 [1513  712]
 [1514  714]
 [1514  716]
 [1515  718]
 [1516  719]
 [1517  720]
 [1519  721]
 [1521  721]
 [1523  722]
 [1525  722]
 [1526  722]
 [1528  722]
 [1530  720]]
Fuhrman 1, [[1523  824]
 [1525  824]
 [1526  823]
 [1528  822]
 [1529  820]
 [1529  818]
 [1529  815]
 [1528  811]
 [1527  808]
 [1525  806]
 [1522  805]
 [1520  805]
 [1518  805]
 [1516  805]
 [1514  806]
 [1512  807]
 [1510  809]
 [1508  810]
 [1508  812]
 [1508  815]
 [1508  818]
 [1508  821]
 [1510  822]
 [1511  823]
 [1513  824]
 [1514  825]
 [1517  825]
 [1520  825]
 [1523  824]]
Fuhrman 1, [[1427  346]
 [1429  346]
 [1432  345]
 [1433  345]
 [1434  344]
 [1437  342]
 [1437  342]
 [1438  341]
 [1439  339]
 [1439  336]
 [1440  335]
 [1440  332]
 [1439  330]
 [1438  328]
 [1435  326]
 [1434  325]
 [1431  323]
 [1430  322]
 [1427  323]
 [1425  324]
 [1423  325]
 [1421  326]
 [1420  326]
 [1418  328]
 [1416  330]
 [1416  333]
 [1415  335]
 [1415  337]
 [1416  340]
 [1417  342]
 [1418  344]
 [1419  345]
 [1421  345]
 [1422  346]
 [1425  346]
 [1427  346]]
Fuhrman 1, [[1374  686]
 [1375  686]
 [1377  685]
 [1378  683]
 [1379  681]
 [1379  679]
 [1379  676]
 [1379  673]
 [1378  671]
 [1377  670]
 [1376  669]
 [1374  669]
 [1372  668]
 [1369  668]
 [1368  668]
 [1365  669]
 [1363  670]
 [1362  671]
 [1360  673]
 [1360  675]
 [1360  677]
 [1360  679]
 [1361  680]
 [1362  682]
 [1364  683]
 [1366  683]
 [1368  685]
 [1369  685]
 [1370  686]
 [1372  686]
 [1373  686]
 [1374  686]]
Fuhrman 1, [[564 832]
 [566 832]
 [568 831]
 [569 828]
 [570 826]
 [571 825]
 [572 824]
 [572 822]
 [571 819]
 [569 815]
 [566 813]
 [561 811]
 [558 812]
 [557 812]
 [554 812]
 [551 814]
 [549 816]
 [548 818]
 [548 822]
 [548 827]
 [548 828]
 [550 829]
 [553 831]
 [555 832]
 [558 833]
 [560 833]
 [562 833]
 [564 833]
 [565 832]]
Fuhrman 1, [[1649  987]
 [1650  986]
 [1652  985]
 [1653  982]
 [1654  980]
 [1653  978]
 [1653  974]
 [1652  971]
 [1651  970]
 [1647  967]
 [1644  966]
 [1642  965]
 [1640  965]
 [1638  965]
 [1636  966]
 [1635  967]
 [1634  968]
 [1633  971]
 [1633  973]
 [1633  975]
 [1634  976]
 [1635  978]
 [1636  980]
 [1637  982]
 [1639  984]
 [1641  986]
 [1642  986]
 [1643  986]
 [1645  987]
 [1646  987]
 [1649  987]]
Fuhrman 1, [[1652  425]
 [1654  424]
 [1655  422]
 [1656  419]
 [1656  417]
 [1656  413]
 [1656  411]
 [1654  409]
 [1653  408]
 [1651  407]
 [1649  406]
 [1648  406]
 [1646  407]
 [1643  407]
 [1641  409]
 [1640  410]
 [1639  411]
 [1638  413]
 [1638  415]
 [1638  416]
 [1638  417]
 [1638  419]
 [1638  421]
 [1639  422]
 [1639  423]
 [1641  424]
 [1642  425]
 [1643  425]
 [1645  425]
 [1647  425]
 [1649  425]
 [1650  425]
 [1652  425]
 [1652  425]]
