Fuhrman 1, [[164  93]
 [166  93]
 [167  92]
 [169  89]
 [170  87]
 [170  84]
 [169  81]
 [168  79]
 [167  77]
 [164  75]
 [161  75]
 [159  75]
 [157  77]
 [155  78]
 [154  80]
 [154  82]
 [153  84]
 [153  86]
 [154  87]
 [154  89]
 [155  91]
 [156  93]
 [157  93]
 [158  94]
 [160  94]
 [161  94]
 [163  93]
 [164  93]]
Fuhrman 1, [[177 175]
 [180 175]
 [182 174]
 [184 172]
 [185 170]
 [186 167]
 [187 164]
 [186 161]
 [184 159]
 [182 158]
 [180 157]
 [177 157]
 [175 157]
 [171 159]
 [170 160]
 [168 161]
 [166 163]
 [165 165]
 [165 167]
 [165 169]
 [165 171]
 [165 173]
 [167 174]
 [167 175]
 [169 175]
 [171 175]
 [174 175]
 [175 175]
 [178 175]]
Fuhrman 1, [[131 362]
 [133 362]
 [136 360]
 [137 359]
 [140 358]
 [142 355]
 [142 352]
 [142 350]
 [142 348]
 [143 346]
 [142 343]
 [141 340]
 [140 337]
 [138 335]
 [136 334]
 [134 334]
 [133 334]
 [131 334]
 [129 335]
 [128 336]
 [127 337]
 [126 338]
 [125 339]
 [125 341]
 [124 343]
 [123 346]
 [123 348]
 [123 351]
 [123 354]
 [124 356]
 [125 359]
 [126 361]
 [127 362]
 [128 362]
 [129 363]
 [131 362]]
Fuhrman 1, [[356 900]
 [359 901]
 [361 902]
 [364 903]
 [366 904]
 [367 905]
 [370 905]
 [372 904]
 [374 902]
 [375 900]
 [376 898]
 [376 894]
 [376 889]
 [374 886]
 [372 884]
 [370 882]
 [367 881]
 [364 881]
 [362 881]
 [359 882]
 [357 884]
 [356 886]
 [356 889]
 [355 891]
 [354 894]
 [354 896]
 [354 898]
 [355 899]
 [356 900]]
Fuhrman 1, [[556 866]
 [558 866]
 [561 864]
 [562 862]
 [564 860]
 [565 857]
 [565 853]
 [564 850]
 [562 847]
 [559 844]
 [556 843]
 [553 842]
 [549 842]
 [547 843]
 [544 844]
 [543 845]
 [541 847]
 [540 849]
 [539 851]
 [539 853]
 [539 855]
 [540 857]
 [541 858]
 [543 861]
 [544 863]
 [546 865]
 [548 866]
 [550 866]
 [552 867]
 [555 866]
 [556 866]]
Fuhrman 1, [[699 273]
 [701 274]
 [703 274]
 [705 274]
 [707 273]
 [708 273]
 [710 272]
 [711 270]
 [712 266]
 [712 262]
 [713 257]
 [712 256]
 [709 254]
 [707 253]
 [704 252]
 [702 251]
 [700 251]
 [699 252]
 [696 253]
 [695 254]
 [693 256]
 [692 258]
 [691 260]
 [691 261]
 [691 263]
 [692 264]
 [693 266]
 [695 269]
 [696 270]
 [697 272]
 [699 273]
 [699 273]]
Fuhrman 1, [[784 425]
 [786 426]
 [789 427]
 [791 427]
 [793 428]
 [796 428]
 [798 427]
 [801 427]
 [803 427]
 [804 426]
 [806 426]
 [806 425]
 [806 423]
 [805 419]
 [804 417]
 [801 415]
 [798 414]
 [796 413]
 [793 412]
 [790 412]
 [788 412]
 [785 412]
 [783 412]
 [780 413]
 [779 414]
 [779 415]
 [778 416]
 [778 417]
 [778 417]
 [778 419]
 [779 420]
 [780 421]
 [781 422]
 [781 423]
 [783 424]
 [784 425]]
Fuhrman 1, [[571 639]
 [573 639]
 [576 638]
 [579 637]
 [581 637]
 [583 637]
 [585 637]
 [587 636]
 [589 636]
 [590 635]
 [590 632]
 [589 629]
 [587 626]
 [584 624]
 [582 622]
 [579 621]
 [578 621]
 [575 621]
 [572 622]
 [571 623]
 [569 625]
 [568 627]
 [567 629]
 [567 631]
 [567 633]
 [567 634]
 [568 635]
 [569 637]
 [570 638]
 [570 639]
 [571 639]]
Fuhrman 1, [[611 596]
 [614 595]
 [616 594]
 [617 591]
 [618 589]
 [617 585]
 [616 581]
 [614 579]
 [612 577]
 [609 576]
 [605 576]
 [602 576]
 [599 577]
 [597 578]
 [595 580]
 [595 583]
 [595 586]
 [595 588]
 [597 591]
 [598 593]
 [600 594]
 [602 596]
 [605 596]
 [608 597]
 [610 597]
 [611 596]]
Fuhrman 1, [[1226  165]
 [1228  163]
 [1230  162]
 [1232  161]
 [1233  158]
 [1233  154]
 [1232  150]
 [1231  148]
 [1229  146]
 [1227  144]
 [1223  144]
 [1220  145]
 [1218  147]
 [1216  149]
 [1215  151]
 [1214  154]
 [1214  157]
 [1214  159]
 [1215  161]
 [1216  162]
 [1217  163]
 [1219  164]
 [1221  165]
 [1222  166]
 [1223  166]
 [1225  165]
 [1226  165]]
Fuhrman 1, [[1265  162]
 [1266  162]
 [1268  162]
 [1269  164]
 [1270  165]
 [1271  166]
 [1272  165]
 [1273  164]
 [1274  164]
 [1276  165]
 [1278  166]
 [1279  166]
 [1281  166]
 [1282  165]
 [1282  164]
 [1283  162]
 [1283  160]
 [1282  157]
 [1281  155]
 [1280  153]
 [1278  151]
 [1277  150]
 [1275  148]
 [1273  147]
 [1271  147]
 [1269  147]
 [1267  147]
 [1265  147]
 [1263  148]
 [1262  150]
 [1262  151]
 [1262  153]
 [1262  155]
 [1262  156]
 [1263  158]
 [1263  158]
 [1264  160]
 [1264  161]
 [1265  162]]
Fuhrman 1, [[1231  540]
 [1233  540]
 [1236  539]
 [1238  538]
 [1239  536]
 [1240  533]
 [1241  531]
 [1241  527]
 [1241  523]
 [1239  520]
 [1237  519]
 [1234  517]
 [1231  516]
 [1228  516]
 [1225  517]
 [1222  518]
 [1220  520]
 [1219  523]
 [1218  525]
 [1218  527]
 [1218  530]
 [1218  531]
 [1219  534]
 [1220  536]
 [1222  538]
 [1224  539]
 [1226  539]
 [1228  540]
 [1230  540]
 [1231  540]]
Fuhrman 1, [[1577  615]
 [1579  615]
 [1581  614]
 [1583  613]
 [1584  611]
 [1585  608]
 [1586  607]
 [1587  605]
 [1587  602]
 [1585  599]
 [1583  597]
 [1582  595]
 [1579  595]
 [1578  595]
 [1576  596]
 [1576  597]
 [1573  596]
 [1569  596]
 [1565  597]
 [1564  598]
 [1564  599]
 [1565  601]
 [1566  604]
 [1567  606]
 [1568  609]
 [1570  611]
 [1571  613]
 [1573  614]
 [1575  615]
 [1577  615]]
Fuhrman 1, [[1611  578]
 [1613  578]
 [1616  578]
 [1618  578]
 [1620  578]
 [1623  576]
 [1625  576]
 [1627  575]
 [1628  573]
 [1628  571]
 [1627  570]
 [1627  568]
 [1626  567]
 [1625  566]
 [1623  566]
 [1622  566]
 [1620  564]
 [1618  563]
 [1617  562]
 [1614  562]
 [1612  562]
 [1610  562]
 [1607  563]
 [1605  565]
 [1604  567]
 [1604  569]
 [1604  571]
 [1604  573]
 [1604  574]
 [1605  576]
 [1606  577]
 [1608  578]
 [1609  578]
 [1611  578]]
Fuhrman 1, [[1611  468]
 [1613  470]
 [1615  471]
 [1617  471]
 [1618  471]
 [1620  470]
 [1622  470]
 [1623  471]
 [1625  473]
 [1627  473]
 [1629  472]
 [1630  470]
 [1631  468]
 [1631  466]
 [1630  463]
 [1629  460]
 [1628  457]
 [1627  454]
 [1625  453]
 [1623  453]
 [1621  453]
 [1619  453]
 [1618  453]
 [1615  454]
 [1614  456]
 [1612  458]
 [1611  460]
 [1611  461]
 [1610  463]
 [1610  465]
 [1610  466]
 [1611  467]]
Fuhrman 1, [[1192  792]
 [1195  792]
 [1197  791]
 [1199  790]
 [1201  789]
 [1201  788]
 [1202  785]
 [1202  782]
 [1202  778]
 [1201  775]
 [1199  772]
 [1197  769]
 [1194  768]
 [1192  767]
 [1189  767]
 [1187  768]
 [1184  769]
 [1182  772]
 [1180  774]
 [1180  776]
 [1180  778]
 [1180  781]
 [1181  783]
 [1182  785]
 [1184  787]
 [1185  789]
 [1187  790]
 [1188  791]
 [1189  792]
 [1190  792]
 [1192  792]]
Fuhrman 1, [[1253  804]
 [1254  805]
 [1256  806]
 [1258  808]
 [1260  808]
 [1262  807]
 [1264  807]
 [1266  805]
 [1267  803]
 [1268  799]
 [1269  795]
 [1270  792]
 [1269  789]
 [1268  787]
 [1266  785]
 [1263  784]
 [1261  785]
 [1259  784]
 [1257  784]
 [1255  785]
 [1253  788]
 [1252  790]
 [1252  792]
 [1252  793]
 [1253  795]
 [1253  797]
 [1252  798]
 [1252  800]
 [1252  801]
 [1252  803]
 [1252  803]]
Fuhrman 1, [[1724  733]
 [1726  732]
 [1729  732]
 [1730  731]
 [1732  729]
 [1733  728]
 [1734  726]
 [1734  723]
 [1734  720]
 [1733  717]
 [1732  715]
 [1730  713]
 [1728  712]
 [1726  711]
 [1723  710]
 [1721  710]
 [1719  711]
 [1717  712]
 [1716  714]
 [1714  716]
 [1714  718]
 [1713  720]
 [1713  722]
 [1713  725]
 [1713  727]
 [1714  728]
 [1715  730]
 [1717  731]
 [1718  732]
 [1720  732]
 [1722  733]
 [1723  733]
 [1725  733]]
Fuhrman 1, [[1575  234]
 [1577  236]
 [1579  237]
 [1581  237]
 [1582  237]
 [1582  238]
 [1585  239]
 [1587  238]
 [1590  238]
 [1592  236]
 [1594  234]
 [1596  233]
 [1597  230]
 [1598  228]
 [1597  225]
 [1596  223]
 [1595  220]
 [1593  218]
 [1591  216]
 [1588  215]
 [1585  214]
 [1582  215]
 [1580  216]
 [1579  217]
 [1577  218]
 [1576  220]
 [1575  222]
 [1575  224]
 [1575  227]
 [1575  230]
 [1575  232]
 [1575  234]]
Fuhrman 1, [[1731  243]
 [1733  241]
 [1735  239]
 [1736  238]
 [1737  237]
 [1737  235]
 [1736  232]
 [1733  230]
 [1731  227]
 [1729  225]
 [1728  224]
 [1725  224]
 [1723  224]
 [1720  225]
 [1719  226]
 [1717  227]
 [1715  228]
 [1714  230]
 [1713  232]
 [1714  234]
 [1715  235]
 [1716  236]
 [1717  237]
 [1718  239]
 [1719  240]
 [1720  241]
 [1722  242]
 [1724  243]
 [1726  243]
 [1728  243]
 [1729  243]
 [1731  243]]
