Fuhrman 1, [[526 232]
 [529 231]
 [530 230]
 [532 228]
 [532 225]
 [533 222]
 [532 219]
 [531 217]
 [528 214]
 [525 213]
 [523 212]
 [520 213]
 [518 214]
 [516 216]
 [513 218]
 [512 219]
 [511 221]
 [511 223]
 [511 226]
 [512 228]
 [513 230]
 [515 231]
 [516 232]
 [518 233]
 [520 234]
 [522 234]
 [523 234]
 [525 234]
 [526 233]
 [526 232]]
Fuhrman 1, [[545 448]
 [547 447]
 [549 447]
 [551 445]
 [552 443]
 [553 441]
 [553 438]
 [551 435]
 [550 433]
 [549 430]
 [546 428]
 [543 426]
 [541 425]
 [539 425]
 [536 425]
 [533 425]
 [530 426]
 [528 427]
 [528 429]
 [528 431]
 [528 433]
 [529 436]
 [530 438]
 [532 440]
 [534 442]
 [536 443]
 [538 445]
 [540 446]
 [542 447]
 [544 447]
 [545 448]]
Fuhrman 1, [[960 138]
 [963 138]
 [964 137]
 [965 135]
 [965 132]
 [965 130]
 [964 127]
 [962 125]
 [959 124]
 [955 124]
 [952 124]
 [950 125]
 [948 127]
 [946 130]
 [946 132]
 [947 135]
 [947 136]
 [949 137]
 [951 138]
 [953 139]
 [956 139]
 [957 139]
 [958 139]
 [961 138]]
Fuhrman 1, [[878 120]
 [879 120]
 [881 118]
 [882 116]
 [883 114]
 [883 111]
 [882 109]
 [880 106]
 [879 105]
 [876 104]
 [873 104]
 [871 105]
 [869 106]
 [868 106]
 [866 108]
 [865 110]
 [865 111]
 [866 114]
 [866 115]
 [867 117]
 [869 119]
 [870 120]
 [872 120]
 [873 121]
 [875 121]
 [876 121]
 [878 120]]
Fuhrman 1, [[815  18]
 [815  18]
 [817  18]
 [818  16]
 [819  13]
 [820  12]
 [821   9]
 [820   8]
 [819   6]
 [817   4]
 [814   3]
 [812   3]
 [810   4]
 [808   5]
 [807   6]
 [806   8]
 [805  11]
 [805  12]
 [806  14]
 [806  15]
 [808  16]
 [809  18]
 [811  18]
 [811  19]
 [813  19]
 [814  19]
 [815  18]]
Fuhrman 1, [[1114   60]
 [1116   59]
 [1118   57]
 [1118   55]
 [1117   52]
 [1115   49]
 [1112   46]
 [1109   43]
 [1107   43]
 [1103   43]
 [1101   43]
 [1099   45]
 [1098   48]
 [1098   50]
 [1098   51]
 [1099   53]
 [1100   54]
 [1101   55]
 [1103   55]
 [1104   56]
 [1106   57]
 [1108   58]
 [1109   59]
 [1110   60]
 [1111   61]
 [1112   61]
 [1113   61]
 [1114   60]]
Fuhrman 1, [[1210   71]
 [1213   70]
 [1215   69]
 [1217   68]
 [1219   66]
 [1219   64]
 [1218   62]
 [1216   59]
 [1214   57]
 [1210   55]
 [1208   54]
 [1205   54]
 [1203   54]
 [1201   55]
 [1200   56]
 [1199   58]
 [1198   60]
 [1198   62]
 [1198   65]
 [1198   68]
 [1199   70]
 [1200   71]
 [1202   72]
 [1203   73]
 [1206   72]
 [1208   71]
 [1210   71]]
Fuhrman 1, [[1203  299]
 [1204  297]
 [1206  296]
 [1207  295]
 [1208  294]
 [1208  293]
 [1209  291]
 [1208  290]
 [1208  288]
 [1206  287]
 [1205  286]
 [1203  285]
 [1202  284]
 [1199  284]
 [1198  284]
 [1196  285]
 [1195  286]
 [1194  288]
 [1194  290]
 [1194  292]
 [1194  294]
 [1193  296]
 [1193  298]
 [1194  299]
 [1195  300]
 [1195  301]
 [1196  303]
 [1197  303]
 [1198  303]
 [1199  303]
 [1200  302]
 [1201  301]
 [1202  300]
 [1203  299]]
Fuhrman 1, [[1265  266]
 [1267  265]
 [1270  264]
 [1270  263]
 [1270  259]
 [1271  255]
 [1271  252]
 [1271  250]
 [1269  248]
 [1268  247]
 [1266  246]
 [1264  246]
 [1262  246]
 [1260  247]
 [1258  247]
 [1257  248]
 [1256  250]
 [1256  252]
 [1256  255]
 [1256  258]
 [1256  260]
 [1256  261]
 [1257  263]
 [1258  264]
 [1259  264]
 [1261  265]
 [1262  265]
 [1263  265]
 [1265  266]]
Fuhrman 1, [[1303  258]
 [1305  258]
 [1306  256]
 [1307  255]
 [1309  255]
 [1310  253]
 [1310  251]
 [1311  248]
 [1311  246]
 [1310  243]
 [1309  241]
 [1305  239]
 [1303  238]
 [1300  238]
 [1298  238]
 [1296  240]
 [1294  241]
 [1293  243]
 [1292  246]
 [1292  249]
 [1293  252]
 [1294  254]
 [1296  256]
 [1297  257]
 [1298  257]
 [1300  258]
 [1302  258]]
Fuhrman 1, [[1234  417]
 [1234  421]
 [1236  425]
 [1238  429]
 [1240  431]
 [1242  432]
 [1244  432]
 [1247  432]
 [1249  432]
 [1251  430]
 [1252  427]
 [1253  422]
 [1253  417]
 [1252  413]
 [1251  410]
 [1250  407]
 [1248  403]
 [1245  402]
 [1243  402]
 [1240  402]
 [1238  402]
 [1235  404]
 [1234  407]
 [1234  409]
 [1233  411]
 [1233  413]
 [1233  416]]
Fuhrman 1, [[1477  325]
 [1480  323]
 [1482  321]
 [1484  320]
 [1485  317]
 [1485  313]
 [1485  309]
 [1483  307]
 [1480  305]
 [1479  305]
 [1476  305]
 [1472  306]
 [1469  308]
 [1467  310]
 [1466  311]
 [1465  313]
 [1463  315]
 [1463  317]
 [1464  319]
 [1465  321]
 [1465  324]
 [1466  325]
 [1467  326]
 [1469  326]
 [1471  326]
 [1473  326]
 [1476  326]
 [1477  325]]
Fuhrman 1, [[1629  281]
 [1631  280]
 [1634  279]
 [1634  277]
 [1636  276]
 [1638  276]
 [1639  275]
 [1639  274]
 [1639  272]
 [1637  271]
 [1636  268]
 [1634  267]
 [1633  265]
 [1630  264]
 [1629  264]
 [1627  264]
 [1625  265]
 [1623  266]
 [1622  267]
 [1621  269]
 [1620  271]
 [1619  273]
 [1619  275]
 [1619  277]
 [1620  279]
 [1621  280]
 [1622  281]
 [1624  281]
 [1626  281]
 [1628  281]
 [1629  281]]
Fuhrman 1, [[1883  594]
 [1885  593]
 [1887  591]
 [1888  589]
 [1888  587]
 [1887  583]
 [1886  580]
 [1884  578]
 [1882  576]
 [1881  575]
 [1878  574]
 [1877  573]
 [1875  573]
 [1873  573]
 [1871  573]
 [1869  575]
 [1867  577]
 [1866  579]
 [1866  582]
 [1867  585]
 [1868  588]
 [1869  590]
 [1871  591]
 [1873  592]
 [1874  593]
 [1876  594]
 [1877  595]
 [1879  595]
 [1881  595]
 [1882  595]
 [1883  594]]
Fuhrman 1, [[988 416]
 [990 416]
 [992 416]
 [995 416]
 [996 413]
 [997 411]
 [997 406]
 [997 403]
 [997 401]
 [996 399]
 [993 397]
 [991 397]
 [989 397]
 [986 398]
 [984 399]
 [982 400]
 [980 402]
 [978 403]
 [978 405]
 [978 406]
 [979 409]
 [980 411]
 [982 413]
 [983 415]
 [985 416]
 [986 416]
 [988 416]]
Fuhrman 1, [[962 459]
 [964 460]
 [966 460]
 [967 461]
 [968 461]
 [969 461]
 [971 460]
 [972 459]
 [974 457]
 [974 456]
 [975 453]
 [975 451]
 [974 449]
 [973 446]
 [972 444]
 [970 442]
 [968 442]
 [965 442]
 [962 442]
 [961 442]
 [960 444]
 [959 446]
 [959 449]
 [959 451]
 [959 453]
 [959 455]
 [960 456]
 [961 458]]
Fuhrman 1, [[810 698]
 [812 697]
 [816 695]
 [817 693]
 [818 690]
 [819 688]
 [819 685]
 [818 683]
 [816 680]
 [814 679]
 [811 679]
 [808 679]
 [806 680]
 [805 682]
 [804 684]
 [803 686]
 [803 688]
 [802 690]
 [802 693]
 [802 695]
 [803 697]
 [804 698]
 [805 699]
 [806 699]
 [807 699]
 [809 699]
 [810 698]]
Fuhrman 1, [[839 705]
 [839 705]
 [841 704]
 [842 702]
 [843 701]
 [844 698]
 [843 697]
 [842 694]
 [840 692]
 [838 690]
 [835 689]
 [833 689]
 [832 690]
 [831 691]
 [830 692]
 [829 693]
 [828 694]
 [828 695]
 [828 697]
 [829 700]
 [829 701]
 [830 703]
 [832 705]
 [833 706]
 [834 707]
 [835 707]
 [837 707]
 [838 706]
 [839 705]]
Fuhrman 1, [[700 700]
 [702 697]
 [703 695]
 [704 693]
 [706 692]
 [707 690]
 [707 686]
 [707 683]
 [706 681]
 [704 679]
 [702 677]
 [699 675]
 [697 674]
 [696 674]
 [695 674]
 [694 676]
 [694 679]
 [693 681]
 [692 683]
 [691 685]
 [690 688]
 [690 690]
 [689 693]
 [689 695]
 [688 696]
 [688 698]
 [689 700]
 [690 701]
 [692 702]
 [693 703]
 [694 703]
 [696 703]
 [697 702]
 [698 701]
 [700 700]]
Fuhrman 1, [[1539  963]
 [1540  961]
 [1542  960]
 [1542  958]
 [1543  957]
 [1543  954]
 [1542  951]
 [1540  948]
 [1539  946]
 [1537  945]
 [1535  944]
 [1532  943]
 [1530  943]
 [1528  943]
 [1526  944]
 [1524  945]
 [1523  947]
 [1522  949]
 [1522  951]
 [1522  954]
 [1522  956]
 [1523  958]
 [1524  960]
 [1526  962]
 [1528  963]
 [1530  964]
 [1532  965]
 [1534  965]
 [1536  965]
 [1537  964]
 [1539  963]]
