Fuhrman 1, [[714 279]
 [715 281]
 [717 283]
 [718 285]
 [720 286]
 [722 286]
 [727 284]
 [729 283]
 [731 281]
 [733 278]
 [735 275]
 [736 273]
 [736 270]
 [735 268]
 [732 265]
 [729 263]
 [726 262]
 [723 262]
 [721 262]
 [718 263]
 [716 264]
 [714 267]
 [713 269]
 [712 271]
 [712 273]
 [712 275]
 [713 277]
 [713 279]]
Fuhrman 1, [[761 348]
 [759 347]
 [758 345]
 [757 343]
 [755 343]
 [753 343]
 [751 343]
 [749 344]
 [747 345]
 [746 346]
 [746 347]
 [745 349]
 [745 350]
 [745 351]
 [746 354]
 [747 356]
 [748 358]
 [749 360]
 [750 361]
 [751 363]
 [753 364]
 [754 365]
 [756 365]
 [758 365]
 [760 363]
 [761 362]
 [763 361]
 [764 360]
 [764 358]
 [764 356]
 [764 354]
 [763 352]
 [763 351]
 [762 350]
 [761 349]
 [761 348]]
Fuhrman 1, [[723 516]
 [725 515]
 [726 514]
 [728 513]
 [729 512]
 [730 509]
 [729 505]
 [728 502]
 [725 499]
 [724 497]
 [722 497]
 [721 497]
 [718 497]
 [717 498]
 [715 500]
 [714 502]
 [712 504]
 [711 506]
 [711 508]
 [711 509]
 [711 512]
 [711 514]
 [711 515]
 [712 517]
 [714 518]
 [716 518]
 [718 518]
 [720 518]
 [722 517]
 [723 516]]
Fuhrman 1, [[630 917]
 [632 916]
 [635 915]
 [638 914]
 [640 911]
 [641 909]
 [641 906]
 [640 902]
 [638 900]
 [636 897]
 [632 895]
 [628 894]
 [624 893]
 [620 893]
 [617 894]
 [614 896]
 [611 897]
 [611 898]
 [609 899]
 [608 901]
 [608 904]
 [609 906]
 [610 907]
 [611 908]
 [613 911]
 [614 913]
 [617 916]
 [619 917]
 [622 918]
 [624 918]
 [627 918]
 [628 917]
 [630 917]]
Fuhrman 1, [[612 948]
 [614 947]
 [615 945]
 [616 943]
 [617 939]
 [617 935]
 [616 931]
 [615 928]
 [613 926]
 [610 925]
 [607 925]
 [604 925]
 [601 926]
 [599 927]
 [597 929]
 [595 931]
 [595 934]
 [594 936]
 [594 939]
 [595 941]
 [596 944]
 [597 945]
 [598 947]
 [600 949]
 [602 949]
 [604 950]
 [607 951]
 [610 951]
 [611 949]
 [612 948]]
Fuhrman 1, [[1139  511]
 [1141  510]
 [1142  508]
 [1143  506]
 [1144  504]
 [1144  500]
 [1143  497]
 [1142  494]
 [1139  492]
 [1138  490]
 [1135  489]
 [1132  488]
 [1130  488]
 [1127  489]
 [1125  490]
 [1124  491]
 [1123  493]
 [1122  495]
 [1122  497]
 [1123  500]
 [1124  502]
 [1125  505]
 [1127  506]
 [1129  508]
 [1131  509]
 [1133  510]
 [1135  511]
 [1136  511]
 [1137  511]
 [1139  511]]
Fuhrman 1, [[1362  567]
 [1365  566]
 [1367  565]
 [1369  563]
 [1370  561]
 [1371  561]
 [1372  560]
 [1373  558]
 [1373  553]
 [1372  549]
 [1370  546]
 [1368  544]
 [1365  542]
 [1363  541]
 [1360  542]
 [1357  542]
 [1355  543]
 [1354  545]
 [1352  547]
 [1352  549]
 [1351  553]
 [1351  556]
 [1351  559]
 [1351  561]
 [1352  564]
 [1352  566]
 [1354  568]
 [1355  568]
 [1358  568]
 [1360  567]
 [1362  567]]
Fuhrman 1, [[1119 1037]
 [1121 1035]
 [1122 1033]
 [1124 1030]
 [1125 1027]
 [1125 1024]
 [1124 1021]
 [1122 1019]
 [1120 1018]
 [1118 1017]
 [1116 1017]
 [1114 1018]
 [1113 1018]
 [1111 1018]
 [1109 1019]
 [1108 1021]
 [1108 1023]
 [1108 1025]
 [1107 1028]
 [1106 1030]
 [1106 1032]
 [1107 1034]
 [1109 1035]
 [1111 1037]
 [1113 1037]
 [1115 1037]
 [1117 1037]
 [1119 1037]]
Fuhrman 1, [[1164 1033]
 [1166 1032]
 [1168 1031]
 [1169 1029]
 [1169 1027]
 [1170 1025]
 [1170 1022]
 [1169 1019]
 [1168 1017]
 [1166 1015]
 [1164 1013]
 [1161 1013]
 [1159 1013]
 [1157 1014]
 [1155 1015]
 [1154 1017]
 [1153 1019]
 [1153 1022]
 [1153 1024]
 [1153 1026]
 [1154 1028]
 [1155 1030]
 [1156 1031]
 [1158 1032]
 [1160 1033]
 [1161 1033]
 [1163 1033]
 [1164 1033]]
Fuhrman 1, [[1194 1001]
 [1192 1000]
 [1191  999]
 [1190 1000]
 [1189 1002]
 [1189 1003]
 [1189 1005]
 [1188 1005]
 [1187 1007]
 [1187 1008]
 [1187 1010]
 [1187 1012]
 [1188 1014]
 [1189 1015]
 [1190 1016]
 [1191 1017]
 [1192 1018]
 [1193 1018]
 [1194 1019]
 [1196 1019]
 [1197 1019]
 [1199 1018]
 [1200 1017]
 [1201 1016]
 [1202 1014]
 [1203 1012]
 [1203 1011]
 [1203 1009]
 [1203 1008]
 [1201 1006]
 [1200 1005]
 [1198 1004]
 [1197 1003]
 [1195 1002]
 [1194 1001]]
Fuhrman 1, [[842 894]
 [845 891]
 [847 890]
 [849 887]
 [849 885]
 [847 882]
 [846 880]
 [844 878]
 [842 877]
 [840 876]
 [839 876]
 [836 877]
 [834 878]
 [833 880]
 [831 881]
 [828 883]
 [825 884]
 [823 885]
 [821 887]
 [819 889]
 [818 891]
 [818 893]
 [819 895]
 [820 898]
 [821 901]
 [823 902]
 [825 903]
 [827 903]
 [831 902]
 [833 900]
 [836 899]
 [839 897]
 [840 896]
 [843 894]]
Fuhrman 1, [[1291  839]
 [1293  839]
 [1295  838]
 [1296  837]
 [1296  835]
 [1296  833]
 [1295  831]
 [1293  829]
 [1293  827]
 [1292  825]
 [1290  824]
 [1289  823]
 [1287  822]
 [1286  821]
 [1285  821]
 [1284  822]
 [1282  823]
 [1281  825]
 [1280  827]
 [1279  829]
 [1278  830]
 [1278  832]
 [1278  834]
 [1278  837]
 [1279  838]
 [1280  839]
 [1281  840]
 [1283  840]
 [1286  839]
 [1289  839]
 [1291  839]]
Fuhrman 1, [[1154  654]
 [1155  652]
 [1156  650]
 [1157  648]
 [1157  645]
 [1157  641]
 [1156  639]
 [1154  637]
 [1151  636]
 [1149  636]
 [1147  636]
 [1145  636]
 [1144  637]
 [1143  637]
 [1142  639]
 [1141  641]
 [1141  643]
 [1141  646]
 [1142  648]
 [1143  650]
 [1145  651]
 [1147  652]
 [1149  653]
 [1150  654]
 [1152  654]
 [1153  654]]
Fuhrman 1, [[693 826]
 [696 823]
 [699 822]
 [700 820]
 [700 818]
 [699 816]
 [697 814]
 [695 812]
 [693 810]
 [690 808]
 [687 807]
 [684 806]
 [681 806]
 [679 807]
 [677 808]
 [676 810]
 [676 813]
 [676 816]
 [676 819]
 [677 822]
 [677 824]
 [678 826]
 [680 827]
 [682 828]
 [685 829]
 [688 828]
 [691 828]
 [692 827]
 [693 826]
 [693 826]]
Fuhrman 1, [[301 678]
 [303 677]
 [305 675]
 [306 672]
 [306 668]
 [306 665]
 [304 661]
 [301 658]
 [297 656]
 [294 655]
 [290 656]
 [287 657]
 [284 659]
 [282 662]
 [280 665]
 [280 668]
 [280 671]
 [280 673]
 [282 676]
 [284 678]
 [286 679]
 [289 680]
 [293 680]
 [296 679]
 [298 679]
 [301 678]]
Fuhrman 1, [[285 733]
 [285 733]
 [288 733]
 [290 733]
 [292 731]
 [294 729]
 [295 727]
 [296 726]
 [297 723]
 [296 720]
 [296 718]
 [295 716]
 [294 714]
 [291 712]
 [288 711]
 [285 711]
 [283 712]
 [281 714]
 [280 717]
 [280 719]
 [280 720]
 [279 721]
 [278 723]
 [278 725]
 [279 726]
 [280 727]
 [281 729]
 [281 730]
 [283 732]
 [284 733]
 [285 733]]
Fuhrman 1, [[405 563]
 [407 563]
 [408 562]
 [410 561]
 [411 559]
 [412 558]
 [412 556]
 [412 553]
 [411 549]
 [410 546]
 [408 545]
 [405 544]
 [403 544]
 [401 545]
 [399 546]
 [398 547]
 [396 548]
 [395 549]
 [394 550]
 [393 550]
 [392 552]
 [391 554]
 [391 555]
 [391 557]
 [392 558]
 [394 560]
 [396 561]
 [398 561]
 [400 562]
 [402 563]
 [403 563]
 [405 563]]
Fuhrman 1, [[1355  325]
 [1357  323]
 [1359  322]
 [1360  321]
 [1362  321]
 [1364  320]
 [1365  319]
 [1365  316]
 [1365  313]
 [1364  311]
 [1363  309]
 [1361  307]
 [1359  306]
 [1356  306]
 [1353  307]
 [1352  308]
 [1349  309]
 [1347  310]
 [1345  311]
 [1344  313]
 [1343  315]
 [1343  317]
 [1342  319]
 [1342  321]
 [1343  323]
 [1343  325]
 [1345  325]
 [1346  326]
 [1349  326]
 [1351  326]
 [1352  326]
 [1354  326]
 [1355  326]
 [1355  325]]
Fuhrman 1, [[1034  451]
 [1037  451]
 [1039  450]
 [1041  449]
 [1043  446]
 [1043  443]
 [1042  439]
 [1042  437]
 [1040  434]
 [1039  432]
 [1037  430]
 [1035  429]
 [1032  429]
 [1030  430]
 [1027  431]
 [1025  432]
 [1024  434]
 [1022  436]
 [1022  439]
 [1022  442]
 [1022  443]
 [1024  446]
 [1025  448]
 [1027  449]
 [1028  450]
 [1031  450]
 [1032  450]
 [1033  451]
 [1034  451]]
Fuhrman 1, [[551 988]
 [554 987]
 [554 987]
 [556 986]
 [558 984]
 [559 981]
 [559 978]
 [559 975]
 [558 972]
 [555 970]
 [553 967]
 [551 966]
 [549 965]
 [545 964]
 [543 964]
 [542 965]
 [541 967]
 [541 969]
 [542 971]
 [542 974]
 [543 977]
 [544 981]
 [544 982]
 [545 985]
 [546 987]
 [547 988]
 [549 988]
 [550 988]
 [551 988]]
