Fuhrman 1, [[364 287]
 [366 287]
 [369 285]
 [371 284]
 [373 282]
 [374 280]
 [374 278]
 [374 276]
 [374 273]
 [372 270]
 [371 269]
 [369 268]
 [364 266]
 [361 266]
 [359 266]
 [357 267]
 [356 269]
 [354 270]
 [353 270]
 [352 273]
 [352 275]
 [352 277]
 [353 279]
 [354 282]
 [355 284]
 [357 285]
 [358 286]
 [360 287]
 [362 287]
 [364 287]]
Fuhrman 1, [[245 235]
 [246 233]
 [248 232]
 [248 230]
 [249 227]
 [248 224]
 [246 222]
 [244 220]
 [241 219]
 [240 218]
 [237 217]
 [235 218]
 [232 219]
 [230 220]
 [229 222]
 [228 224]
 [228 226]
 [228 228]
 [228 229]
 [228 232]
 [230 233]
 [231 234]
 [233 236]
 [235 237]
 [236 237]
 [237 237]
 [240 237]
 [242 237]
 [243 236]
 [245 234]]
Fuhrman 1, [[775 265]
 [777 266]
 [779 266]
 [781 266]
 [782 267]
 [784 268]
 [785 268]
 [786 268]
 [788 268]
 [789 267]
 [790 266]
 [791 264]
 [791 262]
 [790 260]
 [789 256]
 [788 253]
 [787 252]
 [787 250]
 [786 248]
 [784 246]
 [781 245]
 [778 244]
 [775 245]
 [773 246]
 [771 249]
 [770 251]
 [770 253]
 [770 256]
 [770 258]
 [771 260]
 [772 261]
 [773 262]
 [775 265]]
Fuhrman 1, [[438 573]
 [440 573]
 [441 573]
 [443 571]
 [444 568]
 [446 567]
 [447 565]
 [448 563]
 [444 558]
 [443 555]
 [441 554]
 [439 554]
 [437 554]
 [434 554]
 [432 555]
 [431 556]
 [429 559]
 [428 561]
 [428 563]
 [428 566]
 [428 568]
 [430 570]
 [431 572]
 [432 573]
 [434 573]
 [435 573]
 [438 573]]
Fuhrman 1, [[271 580]
 [273 579]
 [275 578]
 [277 576]
 [279 573]
 [279 570]
 [279 566]
 [278 564]
 [277 561]
 [274 559]
 [272 557]
 [270 556]
 [267 556]
 [265 557]
 [262 558]
 [259 561]
 [258 563]
 [257 565]
 [257 568]
 [257 570]
 [258 573]
 [259 575]
 [261 577]
 [263 579]
 [265 579]
 [266 580]
 [268 580]
 [270 580]
 [271 580]]
Fuhrman 1, [[1123  125]
 [1126  127]
 [1130  127]
 [1133  126]
 [1135  125]
 [1138  123]
 [1140  120]
 [1141  117]
 [1142  117]
 [1143  114]
 [1143  111]
 [1144  108]
 [1146  105]
 [1147  103]
 [1147  100]
 [1146   98]
 [1143   97]
 [1141   96]
 [1138   96]
 [1135   97]
 [1132   98]
 [1130   99]
 [1127  101]
 [1125  102]
 [1124  105]
 [1122  107]
 [1123  108]
 [1123  109]
 [1122  111]
 [1122  113]
 [1121  115]
 [1121  118]
 [1121  121]
 [1122  123]
 [1123  125]]
Fuhrman 1, [[1198   72]
 [1200   71]
 [1202   69]
 [1203   67]
 [1202   62]
 [1200   57]
 [1199   53]
 [1196   50]
 [1195   47]
 [1193   46]
 [1190   45]
 [1187   45]
 [1184   45]
 [1182   45]
 [1181   47]
 [1181   49]
 [1181   51]
 [1182   54]
 [1182   57]
 [1183   60]
 [1184   62]
 [1185   64]
 [1187   67]
 [1189   69]
 [1190   70]
 [1192   71]
 [1193   72]
 [1195   73]
 [1196   73]
 [1197   73]
 [1198   72]]
Fuhrman 1, [[1337   87]
 [1339   86]
 [1341   84]
 [1343   82]
 [1344   81]
 [1345   79]
 [1346   76]
 [1345   73]
 [1343   69]
 [1340   64]
 [1338   61]
 [1336   59]
 [1334   59]
 [1331   59]
 [1329   59]
 [1328   61]
 [1327   62]
 [1325   64]
 [1322   65]
 [1322   67]
 [1321   69]
 [1321   71]
 [1322   74]
 [1323   76]
 [1325   80]
 [1327   83]
 [1329   84]
 [1331   86]
 [1332   87]
 [1334   87]
 [1337   87]]
Fuhrman 1, [[169 650]
 [170 650]
 [172 649]
 [175 647]
 [176 646]
 [177 643]
 [178 641]
 [178 636]
 [177 633]
 [176 631]
 [174 630]
 [172 628]
 [169 627]
 [166 627]
 [163 628]
 [161 629]
 [159 630]
 [156 633]
 [155 636]
 [155 638]
 [156 641]
 [158 644]
 [159 646]
 [160 647]
 [161 648]
 [164 648]
 [165 649]
 [167 650]
 [169 650]]
Fuhrman 1, [[449 694]
 [451 696]
 [453 697]
 [455 700]
 [457 701]
 [460 702]
 [461 702]
 [463 702]
 [465 700]
 [467 698]
 [469 696]
 [470 694]
 [470 690]
 [469 687]
 [467 684]
 [465 683]
 [462 681]
 [459 681]
 [457 681]
 [455 682]
 [452 684]
 [450 687]
 [449 690]
 [449 691]
 [448 694]]
Fuhrman 1, [[523 633]
 [525 633]
 [529 633]
 [530 632]
 [531 630]
 [531 627]
 [531 621]
 [530 618]
 [528 616]
 [526 614]
 [524 614]
 [522 614]
 [521 615]
 [520 615]
 [518 613]
 [516 613]
 [514 614]
 [512 616]
 [511 618]
 [511 620]
 [511 622]
 [512 624]
 [514 627]
 [515 627]
 [517 628]
 [518 630]
 [518 631]
 [520 632]
 [521 633]
 [522 633]
 [523 633]]
Fuhrman 1, [[581 714]
 [583 713]
 [585 712]
 [586 710]
 [587 708]
 [588 707]
 [589 704]
 [588 702]
 [587 699]
 [586 696]
 [585 695]
 [583 693]
 [581 691]
 [579 691]
 [576 691]
 [575 691]
 [573 692]
 [571 693]
 [570 696]
 [569 698]
 [569 701]
 [569 704]
 [570 707]
 [571 709]
 [572 711]
 [573 713]
 [575 713]
 [577 713]
 [579 713]
 [581 714]]
Fuhrman 1, [[351 953]
 [354 953]
 [356 953]
 [358 952]
 [360 950]
 [360 948]
 [361 946]
 [361 944]
 [361 942]
 [361 940]
 [361 937]
 [361 934]
 [360 932]
 [358 929]
 [354 928]
 [352 928]
 [349 929]
 [348 931]
 [347 932]
 [345 934]
 [343 935]
 [342 937]
 [341 939]
 [341 942]
 [341 945]
 [341 947]
 [342 948]
 [344 950]
 [346 952]
 [347 953]
 [351 953]]
Fuhrman 1, [[ 350 1066]
 [ 352 1065]
 [ 354 1063]
 [ 355 1062]
 [ 356 1060]
 [ 356 1058]
 [ 357 1057]
 [ 357 1054]
 [ 356 1052]
 [ 355 1051]
 [ 353 1051]
 [ 352 1051]
 [ 351 1049]
 [ 349 1048]
 [ 346 1047]
 [ 345 1048]
 [ 344 1049]
 [ 343 1049]
 [ 341 1049]
 [ 339 1050]
 [ 337 1051]
 [ 336 1052]
 [ 336 1054]
 [ 335 1056]
 [ 335 1058]
 [ 335 1060]
 [ 336 1063]
 [ 337 1064]
 [ 338 1066]
 [ 340 1067]
 [ 341 1068]
 [ 343 1068]
 [ 345 1068]
 [ 347 1069]
 [ 348 1068]
 [ 350 1067]
 [ 350 1066]]
Fuhrman 1, [[1182  956]
 [1184  955]
 [1187  954]
 [1189  952]
 [1189  948]
 [1189  945]
 [1188  942]
 [1186  939]
 [1184  937]
 [1181  936]
 [1179  935]
 [1175  934]
 [1171  935]
 [1168  938]
 [1167  939]
 [1167  942]
 [1167  945]
 [1168  948]
 [1169  951]
 [1171  953]
 [1172  954]
 [1174  955]
 [1176  956]
 [1178  956]
 [1179  956]
 [1182  956]]
Fuhrman 1, [[1199  940]
 [1200  942]
 [1201  943]
 [1203  943]
 [1205  943]
 [1207  941]
 [1208  940]
 [1210  937]
 [1212  935]
 [1212  931]
 [1212  926]
 [1212  923]
 [1211  920]
 [1209  918]
 [1208  917]
 [1205  916]
 [1203  917]
 [1201  918]
 [1200  920]
 [1199  922]
 [1198  924]
 [1197  927]
 [1197  929]
 [1197  931]
 [1197  934]
 [1197  936]
 [1198  937]
 [1199  940]]
Fuhrman 1, [[1387  818]
 [1389  818]
 [1391  817]
 [1392  815]
 [1392  812]
 [1392  809]
 [1391  807]
 [1390  805]
 [1387  803]
 [1385  801]
 [1383  800]
 [1382  798]
 [1380  797]
 [1379  797]
 [1378  798]
 [1376  799]
 [1376  802]
 [1375  805]
 [1376  808]
 [1376  810]
 [1377  813]
 [1378  815]
 [1380  816]
 [1381  817]
 [1383  818]
 [1384  818]
 [1386  819]
 [1387  818]]
Fuhrman 1, [[1576  513]
 [1578  513]
 [1582  513]
 [1584  512]
 [1585  510]
 [1586  507]
 [1586  505]
 [1586  501]
 [1585  499]
 [1584  497]
 [1582  496]
 [1579  496]
 [1577  497]
 [1573  496]
 [1570  496]
 [1568  496]
 [1565  498]
 [1564  499]
 [1563  501]
 [1563  503]
 [1563  506]
 [1564  507]
 [1566  508]
 [1567  509]
 [1569  510]
 [1570  512]
 [1570  513]
 [1572  513]
 [1574  513]
 [1576  513]]
Fuhrman 1, [[1399  887]
 [1403  888]
 [1407  888]
 [1410  888]
 [1413  888]
 [1415  887]
 [1417  885]
 [1418  884]
 [1419  880]
 [1420  877]
 [1419  874]
 [1418  872]
 [1415  870]
 [1413  869]
 [1411  868]
 [1407  868]
 [1404  868]
 [1401  868]
 [1399  868]
 [1396  870]
 [1395  871]
 [1394  873]
 [1393  876]
 [1393  878]
 [1393  881]
 [1395  883]
 [1395  885]
 [1397  886]
 [1399  887]]
Fuhrman 1, [[1603  239]
 [1605  240]
 [1607  241]
 [1609  243]
 [1611  244]
 [1613  244]
 [1615  244]
 [1617  242]
 [1618  241]
 [1619  239]
 [1618  235]
 [1617  231]
 [1615  229]
 [1614  225]
 [1613  222]
 [1610  220]
 [1607  219]
 [1605  218]
 [1601  219]
 [1599  220]
 [1597  220]
 [1595  222]
 [1594  224]
 [1595  226]
 [1596  229]
 [1597  231]
 [1599  232]
 [1600  235]
 [1601  236]
 [1603  238]]
