Fuhrman 1, [[414 193]
 [415 192]
 [418 192]
 [419 191]
 [420 190]
 [421 188]
 [422 185]
 [422 182]
 [420 178]
 [419 176]
 [416 172]
 [414 171]
 [411 170]
 [409 169]
 [406 170]
 [404 171]
 [402 173]
 [401 175]
 [401 177]
 [401 179]
 [402 182]
 [402 185]
 [403 187]
 [405 189]
 [406 190]
 [408 192]
 [410 192]
 [411 193]
 [413 193]
 [414 193]]
Fuhrman 1, [[320 394]
 [322 392]
 [324 391]
 [327 389]
 [328 389]
 [330 386]
 [331 385]
 [331 383]
 [332 381]
 [332 379]
 [331 377]
 [329 376]
 [327 375]
 [324 375]
 [322 375]
 [320 376]
 [318 376]
 [316 377]
 [314 378]
 [313 380]
 [313 381]
 [313 383]
 [313 385]
 [313 387]
 [313 388]
 [314 389]
 [315 391]
 [315 393]
 [316 394]
 [317 394]
 [318 394]
 [320 394]
 [320 394]]
Fuhrman 1, [[487 404]
 [489 402]
 [491 401]
 [492 399]
 [492 397]
 [492 394]
 [490 391]
 [488 388]
 [485 386]
 [483 385]
 [480 385]
 [480 385]
 [480 385]
 [478 385]
 [476 384]
 [474 385]
 [471 386]
 [469 388]
 [468 390]
 [468 391]
 [467 393]
 [468 395]
 [468 396]
 [469 397]
 [471 398]
 [473 399]
 [474 400]
 [475 401]
 [477 403]
 [479 404]
 [481 404]
 [483 405]
 [484 405]
 [486 404]
 [488 404]]
Fuhrman 1, [[662 462]
 [665 460]
 [667 458]
 [667 458]
 [668 456]
 [670 455]
 [672 453]
 [673 452]
 [674 451]
 [674 449]
 [674 447]
 [673 445]
 [672 442]
 [670 441]
 [669 440]
 [666 440]
 [663 441]
 [661 443]
 [659 445]
 [656 446]
 [654 447]
 [652 449]
 [651 451]
 [651 453]
 [651 455]
 [651 456]
 [651 458]
 [652 459]
 [652 461]
 [653 462]
 [654 463]
 [656 464]
 [657 465]
 [659 465]
 [661 464]
 [662 463]
 [663 462]]
Fuhrman 1, [[524 904]
 [527 902]
 [529 901]
 [530 898]
 [530 896]
 [531 893]
 [530 889]
 [529 887]
 [527 884]
 [524 882]
 [522 882]
 [519 882]
 [517 882]
 [515 883]
 [513 884]
 [511 886]
 [510 888]
 [509 890]
 [508 893]
 [508 895]
 [508 897]
 [509 899]
 [510 901]
 [511 903]
 [513 904]
 [515 905]
 [518 905]
 [520 905]
 [522 905]
 [524 904]]
Fuhrman 1, [[931 404]
 [933 403]
 [934 402]
 [935 400]
 [934 397]
 [932 394]
 [930 391]
 [928 388]
 [925 385]
 [923 384]
 [920 384]
 [918 384]
 [916 385]
 [915 386]
 [914 388]
 [913 389]
 [913 391]
 [913 393]
 [913 395]
 [914 397]
 [916 399]
 [917 402]
 [918 403]
 [920 404]
 [921 406]
 [923 407]
 [925 407]
 [926 407]
 [928 406]
 [930 405]
 [931 404]]
Fuhrman 1, [[1126  421]
 [1128  423]
 [1130  424]
 [1131  425]
 [1133  426]
 [1135  426]
 [1136  425]
 [1138  425]
 [1139  423]
 [1140  420]
 [1142  417]
 [1143  415]
 [1143  411]
 [1143  408]
 [1142  406]
 [1140  404]
 [1138  403]
 [1136  402]
 [1134  402]
 [1131  402]
 [1129  403]
 [1127  404]
 [1125  405]
 [1123  408]
 [1122  410]
 [1122  413]
 [1122  415]
 [1123  417]
 [1124  418]
 [1125  419]
 [1126  421]]
Fuhrman 1, [[1188  436]
 [1190  435]
 [1193  435]
 [1194  434]
 [1196  433]
 [1198  431]
 [1198  429]
 [1199  427]
 [1199  425]
 [1199  423]
 [1198  421]
 [1197  419]
 [1195  416]
 [1194  414]
 [1191  414]
 [1189  413]
 [1187  413]
 [1184  413]
 [1182  414]
 [1180  415]
 [1179  417]
 [1177  419]
 [1176  421]
 [1176  423]
 [1176  425]
 [1177  427]
 [1178  429]
 [1179  431]
 [1180  433]
 [1181  434]
 [1183  435]
 [1185  435]
 [1186  436]
 [1188  436]]
Fuhrman 1, [[1187  125]
 [1189  123]
 [1190  121]
 [1191  119]
 [1191  116]
 [1190  114]
 [1188  111]
 [1187  109]
 [1183  106]
 [1182  105]
 [1180  105]
 [1176  104]
 [1174  105]
 [1171  105]
 [1169  106]
 [1167  109]
 [1166  112]
 [1166  114]
 [1166  116]
 [1167  119]
 [1168  121]
 [1170  122]
 [1172  123]
 [1174  124]
 [1177  125]
 [1181  126]
 [1183  126]
 [1186  126]
 [1187  125]]
Fuhrman 1, [[1372  450]
 [1375  448]
 [1378  444]
 [1379  441]
 [1379  437]
 [1378  434]
 [1376  432]
 [1374  430]
 [1372  429]
 [1369  429]
 [1366  429]
 [1364  428]
 [1362  429]
 [1360  429]
 [1358  432]
 [1357  433]
 [1356  435]
 [1356  437]
 [1356  439]
 [1357  441]
 [1357  442]
 [1358  443]
 [1359  444]
 [1359  446]
 [1360  447]
 [1361  448]
 [1362  448]
 [1363  448]
 [1365  449]
 [1367  450]
 [1368  450]
 [1369  451]
 [1371  450]
 [1372  450]]
Fuhrman 1, [[1277  584]
 [1278  582]
 [1280  580]
 [1281  578]
 [1283  576]
 [1283  574]
 [1283  573]
 [1282  572]
 [1280  571]
 [1278  570]
 [1277  569]
 [1275  567]
 [1274  567]
 [1273  566]
 [1272  564]
 [1270  563]
 [1268  562]
 [1266  562]
 [1264  562]
 [1263  563]
 [1262  564]
 [1261  565]
 [1260  567]
 [1260  570]
 [1260  572]
 [1260  574]
 [1261  576]
 [1261  577]
 [1262  579]
 [1263  581]
 [1265  582]
 [1266  583]
 [1268  584]
 [1269  584]
 [1270  585]
 [1272  586]
 [1274  586]
 [1275  585]
 [1276  584]
 [1277  583]]
Fuhrman 1, [[1505  927]
 [1507  927]
 [1510  927]
 [1512  926]
 [1514  924]
 [1515  923]
 [1516  921]
 [1515  918]
 [1513  916]
 [1512  914]
 [1509  913]
 [1506  913]
 [1503  913]
 [1502  913]
 [1499  913]
 [1496  913]
 [1493  913]
 [1490  914]
 [1488  916]
 [1486  918]
 [1485  920]
 [1484  922]
 [1484  923]
 [1485  924]
 [1486  924]
 [1487  925]
 [1489  927]
 [1490  928]
 [1492  928]
 [1495  928]
 [1498  928]
 [1501  928]
 [1503  927]
 [1505  927]]
Fuhrman 1, [[1701  823]
 [1703  824]
 [1704  823]
 [1707  821]
 [1710  818]
 [1712  816]
 [1714  813]
 [1715  810]
 [1715  808]
 [1714  805]
 [1711  803]
 [1708  800]
 [1706  798]
 [1703  798]
 [1701  798]
 [1699  799]
 [1697  800]
 [1695  801]
 [1694  802]
 [1694  804]
 [1694  806]
 [1693  808]
 [1692  809]
 [1691  810]
 [1690  812]
 [1689  814]
 [1689  815]
 [1690  816]
 [1691  818]
 [1692  819]
 [1693  820]
 [1695  821]
 [1697  822]
 [1699  822]
 [1700  823]
 [1701  823]]
Fuhrman 1, [[1460  457]
 [1462  456]
 [1464  455]
 [1465  453]
 [1465  451]
 [1465  448]
 [1465  444]
 [1465  441]
 [1463  439]
 [1462  438]
 [1460  436]
 [1458  435]
 [1455  435]
 [1453  435]
 [1451  436]
 [1449  438]
 [1448  440]
 [1448  442]
 [1447  445]
 [1448  448]
 [1448  450]
 [1448  452]
 [1449  454]
 [1450  456]
 [1452  457]
 [1453  458]
 [1454  458]
 [1456  458]
 [1458  458]
 [1460  457]]
Fuhrman 1, [[1559  633]
 [1561  634]
 [1563  636]
 [1566  636]
 [1568  636]
 [1570  635]
 [1573  633]
 [1574  631]
 [1575  628]
 [1575  626]
 [1575  624]
 [1575  621]
 [1573  619]
 [1571  618]
 [1568  617]
 [1565  615]
 [1562  615]
 [1559  616]
 [1557  617]
 [1556  620]
 [1555  623]
 [1555  625]
 [1555  627]
 [1556  629]
 [1556  631]
 [1558  632]
 [1559  633]]
Fuhrman 1, [[1607  731]
 [1611  730]
 [1613  729]
 [1615  727]
 [1617  725]
 [1617  722]
 [1617  719]
 [1616  717]
 [1614  714]
 [1612  713]
 [1609  713]
 [1608  712]
 [1607  711]
 [1604  711]
 [1603  712]
 [1601  712]
 [1599  711]
 [1597  711]
 [1596  712]
 [1594  713]
 [1594  714]
 [1594  717]
 [1594  719]
 [1594  721]
 [1594  723]
 [1595  725]
 [1596  727]
 [1597  728]
 [1599  729]
 [1600  730]
 [1601  731]
 [1603  732]
 [1604  732]
 [1606  731]
 [1607  731]]
Fuhrman 1, [[1351 1018]
 [1353 1017]
 [1356 1016]
 [1358 1013]
 [1359 1011]
 [1359 1009]
 [1359 1006]
 [1358 1003]
 [1355  999]
 [1353  997]
 [1351  996]
 [1347  995]
 [1344  995]
 [1341  996]
 [1339  997]
 [1336 1000]
 [1334 1003]
 [1334 1006]
 [1334 1008]
 [1335 1010]
 [1336 1013]
 [1338 1015]
 [1340 1016]
 [1341 1017]
 [1343 1018]
 [1344 1018]
 [1346 1018]
 [1348 1018]
 [1350 1018]
 [1351 1018]]
Fuhrman 1, [[1480 1009]
 [1482 1007]
 [1484 1006]
 [1485 1004]
 [1487 1003]
 [1488 1000]
 [1488  997]
 [1488  995]
 [1487  993]
 [1485  990]
 [1482  988]
 [1480  988]
 [1477  988]
 [1474  988]
 [1472  989]
 [1470  990]
 [1468  991]
 [1466  993]
 [1466  996]
 [1466  998]
 [1466 1000]
 [1467 1002]
 [1468 1005]
 [1470 1007]
 [1471 1008]
 [1473 1009]
 [1474 1009]
 [1476 1009]
 [1478 1009]
 [1480 1009]]
Fuhrman 1, [[1846  551]
 [1848  550]
 [1851  549]
 [1853  546]
 [1854  543]
 [1853  540]
 [1851  537]
 [1849  535]
 [1845  533]
 [1842  532]
 [1839  532]
 [1836  532]
 [1833  532]
 [1832  533]
 [1831  536]
 [1830  538]
 [1830  541]
 [1831  543]
 [1832  546]
 [1833  547]
 [1834  549]
 [1835  550]
 [1837  550]
 [1840  550]
 [1842  551]
 [1845  551]
 [1846  551]]
Fuhrman 1, [[1269  725]
 [1271  725]
 [1274  724]
 [1276  723]
 [1278  722]
 [1279  721]
 [1281  719]
 [1281  717]
 [1281  714]
 [1281  711]
 [1280  709]
 [1279  707]
 [1276  705]
 [1274  704]
 [1272  703]
 [1269  703]
 [1266  704]
 [1264  705]
 [1262  707]
 [1261  709]
 [1260  711]
 [1259  712]
 [1259  715]
 [1259  715]
 [1260  717]
 [1260  719]
 [1262  720]
 [1263  721]
 [1264  722]
 [1265  723]
 [1266  724]
 [1267  725]
 [1269  725]]
