Fuhrman 1, [[ 79 329]
 [ 81 327]
 [ 83 325]
 [ 86 323]
 [ 87 321]
 [ 88 318]
 [ 88 316]
 [ 87 312]
 [ 86 310]
 [ 83 308]
 [ 79 307]
 [ 76 305]
 [ 73 305]
 [ 69 305]
 [ 66 309]
 [ 64 310]
 [ 62 313]
 [ 61 316]
 [ 61 319]
 [ 63 322]
 [ 64 324]
 [ 66 325]
 [ 68 327]
 [ 70 328]
 [ 73 329]
 [ 76 329]
 [ 79 329]]
Fuhrman 1, [[ 70 698]
 [ 73 696]
 [ 75 694]
 [ 77 691]
 [ 77 689]
 [ 78 685]
 [ 77 682]
 [ 75 679]
 [ 73 677]
 [ 71 676]
 [ 68 675]
 [ 65 675]
 [ 63 675]
 [ 60 677]
 [ 58 679]
 [ 56 681]
 [ 55 684]
 [ 54 686]
 [ 55 688]
 [ 56 690]
 [ 57 693]
 [ 58 695]
 [ 59 697]
 [ 62 698]
 [ 63 699]
 [ 65 699]
 [ 68 699]
 [ 70 698]]
Fuhrman 1, [[121 764]
 [124 762]
 [126 759]
 [127 755]
 [127 752]
 [127 748]
 [126 746]
 [124 743]
 [122 741]
 [118 741]
 [114 740]
 [111 741]
 [107 745]
 [106 748]
 [104 751]
 [103 756]
 [103 759]
 [104 763]
 [104 765]
 [106 767]
 [108 768]
 [110 768]
 [113 768]
 [115 767]
 [118 766]
 [121 764]]
Fuhrman 1, [[715 155]
 [718 153]
 [720 151]
 [722 151]
 [723 149]
 [723 147]
 [723 144]
 [721 141]
 [718 138]
 [716 137]
 [712 136]
 [708 136]
 [704 136]
 [702 137]
 [699 139]
 [697 141]
 [695 144]
 [694 147]
 [694 149]
 [694 152]
 [696 154]
 [698 156]
 [700 156]
 [704 157]
 [707 157]
 [711 156]
 [715 155]]
Fuhrman 1, [[1051  713]
 [1048  711]
 [1044  709]
 [1040  708]
 [1036  709]
 [1033  710]
 [1031  711]
 [1029  713]
 [1028  716]
 [1027  719]
 [1027  723]
 [1027  727]
 [1029  730]
 [1030  731]
 [1034  733]
 [1036  734]
 [1040  734]
 [1042  734]
 [1046  733]
 [1048  730]
 [1050  729]
 [1052  726]
 [1053  724]
 [1053  721]
 [1053  719]
 [1052  717]
 [1051  713]]
Fuhrman 1, [[1181  645]
 [1182  643]
 [1184  642]
 [1185  639]
 [1186  636]
 [1186  633]
 [1186  630]
 [1184  627]
 [1182  625]
 [1180  623]
 [1178  622]
 [1175  622]
 [1173  624]
 [1170  627]
 [1167  630]
 [1166  633]
 [1164  635]
 [1163  638]
 [1162  640]
 [1162  642]
 [1164  643]
 [1165  645]
 [1168  646]
 [1169  647]
 [1172  648]
 [1174  648]
 [1176  648]
 [1177  647]
 [1179  646]
 [1181  645]]
Fuhrman 1, [[1303  965]
 [1304  960]
 [1302  957]
 [1298  954]
 [1294  952]
 [1290  950]
 [1286  948]
 [1281  948]
 [1277  948]
 [1273  950]
 [1271  952]
 [1269  956]
 [1270  958]
 [1270  960]
 [1270  962]
 [1271  963]
 [1271  964]
 [1274  966]
 [1277  967]
 [1281  968]
 [1284  968]
 [1288  969]
 [1291  970]
 [1295  970]
 [1298  970]
 [1300  969]
 [1302  968]
 [1303  966]
 [1303  965]]
Fuhrman 1, [[1548  177]
 [1549  175]
 [1549  171]
 [1548  168]
 [1546  165]
 [1544  163]
 [1542  162]
 [1539  162]
 [1537  163]
 [1534  165]
 [1531  167]
 [1529  170]
 [1529  173]
 [1528  176]
 [1528  180]
 [1529  183]
 [1529  186]
 [1531  187]
 [1533  187]
 [1535  187]
 [1537  187]
 [1540  187]
 [1542  186]
 [1544  184]
 [1546  183]
 [1547  182]
 [1548  180]
 [1549  177]]
Fuhrman 1, [[1125 1077]
 [1127 1075]
 [1128 1073]
 [1128 1071]
 [1129 1067]
 [1129 1066]
 [1128 1064]
 [1128 1063]
 [1126 1061]
 [1123 1060]
 [1119 1060]
 [1117 1060]
 [1114 1060]
 [1112 1062]
 [1110 1062]
 [1108 1063]
 [1105 1066]
 [1104 1068]
 [1104 1069]
 [1103 1071]
 [1103 1073]
 [1103 1074]
 [1104 1075]
 [1105 1077]
 [1106 1078]
 [1107 1079]
 [1109 1080]
 [1111 1081]
 [1112 1081]
 [1114 1081]
 [1117 1081]
 [1119 1080]
 [1122 1079]
 [1124 1078]
 [1125 1077]
 [1125 1077]]
Fuhrman 1, [[892 960]
 [894 958]
 [895 957]
 [896 955]
 [897 953]
 [897 949]
 [896 946]
 [894 943]
 [892 941]
 [890 940]
 [888 939]
 [886 937]
 [884 936]
 [881 936]
 [879 935]
 [878 935]
 [877 937]
 [875 938]
 [874 940]
 [873 942]
 [872 945]
 [872 949]
 [873 953]
 [875 956]
 [877 958]
 [879 959]
 [881 960]
 [883 960]
 [886 960]
 [888 961]
 [890 960]
 [892 960]]
Fuhrman 1, [[1020  910]
 [1021  909]
 [1022  906]
 [1023  902]
 [1023  899]
 [1022  896]
 [1021  894]
 [1016  890]
 [1014  889]
 [1010  889]
 [1007  889]
 [1003  889]
 [1000  892]
 [ 999  893]
 [ 997  895]
 [ 996  897]
 [ 995  899]
 [ 995  902]
 [ 995  904]
 [ 996  908]
 [ 998  910]
 [1000  911]
 [1002  914]
 [1004  915]
 [1007  916]
 [1010  916]
 [1012  915]
 [1015  915]
 [1018  913]
 [1019  911]
 [1020  910]]
Fuhrman 1, [[223 680]
 [227 679]
 [229 677]
 [231 675]
 [232 673]
 [233 670]
 [233 667]
 [232 664]
 [229 661]
 [227 659]
 [224 657]
 [221 656]
 [218 655]
 [214 655]
 [212 655]
 [209 656]
 [208 658]
 [207 660]
 [206 663]
 [206 666]
 [206 669]
 [207 672]
 [208 675]
 [210 677]
 [212 678]
 [214 679]
 [217 680]
 [220 680]
 [224 680]]
Fuhrman 1, [[1582  666]
 [1584  664]
 [1585  663]
 [1585  661]
 [1584  658]
 [1582  655]
 [1580  652]
 [1576  650]
 [1573  648]
 [1570  646]
 [1567  646]
 [1565  646]
 [1562  646]
 [1561  647]
 [1559  648]
 [1558  650]
 [1557  653]
 [1558  655]
 [1559  658]
 [1561  661]
 [1563  664]
 [1565  666]
 [1568  668]
 [1571  668]
 [1573  668]
 [1576  668]
 [1578  668]
 [1580  667]
 [1582  666]]
Fuhrman 1, [[ 788 1075]
 [ 790 1073]
 [ 791 1070]
 [ 792 1068]
 [ 791 1065]
 [ 790 1062]
 [ 787 1059]
 [ 785 1057]
 [ 783 1056]
 [ 781 1055]
 [ 778 1054]
 [ 775 1054]
 [ 772 1056]
 [ 771 1058]
 [ 769 1061]
 [ 769 1064]
 [ 769 1069]
 [ 769 1072]
 [ 770 1076]
 [ 772 1078]
 [ 775 1080]
 [ 776 1080]
 [ 779 1080]
 [ 782 1079]
 [ 784 1077]
 [ 786 1076]
 [ 788 1074]]
Fuhrman 1, [[324 784]
 [325 781]
 [324 778]
 [322 776]
 [321 773]
 [319 772]
 [316 771]
 [315 770]
 [310 769]
 [306 769]
 [304 770]
 [299 771]
 [298 773]
 [295 777]
 [294 780]
 [294 783]
 [295 786]
 [298 789]
 [301 792]
 [305 794]
 [308 795]
 [310 796]
 [313 796]
 [316 795]
 [319 794]
 [324 791]
 [325 789]
 [325 787]
 [325 785]
 [324 784]]
Fuhrman 1, [[456 513]
 [457 510]
 [457 508]
 [457 504]
 [456 500]
 [455 497]
 [453 494]
 [451 492]
 [448 491]
 [445 490]
 [442 491]
 [440 491]
 [437 493]
 [435 495]
 [434 497]
 [433 500]
 [432 502]
 [433 504]
 [433 507]
 [435 510]
 [436 514]
 [439 517]
 [442 518]
 [444 518]
 [447 518]
 [450 518]
 [451 517]
 [454 516]
 [455 514]
 [456 513]]
Fuhrman 1, [[936 650]
 [937 648]
 [937 645]
 [936 641]
 [934 638]
 [932 635]
 [930 634]
 [927 633]
 [922 633]
 [919 635]
 [917 637]
 [916 639]
 [916 642]
 [916 645]
 [917 648]
 [918 650]
 [921 652]
 [923 654]
 [925 655]
 [927 655]
 [930 655]
 [932 654]
 [934 653]
 [935 651]
 [936 650]]
Fuhrman 1, [[1379  199]
 [1379  197]
 [1380  196]
 [1381  194]
 [1382  191]
 [1381  188]
 [1379  186]
 [1377  184]
 [1374  183]
 [1370  183]
 [1368  183]
 [1365  185]
 [1364  186]
 [1362  189]
 [1361  193]
 [1361  196]
 [1362  198]
 [1363  200]
 [1365  201]
 [1367  203]
 [1368  204]
 [1369  204]
 [1371  203]
 [1373  203]
 [1375  202]
 [1376  201]
 [1377  200]
 [1379  199]]
Fuhrman 1, [[1455  890]
 [1456  887]
 [1456  882]
 [1456  878]
 [1455  875]
 [1454  872]
 [1451  870]
 [1449  869]
 [1446  868]
 [1443  869]
 [1442  872]
 [1441  874]
 [1440  879]
 [1439  882]
 [1439  885]
 [1439  886]
 [1440  890]
 [1440  892]
 [1442  895]
 [1443  897]
 [1445  898]
 [1446  898]
 [1449  898]
 [1451  897]
 [1453  896]
 [1454  894]
 [1455  892]
 [1455  890]]
Fuhrman 1, [[1191  747]
 [1192  744]
 [1193  739]
 [1194  735]
 [1194  730]
 [1194  725]
 [1192  722]
 [1190  720]
 [1187  718]
 [1184  718]
 [1181  720]
 [1178  722]
 [1175  726]
 [1173  730]
 [1172  734]
 [1172  737]
 [1171  742]
 [1172  746]
 [1172  750]
 [1173  752]
 [1175  755]
 [1177  756]
 [1179  757]
 [1181  757]
 [1183  756]
 [1186  755]
 [1187  752]
 [1189  750]
 [1190  748]
 [1191  746]]
