Fuhrman 1, [[ 79 188]
 [ 82 186]
 [ 83 183]
 [ 82 176]
 [ 80 172]
 [ 76 170]
 [ 73 168]
 [ 68 168]
 [ 64 170]
 [ 61 171]
 [ 59 175]
 [ 59 178]
 [ 59 181]
 [ 59 184]
 [ 60 186]
 [ 62 189]
 [ 64 191]
 [ 67 192]
 [ 69 192]
 [ 72 192]
 [ 77 191]
 [ 78 190]
 [ 79 188]]
Fuhrman 1, [[424 482]
 [426 478]
 [426 474]
 [425 471]
 [424 467]
 [422 463]
 [419 460]
 [413 458]
 [409 457]
 [407 457]
 [404 459]
 [402 462]
 [401 465]
 [400 468]
 [401 474]
 [403 478]
 [404 479]
 [406 481]
 [407 484]
 [409 485]
 [410 486]
 [414 486]
 [416 486]
 [420 485]
 [422 484]
 [424 482]]
Fuhrman 1, [[230 758]
 [232 756]
 [233 753]
 [234 751]
 [233 748]
 [232 745]
 [230 745]
 [227 744]
 [223 744]
 [220 745]
 [218 747]
 [215 749]
 [214 751]
 [212 754]
 [210 756]
 [210 759]
 [210 760]
 [210 762]
 [211 765]
 [212 766]
 [214 767]
 [216 767]
 [219 767]
 [222 765]
 [225 763]
 [227 762]
 [229 760]
 [230 758]]
Fuhrman 1, [[509 346]
 [512 343]
 [514 340]
 [514 337]
 [514 334]
 [512 330]
 [509 327]
 [505 326]
 [500 326]
 [496 328]
 [493 331]
 [491 334]
 [491 337]
 [490 343]
 [491 346]
 [493 349]
 [495 349]
 [498 350]
 [501 350]
 [503 349]
 [508 347]
 [509 346]]
Fuhrman 1, [[580 682]
 [580 679]
 [579 675]
 [578 672]
 [575 669]
 [572 666]
 [570 665]
 [568 666]
 [565 668]
 [562 670]
 [560 672]
 [559 675]
 [558 678]
 [558 681]
 [559 684]
 [560 687]
 [562 689]
 [564 691]
 [566 692]
 [567 693]
 [570 693]
 [572 692]
 [574 691]
 [576 689]
 [578 687]
 [579 685]
 [580 682]]
Fuhrman 1, [[815 240]
 [816 237]
 [816 233]
 [816 229]
 [813 224]
 [808 221]
 [804 220]
 [801 220]
 [798 221]
 [794 224]
 [792 226]
 [792 230]
 [792 234]
 [792 238]
 [794 240]
 [796 243]
 [798 244]
 [801 245]
 [803 246]
 [806 246]
 [809 245]
 [811 243]
 [813 242]
 [815 240]]
Fuhrman 1, [[723 888]
 [724 885]
 [723 882]
 [721 879]
 [718 875]
 [715 874]
 [712 874]
 [709 874]
 [706 875]
 [704 879]
 [704 882]
 [704 886]
 [704 889]
 [707 893]
 [708 895]
 [710 896]
 [712 897]
 [714 896]
 [717 896]
 [720 895]
 [722 893]
 [722 891]
 [723 888]]
Fuhrman 1, [[1218   64]
 [1219   61]
 [1217   54]
 [1214   50]
 [1210   48]
 [1206   46]
 [1204   46]
 [1201   48]
 [1199   51]
 [1197   56]
 [1197   59]
 [1197   63]
 [1197   66]
 [1199   69]
 [1202   71]
 [1205   72]
 [1208   72]
 [1213   71]
 [1216   69]
 [1217   66]
 [1218   64]]
Fuhrman 1, [[1461  334]
 [1461  329]
 [1459  326]
 [1457  323]
 [1452  320]
 [1449  319]
 [1446  319]
 [1443  320]
 [1440  322]
 [1438  325]
 [1437  327]
 [1436  331]
 [1435  335]
 [1436  338]
 [1437  341]
 [1439  342]
 [1441  343]
 [1444  344]
 [1446  344]
 [1450  344]
 [1453  343]
 [1456  342]
 [1458  339]
 [1460  337]]
Fuhrman 1, [[1458  376]
 [1458  376]
 [1461  374]
 [1461  372]
 [1461  370]
 [1459  367]
 [1455  365]
 [1453  364]
 [1448  365]
 [1444  367]
 [1441  368]
 [1438  372]
 [1437  374]
 [1438  377]
 [1439  379]
 [1441  381]
 [1443  383]
 [1445  384]
 [1448  383]
 [1453  382]
 [1455  380]
 [1456  379]
 [1458  376]]
Fuhrman 1, [[1489  631]
 [1489  628]
 [1489  625]
 [1487  621]
 [1484  618]
 [1481  616]
 [1478  615]
 [1474  615]
 [1471  617]
 [1469  621]
 [1468  624]
 [1468  626]
 [1468  629]
 [1470  633]
 [1471  635]
 [1473  636]
 [1475  638]
 [1477  638]
 [1480  638]
 [1482  638]
 [1484  637]
 [1487  635]
 [1488  633]
 [1489  631]]
Fuhrman 1, [[1744   55]
 [1747   53]
 [1751   51]
 [1754   48]
 [1755   44]
 [1754   40]
 [1753   37]
 [1748   32]
 [1743   31]
 [1738   32]
 [1734   32]
 [1731   33]
 [1728   35]
 [1726   40]
 [1725   43]
 [1726   47]
 [1727   49]
 [1728   51]
 [1730   53]
 [1733   54]
 [1735   55]
 [1738   56]
 [1742   55]
 [1744   55]]
Fuhrman 1, [[1735  151]
 [1738  149]
 [1740  148]
 [1741  146]
 [1742  143]
 [1742  140]
 [1741  138]
 [1740  136]
 [1737  135]
 [1734  134]
 [1729  134]
 [1726  135]
 [1721  136]
 [1718  139]
 [1715  142]
 [1714  146]
 [1714  148]
 [1715  151]
 [1716  152]
 [1717  154]
 [1719  155]
 [1722  155]
 [1725  155]
 [1728  154]
 [1731  153]
 [1734  151]
 [1735  151]]
Fuhrman 1, [[1916  123]
 [1918  121]
 [1919  118]
 [1919  115]
 [1918  111]
 [1915  106]
 [1912  104]
 [1910  102]
 [1907  101]
 [1903  102]
 [1902  102]
 [1899  104]
 [1894  110]
 [1893  115]
 [1893  118]
 [1894  121]
 [1895  123]
 [1897  126]
 [1899  128]
 [1900  129]
 [1902  129]
 [1904  129]
 [1906  129]
 [1907  129]
 [1910  128]
 [1912  127]
 [1914  125]
 [1916  123]]
Fuhrman 1, [[506 894]
 [508 892]
 [509 889]
 [508 886]
 [507 882]
 [504 878]
 [500 874]
 [498 873]
 [495 873]
 [490 874]
 [488 878]
 [487 881]
 [487 885]
 [487 888]
 [487 891]
 [489 894]
 [490 897]
 [493 899]
 [495 900]
 [497 901]
 [501 900]
 [503 899]
 [504 897]
 [505 896]
 [506 894]]
Fuhrman 1, [[ 459 1049]
 [ 461 1048]
 [ 463 1046]
 [ 464 1043]
 [ 465 1041]
 [ 465 1038]
 [ 465 1036]
 [ 463 1033]
 [ 461 1031]
 [ 457 1028]
 [ 454 1026]
 [ 450 1026]
 [ 448 1027]
 [ 445 1028]
 [ 442 1030]
 [ 440 1034]
 [ 439 1036]
 [ 439 1039]
 [ 439 1041]
 [ 440 1043]
 [ 441 1045]
 [ 442 1048]
 [ 444 1049]
 [ 446 1051]
 [ 450 1051]
 [ 453 1051]
 [ 456 1050]
 [ 459 1048]]
Fuhrman 1, [[207 611]
 [204 607]
 [203 603]
 [200 600]
 [197 597]
 [195 596]
 [192 597]
 [189 600]
 [188 603]
 [186 607]
 [184 610]
 [183 614]
 [184 617]
 [185 619]
 [187 621]
 [189 622]
 [192 622]
 [196 622]
 [199 622]
 [202 621]
 [204 619]
 [206 614]
 [207 611]]
Fuhrman 1, [[1860  856]
 [1859  853]
 [1857  850]
 [1854  847]
 [1851  845]
 [1848  843]
 [1845  843]
 [1842  844]
 [1839  848]
 [1839  851]
 [1839  854]
 [1839  858]
 [1841  861]
 [1842  862]
 [1846  865]
 [1849  866]
 [1852  866]
 [1855  866]
 [1858  865]
 [1860  863]
 [1860  860]
 [1860  857]
 [1860  856]]
Fuhrman 1, [[1716 1053]
 [1718 1052]
 [1719 1050]
 [1719 1047]
 [1719 1042]
 [1716 1039]
 [1714 1037]
 [1710 1035]
 [1706 1034]
 [1703 1035]
 [1698 1037]
 [1696 1040]
 [1695 1043]
 [1694 1045]
 [1695 1048]
 [1697 1051]
 [1699 1054]
 [1701 1056]
 [1703 1057]
 [1706 1057]
 [1709 1057]
 [1712 1057]
 [1714 1056]
 [1716 1054]
 [1716 1053]]
Fuhrman 1, [[1170  340]
 [1169  335]
 [1168  331]
 [1165  328]
 [1163  327]
 [1160  327]
 [1157  328]
 [1154  331]
 [1151  335]
 [1150  340]
 [1149  343]
 [1149  346]
 [1150  350]
 [1151  352]
 [1153  353]
 [1155  355]
 [1157  356]
 [1159  356]
 [1161  356]
 [1163  355]
 [1165  353]
 [1167  350]
 [1168  347]
 [1170  345]
 [1170  342]
 [1170  340]]
