Fuhrman 1, [[428 200]
 [429 199]
 [430 195]
 [428 191]
 [425 186]
 [422 183]
 [418 180]
 [415 180]
 [411 180]
 [407 182]
 [405 184]
 [404 187]
 [404 192]
 [405 196]
 [407 199]
 [409 203]
 [412 205]
 [415 205]
 [419 206]
 [422 204]
 [425 203]
 [428 200]]
Fuhrman 1, [[384 722]
 [384 719]
 [384 716]
 [382 713]
 [380 712]
 [377 712]
 [374 712]
 [371 714]
 [369 715]
 [367 718]
 [367 722]
 [367 726]
 [368 729]
 [370 732]
 [373 733]
 [376 732]
 [378 731]
 [381 729]
 [383 727]
 [384 723]
 [384 722]]
Fuhrman 1, [[764 456]
 [765 454]
 [765 449]
 [764 443]
 [762 439]
 [758 436]
 [754 435]
 [749 436]
 [746 439]
 [745 441]
 [743 445]
 [743 447]
 [743 449]
 [743 453]
 [744 455]
 [746 458]
 [748 460]
 [750 462]
 [753 462]
 [755 462]
 [757 461]
 [759 460]
 [762 459]
 [764 456]]
Fuhrman 1, [[493 843]
 [496 841]
 [496 837]
 [494 832]
 [493 826]
 [491 824]
 [486 822]
 [482 821]
 [479 821]
 [475 822]
 [473 824]
 [470 828]
 [469 831]
 [468 835]
 [469 839]
 [470 842]
 [473 845]
 [477 847]
 [480 848]
 [483 848]
 [488 847]
 [491 845]
 [493 843]]
Fuhrman 1, [[520 832]
 [521 829]
 [523 825]
 [523 823]
 [521 820]
 [516 817]
 [513 815]
 [509 814]
 [504 814]
 [501 815]
 [500 817]
 [498 821]
 [498 824]
 [498 829]
 [499 831]
 [501 834]
 [503 836]
 [507 838]
 [511 838]
 [514 836]
 [517 834]
 [519 833]
 [520 831]]
Fuhrman 1, [[362 754]
 [363 748]
 [363 745]
 [361 741]
 [357 739]
 [355 739]
 [352 739]
 [349 741]
 [348 743]
 [346 744]
 [346 746]
 [346 749]
 [346 752]
 [348 755]
 [350 758]
 [351 759]
 [353 760]
 [355 760]
 [357 760]
 [359 759]
 [361 757]
 [362 755]
 [362 754]]
Fuhrman 1, [[999  19]
 [999  15]
 [999  12]
 [997   9]
 [993   5]
 [990   5]
 [988   5]
 [985   5]
 [983   7]
 [981  10]
 [980  13]
 [980  16]
 [980  18]
 [980  20]
 [982  23]
 [983  25]
 [985  26]
 [988  27]
 [990  27]
 [992  27]
 [994  26]
 [996  24]
 [997  22]
 [999  19]]
Fuhrman 1, [[1178  172]
 [1179  168]
 [1179  164]
 [1178  159]
 [1173  156]
 [1167  156]
 [1161  159]
 [1158  160]
 [1154  161]
 [1151  165]
 [1148  168]
 [1146  172]
 [1146  175]
 [1147  178]
 [1149  180]
 [1153  181]
 [1156  182]
 [1160  180]
 [1164  180]
 [1167  181]
 [1171  180]
 [1174  178]
 [1176  175]
 [1178  172]]
Fuhrman 1, [[883 627]
 [885 624]
 [884 620]
 [881 615]
 [878 612]
 [876 610]
 [872 609]
 [869 609]
 [866 610]
 [863 612]
 [861 615]
 [860 618]
 [860 622]
 [861 626]
 [863 630]
 [866 632]
 [870 633]
 [874 633]
 [877 632]
 [880 630]
 [881 629]
 [883 627]]
Fuhrman 1, [[1757  999]
 [1757  996]
 [1755  992]
 [1752  989]
 [1749  987]
 [1746  987]
 [1743  987]
 [1740  988]
 [1738  990]
 [1737  994]
 [1737  997]
 [1739 1000]
 [1740 1003]
 [1743 1006]
 [1745 1007]
 [1749 1008]
 [1752 1007]
 [1754 1005]
 [1756 1003]
 [1757  999]]
Fuhrman 1, [[1838 1033]
 [1837 1030]
 [1836 1027]
 [1834 1024]
 [1831 1023]
 [1829 1023]
 [1826 1023]
 [1823 1024]
 [1821 1026]
 [1819 1029]
 [1819 1032]
 [1819 1035]
 [1820 1038]
 [1822 1040]
 [1824 1041]
 [1826 1041]
 [1829 1042]
 [1831 1042]
 [1834 1041]
 [1836 1040]
 [1837 1038]
 [1838 1035]
 [1838 1033]]
Fuhrman 1, [[1293  792]
 [1296  789]
 [1296  785]
 [1295  781]
 [1293  778]
 [1290  775]
 [1286  775]
 [1284  776]
 [1280  777]
 [1276  779]
 [1273  782]
 [1272  786]
 [1271  790]
 [1271  794]
 [1271  796]
 [1274  799]
 [1277  800]
 [1280  800]
 [1284  798]
 [1287  796]
 [1290  794]
 [1293  792]]
Fuhrman 1, [[ 905 1044]
 [ 904 1038]
 [ 902 1035]
 [ 898 1034]
 [ 895 1034]
 [ 892 1034]
 [ 888 1036]
 [ 885 1039]
 [ 884 1043]
 [ 884 1047]
 [ 886 1052]
 [ 888 1056]
 [ 890 1058]
 [ 893 1059]
 [ 897 1060]
 [ 901 1058]
 [ 904 1056]
 [ 906 1051]
 [ 906 1047]
 [ 905 1044]]
Fuhrman 1, [[512 943]
 [512 939]
 [509 935]
 [507 932]
 [503 932]
 [500 933]
 [496 935]
 [494 939]
 [494 943]
 [495 947]
 [497 951]
 [499 953]
 [502 954]
 [505 954]
 [509 953]
 [511 950]
 [512 947]
 [512 943]]
Fuhrman 1, [[1877  225]
 [1878  221]
 [1877  216]
 [1875  213]
 [1872  211]
 [1869  210]
 [1865  210]
 [1861  212]
 [1858  214]
 [1855  219]
 [1855  224]
 [1856  227]
 [1859  231]
 [1862  232]
 [1865  233]
 [1869  233]
 [1872  231]
 [1875  229]
 [1877  225]]
Fuhrman 1, [[1883   43]
 [1882   38]
 [1880   34]
 [1877   32]
 [1873   31]
 [1870   31]
 [1867   32]
 [1865   35]
 [1863   37]
 [1862   40]
 [1862   43]
 [1862   46]
 [1862   49]
 [1864   52]
 [1866   53]
 [1868   54]
 [1872   54]
 [1875   54]
 [1877   52]
 [1880   50]
 [1882   47]
 [1883   43]]
Fuhrman 1, [[ 59 325]
 [ 58 321]
 [ 56 317]
 [ 54 314]
 [ 51 313]
 [ 48 312]
 [ 46 313]
 [ 43 314]
 [ 40 316]
 [ 39 318]
 [ 38 321]
 [ 38 324]
 [ 38 327]
 [ 40 329]
 [ 42 331]
 [ 45 333]
 [ 48 333]
 [ 51 333]
 [ 53 331]
 [ 56 330]
 [ 58 328]
 [ 59 326]
 [ 59 325]]
Fuhrman 1, [[250 245]
 [248 239]
 [246 235]
 [243 231]
 [239 229]
 [236 229]
 [232 232]
 [229 235]
 [228 240]
 [227 246]
 [228 251]
 [230 255]
 [234 257]
 [236 258]
 [240 258]
 [244 257]
 [247 255]
 [249 252]
 [249 249]
 [249 244]]
Fuhrman 1, [[1557  545]
 [1558  540]
 [1556  535]
 [1553  532]
 [1550  530]
 [1548  530]
 [1545  530]
 [1541  531]
 [1538  533]
 [1536  536]
 [1536  540]
 [1535  543]
 [1536  547]
 [1537  551]
 [1540  553]
 [1543  555]
 [1545  555]
 [1548  555]
 [1551  554]
 [1554  552]
 [1556  550]
 [1557  545]]
Fuhrman 1, [[1881  878]
 [1882  875]
 [1881  871]
 [1880  866]
 [1877  863]
 [1875  861]
 [1871  860]
 [1868  861]
 [1866  863]
 [1863  866]
 [1862  870]
 [1863  874]
 [1863  878]
 [1865  881]
 [1866  883]
 [1869  884]
 [1872  885]
 [1874  885]
 [1877  883]
 [1879  881]
 [1880  880]
 [1881  878]]
