Fuhrman 1, [[ 65 955]
 [ 66 953]
 [ 67 948]
 [ 66 943]
 [ 62 940]
 [ 57 937]
 [ 52 936]
 [ 48 936]
 [ 44 937]
 [ 41 940]
 [ 40 943]
 [ 39 947]
 [ 39 951]
 [ 39 954]
 [ 42 958]
 [ 45 960]
 [ 48 961]
 [ 51 962]
 [ 54 962]
 [ 58 962]
 [ 61 960]
 [ 63 960]
 [ 65 955]]
Fuhrman 1, [[314 880]
 [316 879]
 [317 876]
 [316 871]
 [314 866]
 [312 862]
 [306 858]
 [302 857]
 [299 857]
 [292 858]
 [289 860]
 [286 863]
 [285 867]
 [285 870]
 [286 874]
 [289 878]
 [292 881]
 [295 884]
 [299 886]
 [303 886]
 [307 886]
 [309 885]
 [311 884]
 [313 882]
 [314 881]
 [315 880]]
Fuhrman 1, [[970 770]
 [972 767]
 [973 764]
 [973 762]
 [971 760]
 [965 757]
 [961 754]
 [958 753]
 [955 754]
 [953 756]
 [953 758]
 [952 760]
 [951 761]
 [949 762]
 [948 765]
 [950 769]
 [953 771]
 [955 772]
 [958 773]
 [960 774]
 [964 774]
 [967 773]
 [969 771]
 [970 770]]
Fuhrman 1, [[1836  665]
 [1837  663]
 [1835  660]
 [1832  656]
 [1831  654]
 [1827  653]
 [1823  652]
 [1820  652]
 [1817  653]
 [1814  655]
 [1811  657]
 [1809  660]
 [1808  664]
 [1807  668]
 [1808  672]
 [1811  675]
 [1814  677]
 [1817  678]
 [1823  677]
 [1828  675]
 [1830  672]
 [1832  671]
 [1833  669]
 [1836  664]]
Fuhrman 1, [[1917  613]
 [1918  609]
 [1915  605]
 [1913  603]
 [1909  600]
 [1904  600]
 [1899  599]
 [1896  600]
 [1893  601]
 [1890  605]
 [1889  609]
 [1890  612]
 [1891  615]
 [1894  617]
 [1897  620]
 [1902  621]
 [1906  621]
 [1909  621]
 [1913  620]
 [1915  618]
 [1917  612]]
Fuhrman 1, [[1792  848]
 [1793  844]
 [1794  838]
 [1793  835]
 [1791  833]
 [1788  832]
 [1784  834]
 [1780  835]
 [1776  837]
 [1773  840]
 [1770  842]
 [1768  847]
 [1767  850]
 [1768  853]
 [1769  856]
 [1771  857]
 [1773  858]
 [1775  858]
 [1779  858]
 [1782  857]
 [1785  855]
 [1788  852]
 [1790  850]
 [1792  848]]
Fuhrman 1, [[ 856 1062]
 [ 856 1058]
 [ 855 1053]
 [ 852 1050]
 [ 849 1048]
 [ 844 1045]
 [ 840 1044]
 [ 837 1045]
 [ 834 1046]
 [ 831 1048]
 [ 829 1051]
 [ 828 1054]
 [ 827 1059]
 [ 828 1062]
 [ 829 1064]
 [ 831 1067]
 [ 834 1069]
 [ 837 1072]
 [ 840 1074]
 [ 842 1074]
 [ 844 1074]
 [ 848 1074]
 [ 851 1074]
 [ 854 1072]
 [ 856 1069]
 [ 856 1064]
 [ 856 1061]]
Fuhrman 1, [[525 421]
 [526 419]
 [525 416]
 [522 412]
 [519 410]
 [514 409]
 [510 408]
 [505 408]
 [501 409]
 [498 411]
 [495 413]
 [493 416]
 [493 418]
 [493 420]
 [494 424]
 [496 426]
 [499 428]
 [503 428]
 [507 430]
 [510 431]
 [513 431]
 [517 429]
 [521 427]
 [523 426]
 [524 424]
 [525 421]]
Fuhrman 1, [[450 831]
 [451 829]
 [451 825]
 [451 820]
 [450 818]
 [448 815]
 [445 813]
 [442 813]
 [438 813]
 [435 814]
 [432 816]
 [429 819]
 [427 823]
 [426 827]
 [427 830]
 [429 833]
 [431 836]
 [434 837]
 [436 839]
 [439 839]
 [442 839]
 [445 837]
 [447 835]
 [448 833]
 [450 831]]
Fuhrman 1, [[243 284]
 [244 281]
 [242 276]
 [240 273]
 [237 271]
 [234 269]
 [230 268]
 [226 267]
 [220 268]
 [217 269]
 [214 273]
 [213 276]
 [213 281]
 [214 284]
 [217 288]
 [222 290]
 [226 292]
 [230 293]
 [232 293]
 [236 292]
 [240 290]
 [241 287]
 [243 283]]
Fuhrman 1, [[374 291]
 [374 284]
 [373 279]
 [369 275]
 [366 273]
 [361 273]
 [356 275]
 [354 278]
 [352 282]
 [352 285]
 [354 289]
 [355 292]
 [357 296]
 [358 297]
 [361 298]
 [366 298]
 [369 297]
 [373 295]
 [374 291]]
Fuhrman 1, [[654 299]
 [656 296]
 [656 293]
 [656 290]
 [653 286]
 [650 285]
 [646 284]
 [642 285]
 [638 287]
 [635 290]
 [635 292]
 [635 296]
 [635 299]
 [637 303]
 [639 305]
 [640 306]
 [643 307]
 [645 307]
 [648 306]
 [651 304]
 [653 301]
 [654 298]]
Fuhrman 1, [[900 675]
 [901 670]
 [900 665]
 [898 661]
 [894 658]
 [890 656]
 [886 655]
 [880 656]
 [877 657]
 [874 659]
 [872 663]
 [871 665]
 [870 668]
 [871 673]
 [873 676]
 [875 679]
 [878 681]
 [881 683]
 [884 684]
 [888 684]
 [892 683]
 [895 681]
 [898 679]
 [900 674]]
Fuhrman 1, [[714 145]
 [713 138]
 [710 133]
 [707 130]
 [703 130]
 [701 130]
 [697 132]
 [695 135]
 [693 138]
 [692 142]
 [692 146]
 [693 149]
 [695 153]
 [698 156]
 [700 157]
 [704 157]
 [707 156]
 [712 153]
 [713 151]
 [714 148]
 [714 144]]
Fuhrman 1, [[907  53]
 [906  49]
 [903  43]
 [901  40]
 [897  37]
 [894  37]
 [891  37]
 [888  38]
 [885  41]
 [884  43]
 [883  47]
 [884  50]
 [885  52]
 [888  55]
 [891  56]
 [895  58]
 [899  57]
 [901  56]
 [904  55]
 [906  54]
 [907  53]]
Fuhrman 1, [[1146  380]
 [1147  374]
 [1145  370]
 [1142  368]
 [1139  366]
 [1136  365]
 [1133  364]
 [1130  364]
 [1127  366]
 [1126  368]
 [1124  372]
 [1124  375]
 [1124  377]
 [1125  381]
 [1127  384]
 [1128  386]
 [1130  388]
 [1133  389]
 [1136  389]
 [1138  389]
 [1141  388]
 [1143  387]
 [1145  385]
 [1145  383]
 [1146  380]]
Fuhrman 1, [[1646  634]
 [1650  633]
 [1653  627]
 [1652  622]
 [1651  620]
 [1648  619]
 [1646  616]
 [1643  612]
 [1640  611]
 [1635  611]
 [1630  613]
 [1626  614]
 [1622  615]
 [1618  617]
 [1616  622]
 [1615  625]
 [1616  628]
 [1617  632]
 [1619  636]
 [1622  638]
 [1625  640]
 [1629  641]
 [1633  642]
 [1638  641]
 [1641  638]
 [1644  636]
 [1646  634]]
Fuhrman 1, [[1820  465]
 [1822  464]
 [1823  461]
 [1823  458]
 [1823  457]
 [1820  455]
 [1816  454]
 [1814  453]
 [1811  452]
 [1808  452]
 [1806  453]
 [1804  454]
 [1803  456]
 [1802  458]
 [1802  462]
 [1803  464]
 [1804  466]
 [1806  468]
 [1808  469]
 [1810  469]
 [1813  469]
 [1816  468]
 [1818  466]
 [1820  465]]
Fuhrman 1, [[1831  726]
 [1833  723]
 [1833  719]
 [1830  716]
 [1825  714]
 [1820  714]
 [1816  714]
 [1813  715]
 [1809  718]
 [1807  720]
 [1806  723]
 [1806  727]
 [1806  729]
 [1807  732]
 [1810  735]
 [1813  737]
 [1815  738]
 [1817  739]
 [1820  739]
 [1822  737]
 [1824  735]
 [1828  731]
 [1831  726]]
Fuhrman 1, [[1459  570]
 [1460  569]
 [1460  566]
 [1460  563]
 [1458  560]
 [1456  557]
 [1454  555]
 [1451  555]
 [1449  555]
 [1445  555]
 [1441  556]
 [1438  557]
 [1436  559]
 [1435  562]
 [1435  566]
 [1435  569]
 [1437  572]
 [1439  574]
 [1442  576]
 [1445  577]
 [1448  577]
 [1451  576]
 [1454  575]
 [1456  573]
 [1458  572]
 [1459  570]]
