Fuhrman 1, [[356 186]
 [356 181]
 [354 175]
 [348 170]
 [344 169]
 [339 169]
 [335 173]
 [332 178]
 [332 182]
 [333 186]
 [334 190]
 [339 195]
 [342 197]
 [346 198]
 [352 196]
 [355 191]
 [356 185]]
Fuhrman 1, [[462 131]
 [463 128]
 [463 122]
 [459 115]
 [454 111]
 [449 109]
 [447 111]
 [442 114]
 [438 117]
 [435 122]
 [435 128]
 [435 132]
 [437 136]
 [441 138]
 [444 140]
 [449 140]
 [454 139]
 [458 137]
 [461 134]
 [462 131]]
Fuhrman 1, [[778 221]
 [780 218]
 [779 211]
 [776 205]
 [773 202]
 [768 199]
 [764 199]
 [760 202]
 [756 206]
 [756 211]
 [757 217]
 [758 220]
 [760 224]
 [763 225]
 [767 226]
 [770 226]
 [774 225]
 [776 223]
 [778 221]]
Fuhrman 1, [[529 404]
 [530 399]
 [528 391]
 [525 386]
 [520 382]
 [513 379]
 [509 379]
 [504 381]
 [499 386]
 [496 393]
 [496 400]
 [498 405]
 [502 410]
 [505 412]
 [509 414]
 [514 414]
 [520 414]
 [524 411]
 [527 409]
 [529 403]]
Fuhrman 1, [[1115  435]
 [1115  432]
 [1113  428]
 [1110  425]
 [1104  423]
 [1099  422]
 [1095  423]
 [1093  426]
 [1091  429]
 [1091  432]
 [1093  437]
 [1096  440]
 [1100  443]
 [1103  443]
 [1106  444]
 [1109  443]
 [1112  441]
 [1114  438]
 [1115  435]]
Fuhrman 1, [[1625  410]
 [1628  407]
 [1630  399]
 [1628  392]
 [1622  388]
 [1618  387]
 [1613  386]
 [1610  388]
 [1608  391]
 [1605  395]
 [1602  400]
 [1601  407]
 [1601  411]
 [1603  415]
 [1607  420]
 [1610  421]
 [1614  421]
 [1618  419]
 [1621  416]
 [1625  412]
 [1625  410]]
Fuhrman 1, [[1510  344]
 [1512  341]
 [1514  337]
 [1514  333]
 [1509  327]
 [1503  324]
 [1498  323]
 [1491  325]
 [1486  327]
 [1481  328]
 [1475  334]
 [1473  339]
 [1474  343]
 [1477  346]
 [1479  347]
 [1484  348]
 [1489  349]
 [1494  350]
 [1500  350]
 [1504  349]
 [1508  347]
 [1510  344]]
Fuhrman 1, [[815 604]
 [816 600]
 [815 595]
 [811 591]
 [804 589]
 [800 590]
 [796 592]
 [790 597]
 [787 602]
 [787 606]
 [788 610]
 [790 613]
 [794 616]
 [798 618]
 [802 619]
 [806 617]
 [810 615]
 [813 612]
 [814 607]
 [815 603]]
Fuhrman 1, [[187 209]
 [187 204]
 [186 198]
 [182 194]
 [176 190]
 [171 188]
 [167 190]
 [164 193]
 [162 199]
 [162 203]
 [164 208]
 [167 213]
 [170 217]
 [172 219]
 [175 219]
 [177 218]
 [182 216]
 [185 213]
 [187 209]]
Fuhrman 1, [[573 821]
 [573 816]
 [571 810]
 [568 805]
 [562 804]
 [556 805]
 [552 808]
 [550 812]
 [551 815]
 [551 818]
 [552 822]
 [553 823]
 [554 824]
 [558 825]
 [564 825]
 [568 825]
 [571 824]
 [573 820]]
Fuhrman 1, [[1537  702]
 [1538  697]
 [1536  694]
 [1530  691]
 [1526  691]
 [1521  693]
 [1518  697]
 [1516  701]
 [1516  706]
 [1517  712]
 [1518  716]
 [1521  719]
 [1524  721]
 [1526  721]
 [1530  718]
 [1533  714]
 [1536  709]
 [1537  702]]
Fuhrman 1, [[1381  760]
 [1384  757]
 [1385  750]
 [1383  745]
 [1376  741]
 [1370  741]
 [1363  741]
 [1355  742]
 [1348  747]
 [1345  752]
 [1344  757]
 [1346  761]
 [1349  763]
 [1354  765]
 [1357  767]
 [1362  768]
 [1368  769]
 [1373  768]
 [1378  765]
 [1381  760]]
Fuhrman 1, [[766 910]
 [767 907]
 [769 904]
 [769 901]
 [766 897]
 [763 895]
 [759 895]
 [755 896]
 [752 897]
 [749 901]
 [747 904]
 [747 907]
 [748 910]
 [750 913]
 [752 915]
 [756 917]
 [758 917]
 [761 917]
 [763 915]
 [765 912]
 [766 910]]
Fuhrman 1, [[1065   90]
 [1062   82]
 [1058   78]
 [1052   77]
 [1044   76]
 [1038   79]
 [1034   82]
 [1032   88]
 [1031   92]
 [1033   95]
 [1038   98]
 [1042  100]
 [1048  101]
 [1053  101]
 [1058  100]
 [1062   98]
 [1064   95]
 [1065   89]]
Fuhrman 1, [[1677  513]
 [1674  510]
 [1670  509]
 [1665  511]
 [1661  514]
 [1659  518]
 [1658  522]
 [1660  527]
 [1663  532]
 [1666  534]
 [1670  535]
 [1674  534]
 [1678  533]
 [1682  531]
 [1684  523]
 [1683  518]
 [1681  514]
 [1677  513]]
Fuhrman 1, [[1611  258]
 [1612  256]
 [1612  252]
 [1609  248]
 [1605  247]
 [1601  245]
 [1598  244]
 [1593  243]
 [1589  243]
 [1587  246]
 [1586  249]
 [1586  252]
 [1587  257]
 [1589  261]
 [1592  263]
 [1595  263]
 [1601  263]
 [1604  262]
 [1608  261]
 [1610  259]
 [1611  258]]
Fuhrman 1, [[1233 1037]
 [1237 1035]
 [1239 1031]
 [1238 1027]
 [1237 1022]
 [1234 1018]
 [1230 1018]
 [1227 1019]
 [1223 1021]
 [1219 1022]
 [1215 1025]
 [1214 1030]
 [1214 1033]
 [1215 1036]
 [1218 1039]
 [1221 1040]
 [1223 1041]
 [1226 1041]
 [1230 1040]
 [1233 1037]]
Fuhrman 1, [[ 33 772]
 [ 32 767]
 [ 31 764]
 [ 25 762]
 [ 23 761]
 [ 19 763]
 [ 16 766]
 [ 15 770]
 [ 15 776]
 [ 15 782]
 [ 17 788]
 [ 19 792]
 [ 21 795]
 [ 23 795]
 [ 25 794]
 [ 29 794]
 [ 32 792]
 [ 34 788]
 [ 34 779]
 [ 33 774]
 [ 32 771]]
Fuhrman 1, [[217 908]
 [218 903]
 [216 897]
 [214 893]
 [210 892]
 [206 892]
 [202 894]
 [200 898]
 [199 901]
 [197 904]
 [196 908]
 [196 911]
 [199 913]
 [200 914]
 [203 914]
 [204 915]
 [207 917]
 [209 917]
 [213 916]
 [215 913]
 [218 908]]
Fuhrman 1, [[126 311]
 [128 306]
 [130 299]
 [127 294]
 [120 292]
 [115 292]
 [110 294]
 [106 299]
 [103 303]
 [103 307]
 [104 311]
 [106 315]
 [109 318]
 [113 318]
 [119 317]
 [123 315]
 [126 310]]
