Fuhrman 1, [[253 243]
 [253 240]
 [251 236]
 [247 231]
 [243 229]
 [239 227]
 [233 226]
 [230 227]
 [228 229]
 [226 232]
 [226 235]
 [226 239]
 [227 241]
 [230 244]
 [233 246]
 [235 248]
 [239 250]
 [241 252]
 [243 253]
 [245 254]
 [248 254]
 [250 253]
 [252 252]
 [253 250]
 [253 246]
 [253 243]]
Fuhrman 1, [[234 354]
 [237 352]
 [238 350]
 [237 347]
 [236 343]
 [235 340]
 [232 335]
 [228 333]
 [220 331]
 [217 332]
 [215 333]
 [212 335]
 [211 339]
 [211 341]
 [211 346]
 [212 349]
 [215 357]
 [216 358]
 [218 359]
 [221 359]
 [224 359]
 [226 358]
 [230 356]
 [234 354]]
Fuhrman 1, [[526 229]
 [526 224]
 [524 219]
 [522 215]
 [520 213]
 [516 212]
 [513 210]
 [510 210]
 [506 211]
 [503 212]
 [502 214]
 [501 217]
 [502 222]
 [502 227]
 [504 230]
 [506 234]
 [507 236]
 [509 237]
 [513 238]
 [515 239]
 [517 239]
 [521 237]
 [523 236]
 [525 234]
 [526 232]
 [526 229]]
Fuhrman 1, [[ 696 1058]
 [ 697 1056]
 [ 698 1053]
 [ 697 1050]
 [ 694 1048]
 [ 691 1045]
 [ 686 1043]
 [ 682 1044]
 [ 679 1045]
 [ 677 1046]
 [ 676 1049]
 [ 675 1052]
 [ 676 1055]
 [ 677 1057]
 [ 680 1059]
 [ 682 1060]
 [ 685 1061]
 [ 687 1062]
 [ 689 1062]
 [ 692 1061]
 [ 694 1060]
 [ 695 1059]
 [ 696 1058]]
Fuhrman 1, [[871 194]
 [869 191]
 [867 188]
 [863 185]
 [859 184]
 [856 184]
 [853 185]
 [850 187]
 [849 190]
 [848 193]
 [847 197]
 [847 200]
 [848 202]
 [849 204]
 [851 206]
 [853 208]
 [856 209]
 [858 209]
 [861 209]
 [864 209]
 [866 208]
 [868 206]
 [869 204]
 [870 201]
 [871 198]
 [871 196]
 [871 194]
 [871 193]]
Fuhrman 1, [[1413  938]
 [1415  936]
 [1416  932]
 [1416  928]
 [1414  924]
 [1411  921]
 [1408  920]
 [1405  919]
 [1401  919]
 [1398  920]
 [1395  921]
 [1394  923]
 [1392  926]
 [1392  929]
 [1392  932]
 [1394  936]
 [1395  941]
 [1397  944]
 [1399  946]
 [1401  946]
 [1404  946]
 [1406  946]
 [1408  946]
 [1411  945]
 [1412  942]
 [1413  938]]
Fuhrman 1, [[1352  199]
 [1354  196]
 [1355  192]
 [1354  189]
 [1351  186]
 [1348  184]
 [1344  183]
 [1342  182]
 [1338  182]
 [1334  184]
 [1332  186]
 [1331  188]
 [1330  190]
 [1329  194]
 [1330  197]
 [1331  200]
 [1332  202]
 [1334  202]
 [1337  203]
 [1339  203]
 [1343  202]
 [1346  202]
 [1349  202]
 [1351  201]
 [1352  199]]
Fuhrman 1, [[1629  246]
 [1630  243]
 [1629  239]
 [1626  237]
 [1624  233]
 [1621  232]
 [1616  230]
 [1613  230]
 [1609  231]
 [1607  232]
 [1605  234]
 [1602  237]
 [1601  241]
 [1601  245]
 [1602  248]
 [1604  250]
 [1606  252]
 [1609  254]
 [1612  254]
 [1616  255]
 [1620  254]
 [1623  253]
 [1626  251]
 [1628  249]
 [1629  247]
 [1629  246]]
Fuhrman 1, [[374 743]
 [376 737]
 [375 734]
 [374 729]
 [373 725]
 [370 723]
 [366 721]
 [362 720]
 [358 721]
 [354 723]
 [351 727]
 [350 731]
 [350 736]
 [350 740]
 [352 743]
 [355 746]
 [358 748]
 [361 749]
 [365 749]
 [368 748]
 [371 745]
 [374 743]]
Fuhrman 1, [[530 661]
 [531 657]
 [529 653]
 [527 649]
 [525 647]
 [522 644]
 [519 644]
 [515 643]
 [513 645]
 [510 646]
 [508 650]
 [506 653]
 [505 658]
 [505 661]
 [506 665]
 [508 667]
 [510 669]
 [512 670]
 [515 671]
 [518 672]
 [520 672]
 [523 671]
 [526 669]
 [527 665]
 [529 663]
 [530 661]]
Fuhrman 1, [[981 652]
 [982 649]
 [981 646]
 [980 640]
 [979 638]
 [976 637]
 [973 637]
 [970 638]
 [967 640]
 [964 643]
 [962 648]
 [961 651]
 [962 654]
 [963 658]
 [964 661]
 [966 661]
 [968 662]
 [970 663]
 [973 663]
 [975 662]
 [977 661]
 [978 660]
 [980 657]
 [980 655]
 [981 652]]
Fuhrman 1, [[822 483]
 [824 481]
 [827 479]
 [828 477]
 [828 474]
 [826 472]
 [824 470]
 [819 469]
 [817 470]
 [812 472]
 [809 474]
 [806 477]
 [804 480]
 [803 483]
 [803 485]
 [803 488]
 [805 490]
 [807 492]
 [809 492]
 [811 492]
 [814 492]
 [816 491]
 [817 488]
 [820 485]
 [822 484]
 [823 482]]
Fuhrman 1, [[910 491]
 [913 488]
 [915 485]
 [915 482]
 [915 479]
 [913 476]
 [912 473]
 [909 471]
 [906 469]
 [903 469]
 [900 469]
 [897 470]
 [895 472]
 [892 474]
 [891 477]
 [889 479]
 [889 483]
 [890 485]
 [891 487]
 [893 490]
 [896 492]
 [898 493]
 [900 493]
 [903 493]
 [906 492]
 [908 492]
 [910 491]]
Fuhrman 1, [[1547  927]
 [1547  923]
 [1546  919]
 [1544  916]
 [1541  913]
 [1539  912]
 [1535  911]
 [1533  911]
 [1531  911]
 [1528  912]
 [1526  915]
 [1525  917]
 [1523  921]
 [1523  926]
 [1524  929]
 [1525  932]
 [1527  934]
 [1529  936]
 [1531  937]
 [1533  938]
 [1535  939]
 [1538  938]
 [1541  937]
 [1543  936]
 [1545  934]
 [1546  931]
 [1547  926]]
Fuhrman 1, [[1910  736]
 [1911  733]
 [1910  728]
 [1909  724]
 [1907  721]
 [1904  718]
 [1901  717]
 [1898  717]
 [1895  718]
 [1892  720]
 [1890  722]
 [1889  727]
 [1889  731]
 [1889  735]
 [1890  738]
 [1892  741]
 [1893  742]
 [1895  744]
 [1897  744]
 [1900  744]
 [1902  744]
 [1904  743]
 [1906  742]
 [1909  739]
 [1909  737]
 [1910  736]]
Fuhrman 1, [[912 604]
 [911 601]
 [910 596]
 [908 593]
 [905 590]
 [902 587]
 [900 586]
 [895 585]
 [893 586]
 [891 587]
 [888 589]
 [887 592]
 [888 597]
 [889 600]
 [890 603]
 [893 606]
 [895 610]
 [898 612]
 [901 613]
 [902 613]
 [904 613]
 [906 611]
 [908 610]
 [910 608]
 [912 607]
 [912 604]]
Fuhrman 1, [[1535  614]
 [1535  610]
 [1534  607]
 [1530  603]
 [1527  602]
 [1523  601]
 [1520  601]
 [1517  602]
 [1514  605]
 [1511  607]
 [1511  611]
 [1511  615]
 [1513  618]
 [1515  621]
 [1517  622]
 [1520  623]
 [1523  623]
 [1526  623]
 [1528  623]
 [1530  622]
 [1532  621]
 [1534  619]
 [1535  617]
 [1535  615]
 [1535  614]]
Fuhrman 1, [[1342  299]
 [1342  294]
 [1342  290]
 [1340  288]
 [1337  286]
 [1334  284]
 [1330  282]
 [1327  282]
 [1323  283]
 [1320  285]
 [1318  288]
 [1317  291]
 [1317  293]
 [1319  296]
 [1320  298]
 [1323  301]
 [1325  302]
 [1328  304]
 [1330  305]
 [1333  305]
 [1335  305]
 [1337  305]
 [1340  304]
 [1341  302]
 [1342  299]]
Fuhrman 1, [[1390  312]
 [1392  310]
 [1393  307]
 [1393  306]
 [1393  301]
 [1391  298]
 [1389  295]
 [1387  293]
 [1383  293]
 [1381  294]
 [1378  296]
 [1374  299]
 [1373  302]
 [1372  307]
 [1371  310]
 [1372  313]
 [1373  317]
 [1374  319]
 [1375  320]
 [1377  321]
 [1379  321]
 [1381  320]
 [1384  318]
 [1386  317]
 [1388  314]
 [1390  312]]
Fuhrman 1, [[ 775 1038]
 [ 777 1036]
 [ 779 1034]
 [ 779 1028]
 [ 778 1023]
 [ 777 1019]
 [ 774 1017]
 [ 769 1016]
 [ 767 1015]
 [ 763 1015]
 [ 760 1016]
 [ 757 1019]
 [ 753 1022]
 [ 752 1025]
 [ 751 1028]
 [ 751 1030]
 [ 751 1032]
 [ 752 1035]
 [ 753 1038]
 [ 755 1040]
 [ 757 1041]
 [ 760 1042]
 [ 762 1043]
 [ 765 1043]
 [ 767 1043]
 [ 769 1042]
 [ 771 1041]
 [ 773 1040]
 [ 775 1038]]
