Fuhrman 1, [[268  35]
 [270  33]
 [270  28]
 [268  22]
 [262  18]
 [254  17]
 [249  19]
 [245  23]
 [244  28]
 [245  33]
 [248  38]
 [252  40]
 [254  41]
 [258  42]
 [262  41]
 [266  38]
 [268  35]]
Fuhrman 1, [[291 166]
 [291 162]
 [290 157]
 [285 153]
 [280 152]
 [276 153]
 [273 157]
 [271 161]
 [269 164]
 [269 168]
 [271 172]
 [274 176]
 [278 179]
 [280 180]
 [284 180]
 [288 179]
 [291 177]
 [292 173]
 [291 166]]
Fuhrman 1, [[1801  849]
 [1804  847]
 [1807  844]
 [1807  839]
 [1804  834]
 [1799  830]
 [1793  828]
 [1788  828]
 [1783  829]
 [1780  833]
 [1778  836]
 [1777  840]
 [1778  843]
 [1782  847]
 [1786  849]
 [1789  851]
 [1794  851]
 [1799  850]
 [1801  849]]
Fuhrman 1, [[1429  875]
 [1430  871]
 [1429  865]
 [1426  859]
 [1420  856]
 [1415  857]
 [1410  859]
 [1407  863]
 [1406  867]
 [1406  870]
 [1406  873]
 [1410  877]
 [1413  879]
 [1417  880]
 [1422  880]
 [1425  878]
 [1429  875]]
Fuhrman 1, [[613 396]
 [615 392]
 [614 384]
 [609 380]
 [601 376]
 [597 376]
 [593 379]
 [590 382]
 [588 387]
 [589 392]
 [591 397]
 [594 400]
 [599 403]
 [604 404]
 [608 402]
 [611 399]
 [613 396]]
Fuhrman 1, [[184 538]
 [185 534]
 [183 526]
 [177 525]
 [172 524]
 [169 524]
 [164 527]
 [161 529]
 [160 533]
 [160 537]
 [163 541]
 [166 544]
 [171 545]
 [176 545]
 [181 543]
 [184 538]]
Fuhrman 1, [[221 807]
 [223 805]
 [222 800]
 [220 795]
 [217 791]
 [212 789]
 [208 788]
 [205 791]
 [202 794]
 [199 799]
 [199 804]
 [200 806]
 [204 809]
 [208 812]
 [213 813]
 [217 812]
 [220 810]
 [221 807]]
Fuhrman 1, [[649 681]
 [650 677]
 [650 671]
 [648 665]
 [644 659]
 [639 656]
 [633 656]
 [629 657]
 [627 661]
 [628 666]
 [629 668]
 [630 670]
 [630 675]
 [632 680]
 [633 683]
 [636 686]
 [639 687]
 [642 688]
 [645 687]
 [647 684]
 [649 681]]
Fuhrman 1, [[1331  860]
 [1332  858]
 [1332  853]
 [1328  848]
 [1323  845]
 [1319  843]
 [1314  845]
 [1310  848]
 [1308  850]
 [1307  855]
 [1308  859]
 [1312  862]
 [1316  864]
 [1319  866]
 [1322  866]
 [1327  865]
 [1330  863]
 [1331  859]]
Fuhrman 1, [[654 156]
 [656 153]
 [657 147]
 [652 140]
 [645 138]
 [639 138]
 [633 141]
 [630 145]
 [629 151]
 [630 156]
 [632 159]
 [636 162]
 [641 163]
 [646 163]
 [650 162]
 [653 160]
 [655 155]]
Fuhrman 1, [[1750  265]
 [1752  260]
 [1751  256]
 [1748  251]
 [1744  248]
 [1739  246]
 [1735  245]
 [1730  247]
 [1728  250]
 [1727  254]
 [1727  258]
 [1727  262]
 [1730  267]
 [1733  269]
 [1738  272]
 [1743  274]
 [1747  273]
 [1750  269]
 [1751  264]]
Fuhrman 1, [[1103  272]
 [1106  269]
 [1109  264]
 [1107  259]
 [1103  256]
 [1097  255]
 [1091  257]
 [1087  260]
 [1086  265]
 [1086  271]
 [1087  275]
 [1089  278]
 [1092  281]
 [1097  279]
 [1101  275]
 [1103  271]]
Fuhrman 1, [[885 399]
 [887 396]
 [887 391]
 [884 385]
 [879 380]
 [874 379]
 [868 380]
 [863 383]
 [861 389]
 [862 396]
 [864 402]
 [866 405]
 [870 404]
 [874 404]
 [878 404]
 [881 404]
 [885 401]
 [886 399]]
Fuhrman 1, [[ 744 1050]
 [ 746 1044]
 [ 747 1037]
 [ 746 1031]
 [ 742 1024]
 [ 738 1022]
 [ 733 1023]
 [ 729 1025]
 [ 724 1029]
 [ 721 1033]
 [ 718 1036]
 [ 716 1040]
 [ 716 1045]
 [ 718 1048]
 [ 721 1051]
 [ 724 1054]
 [ 728 1056]
 [ 732 1056]
 [ 737 1056]
 [ 741 1054]
 [ 743 1051]
 [ 744 1049]]
Fuhrman 1, [[305 943]
 [305 937]
 [303 930]
 [299 927]
 [294 925]
 [289 925]
 [285 927]
 [283 931]
 [283 937]
 [284 943]
 [286 947]
 [291 948]
 [296 949]
 [301 948]
 [303 947]
 [305 943]]
Fuhrman 1, [[1488  587]
 [1489  585]
 [1490  579]
 [1489  574]
 [1485  571]
 [1478  569]
 [1472  568]
 [1466  571]
 [1463  574]
 [1461  576]
 [1460  581]
 [1460  586]
 [1462  589]
 [1467  592]
 [1472  595]
 [1477  595]
 [1482  593]
 [1485  590]
 [1488  587]]
Fuhrman 1, [[1628  545]
 [1627  539]
 [1626  534]
 [1620  530]
 [1615  530]
 [1611  531]
 [1606  535]
 [1605  541]
 [1605  545]
 [1607  549]
 [1610  551]
 [1614  552]
 [1617  553]
 [1622  553]
 [1625  552]
 [1628  549]
 [1628  545]]
Fuhrman 1, [[684 819]
 [686 816]
 [685 811]
 [682 806]
 [677 803]
 [672 801]
 [666 800]
 [662 802]
 [658 805]
 [655 810]
 [655 814]
 [655 819]
 [659 825]
 [663 828]
 [667 829]
 [670 828]
 [674 825]
 [678 823]
 [680 822]
 [682 821]
 [684 819]]
Fuhrman 1, [[472 961]
 [474 958]
 [474 952]
 [472 944]
 [468 942]
 [464 942]
 [459 944]
 [454 948]
 [451 954]
 [452 958]
 [453 962]
 [457 965]
 [460 966]
 [465 966]
 [468 966]
 [472 963]
 [473 960]]
Fuhrman 1, [[427 482]
 [429 480]
 [430 475]
 [428 469]
 [426 465]
 [422 462]
 [417 462]
 [411 464]
 [406 467]
 [404 472]
 [404 477]
 [405 481]
 [408 485]
 [412 488]
 [416 489]
 [421 488]
 [425 486]
 [427 482]]
