Fuhrman 1, [[668  84]
 [669  80]
 [668  76]
 [666  73]
 [663  70]
 [659  69]
 [656  69]
 [651  71]
 [648  72]
 [646  75]
 [646  78]
 [646  81]
 [648  84]
 [651  85]
 [654  86]
 [658  86]
 [662  86]
 [665  86]
 [667  84]
 [668  83]]
Fuhrman 1, [[595  79]
 [596  77]
 [596  73]
 [593  70]
 [590  69]
 [587  69]
 [583  69]
 [578  72]
 [575  75]
 [573  79]
 [572  83]
 [574  86]
 [576  87]
 [579  88]
 [584  88]
 [587  88]
 [590  84]
 [593  82]
 [595  79]]
Fuhrman 1, [[528 162]
 [531 153]
 [528 150]
 [523 146]
 [516 145]
 [512 145]
 [508 147]
 [504 150]
 [500 153]
 [499 157]
 [500 162]
 [503 166]
 [506 169]
 [510 171]
 [514 171]
 [518 170]
 [520 169]
 [522 168]
 [525 167]
 [527 165]
 [528 163]
 [528 162]]
Fuhrman 1, [[1620  278]
 [1620  272]
 [1618  268]
 [1614  264]
 [1608  261]
 [1603  261]
 [1598  261]
 [1593  263]
 [1591  266]
 [1591  270]
 [1592  275]
 [1595  279]
 [1599  281]
 [1602  283]
 [1606  286]
 [1608  287]
 [1611  287]
 [1614  287]
 [1617  285]
 [1618  283]
 [1619  281]
 [1620  278]]
Fuhrman 1, [[1559  351]
 [1558  344]
 [1557  339]
 [1554  336]
 [1551  333]
 [1548  332]
 [1545  333]
 [1541  335]
 [1539  339]
 [1538  343]
 [1538  349]
 [1540  354]
 [1542  357]
 [1544  359]
 [1547  360]
 [1550  361]
 [1553  360]
 [1556  358]
 [1557  356]
 [1559  351]]
Fuhrman 1, [[776 875]
 [776 870]
 [773 865]
 [769 861]
 [763 859]
 [758 858]
 [754 858]
 [749 859]
 [746 862]
 [743 865]
 [742 868]
 [742 872]
 [743 876]
 [746 880]
 [749 882]
 [753 884]
 [756 885]
 [760 886]
 [765 885]
 [771 882]
 [774 880]
 [776 875]]
Fuhrman 1, [[ 43 530]
 [ 43 525]
 [ 42 519]
 [ 39 516]
 [ 36 513]
 [ 33 511]
 [ 28 510]
 [ 24 510]
 [ 20 511]
 [ 16 515]
 [ 14 520]
 [ 12 522]
 [ 12 527]
 [ 12 531]
 [ 13 536]
 [ 14 540]
 [ 17 544]
 [ 19 546]
 [ 23 547]
 [ 27 548]
 [ 32 546]
 [ 36 543]
 [ 40 539]
 [ 42 535]
 [ 43 530]]
Fuhrman 1, [[947 235]
 [944 230]
 [940 226]
 [935 223]
 [931 221]
 [927 220]
 [924 220]
 [921 222]
 [919 227]
 [919 231]
 [922 237]
 [925 241]
 [929 244]
 [932 247]
 [937 248]
 [941 249]
 [944 249]
 [946 247]
 [948 244]
 [949 241]
 [947 234]]
Fuhrman 1, [[699 120]
 [701 117]
 [701 112]
 [698 107]
 [694 105]
 [690 104]
 [685 104]
 [681 106]
 [678 108]
 [677 112]
 [677 116]
 [680 119]
 [684 121]
 [688 123]
 [691 124]
 [694 124]
 [697 124]
 [698 122]
 [700 120]]
Fuhrman 1, [[998 474]
 [998 472]
 [997 468]
 [994 465]
 [991 460]
 [987 459]
 [983 458]
 [979 459]
 [975 460]
 [971 462]
 [970 466]
 [969 468]
 [970 472]
 [972 476]
 [975 478]
 [977 479]
 [982 479]
 [987 479]
 [991 479]
 [994 478]
 [996 477]
 [997 475]
 [998 474]]
Fuhrman 1, [[1457  619]
 [1460  615]
 [1460  611]
 [1459  607]
 [1454  606]
 [1450  606]
 [1446  608]
 [1442  611]
 [1438  614]
 [1436  617]
 [1435  620]
 [1435  623]
 [1437  626]
 [1440  628]
 [1443  630]
 [1445  630]
 [1448  629]
 [1450  625]
 [1453  624]
 [1455  623]
 [1456  622]
 [1457  619]]
Fuhrman 1, [[1531  617]
 [1529  612]
 [1523  608]
 [1519  608]
 [1515  608]
 [1511  611]
 [1510  614]
 [1510  620]
 [1511  623]
 [1514  626]
 [1517  628]
 [1519  630]
 [1522  630]
 [1526  630]
 [1530  629]
 [1531  626]
 [1532  623]
 [1532  620]
 [1531  617]]
Fuhrman 1, [[1495  662]
 [1493  658]
 [1490  655]
 [1487  654]
 [1484  653]
 [1481  652]
 [1477  652]
 [1474  653]
 [1472  655]
 [1470  658]
 [1470  660]
 [1470  663]
 [1472  665]
 [1474  667]
 [1476  667]
 [1480  667]
 [1483  667]
 [1487  667]
 [1490  667]
 [1492  667]
 [1494  666]
 [1495  664]
 [1494  662]]
Fuhrman 1, [[1889  271]
 [1890  267]
 [1889  261]
 [1888  257]
 [1885  255]
 [1880  255]
 [1874  256]
 [1870  257]
 [1866  260]
 [1863  265]
 [1862  268]
 [1862  273]
 [1863  278]
 [1865  282]
 [1868  285]
 [1870  286]
 [1873  286]
 [1877  285]
 [1880  283]
 [1884  281]
 [1887  277]
 [1889  273]
 [1889  271]]
Fuhrman 1, [[1591  487]
 [1592  483]
 [1590  479]
 [1587  476]
 [1583  474]
 [1580  473]
 [1577  473]
 [1573  477]
 [1571  479]
 [1569  483]
 [1569  487]
 [1569  491]
 [1570  493]
 [1572  496]
 [1575  497]
 [1579  498]
 [1582  498]
 [1586  497]
 [1589  495]
 [1590  492]
 [1591  487]]
Fuhrman 1, [[1156  694]
 [1153  687]
 [1151  683]
 [1148  681]
 [1143  681]
 [1139  682]
 [1135  684]
 [1133  686]
 [1133  691]
 [1134  695]
 [1136  699]
 [1140  701]
 [1144  702]
 [1147  702]
 [1151  702]
 [1154  700]
 [1155  698]
 [1156  695]
 [1156  694]]
Fuhrman 1, [[1357  232]
 [1355  226]
 [1353  221]
 [1349  217]
 [1345  215]
 [1340  215]
 [1336  215]
 [1332  217]
 [1330  221]
 [1329  228]
 [1330  233]
 [1332  238]
 [1334  242]
 [1338  245]
 [1341  245]
 [1346  244]
 [1350  242]
 [1354  239]
 [1356  234]
 [1357  232]]
Fuhrman 1, [[1580  773]
 [1580  769]
 [1577  765]
 [1571  762]
 [1569  762]
 [1565  763]
 [1562  765]
 [1559  769]
 [1560  773]
 [1561  776]
 [1563  781]
 [1565  784]
 [1568  785]
 [1572  785]
 [1576  784]
 [1579  782]
 [1581  778]
 [1581  776]
 [1580  773]]
Fuhrman 1, [[1889  695]
 [1889  688]
 [1887  684]
 [1883  679]
 [1878  678]
 [1875  678]
 [1871  679]
 [1867  684]
 [1866  687]
 [1864  693]
 [1865  698]
 [1865  702]
 [1868  707]
 [1871  711]
 [1873  711]
 [1875  711]
 [1879  710]
 [1883  707]
 [1886  705]
 [1887  700]
 [1889  697]
 [1889  695]]
Fuhrman 1, [[1812 1055]
 [1814 1053]
 [1815 1048]
 [1815 1044]
 [1812 1039]
 [1808 1036]
 [1803 1034]
 [1800 1034]
 [1794 1035]
 [1791 1038]
 [1789 1042]
 [1788 1046]
 [1787 1050]
 [1788 1052]
 [1791 1057]
 [1794 1060]
 [1798 1062]
 [1801 1063]
 [1804 1063]
 [1808 1061]
 [1810 1058]
 [1813 1055]]
