Fuhrman 1, [[1321  340]
 [1322  338]
 [1322  332]
 [1320  326]
 [1314  323]
 [1308  321]
 [1304  321]
 [1299  324]
 [1297  329]
 [1297  337]
 [1298  343]
 [1302  346]
 [1306  348]
 [1312  349]
 [1316  348]
 [1320  346]
 [1320  343]
 [1321  340]]
Fuhrman 1, [[381 577]
 [383 575]
 [386 572]
 [384 568]
 [378 565]
 [374 562]
 [372 563]
 [369 564]
 [364 566]
 [361 567]
 [360 572]
 [360 578]
 [361 580]
 [363 583]
 [366 584]
 [370 584]
 [374 583]
 [378 580]
 [381 577]]
Fuhrman 1, [[ 37 268]
 [ 38 264]
 [ 36 258]
 [ 33 254]
 [ 28 252]
 [ 25 252]
 [ 20 254]
 [ 16 259]
 [ 15 266]
 [ 15 271]
 [ 17 274]
 [ 20 277]
 [ 21 279]
 [ 25 280]
 [ 29 280]
 [ 31 277]
 [ 35 273]
 [ 37 267]]
Fuhrman 1, [[364  55]
 [364  51]
 [362  44]
 [357  41]
 [353  40]
 [350  40]
 [346  42]
 [344  45]
 [343  48]
 [342  50]
 [341  55]
 [341  57]
 [343  61]
 [346  64]
 [348  65]
 [351  65]
 [354  65]
 [357  65]
 [360  63]
 [362  60]
 [363  55]]
Fuhrman 1, [[1355  402]
 [1356  400]
 [1355  395]
 [1353  391]
 [1350  388]
 [1347  385]
 [1343  383]
 [1339  382]
 [1335  382]
 [1331  384]
 [1330  389]
 [1329  393]
 [1330  397]
 [1332  399]
 [1334  399]
 [1336  401]
 [1338  403]
 [1340  404]
 [1343  406]
 [1345  406]
 [1348  407]
 [1350  407]
 [1353  406]
 [1353  403]
 [1355  402]]
Fuhrman 1, [[1446  976]
 [1448  970]
 [1447  963]
 [1442  958]
 [1437  955]
 [1432  954]
 [1427  957]
 [1425  960]
 [1424  963]
 [1420  964]
 [1420  969]
 [1421  975]
 [1425  979]
 [1429  982]
 [1432  982]
 [1435  983]
 [1438  982]
 [1442  980]
 [1445  977]
 [1446  976]]
Fuhrman 1, [[466 397]
 [463 388]
 [458 384]
 [456 383]
 [451 382]
 [447 383]
 [443 385]
 [440 388]
 [438 391]
 [437 395]
 [438 401]
 [440 405]
 [444 408]
 [446 410]
 [449 411]
 [453 411]
 [458 410]
 [463 408]
 [465 404]
 [466 397]]
Fuhrman 1, [[333 448]
 [336 447]
 [338 446]
 [339 443]
 [337 440]
 [335 438]
 [332 433]
 [331 430]
 [327 428]
 [323 427]
 [319 427]
 [316 427]
 [312 428]
 [310 430]
 [309 433]
 [309 436]
 [310 438]
 [312 441]
 [314 445]
 [317 447]
 [320 448]
 [324 449]
 [327 449]
 [328 448]
 [330 448]
 [333 448]]
Fuhrman 1, [[1253  695]
 [1254  691]
 [1254  687]
 [1251  681]
 [1246  678]
 [1242  676]
 [1237  676]
 [1234  676]
 [1231  678]
 [1228  682]
 [1227  685]
 [1227  687]
 [1227  690]
 [1228  693]
 [1230  698]
 [1232  701]
 [1234  702]
 [1238  703]
 [1242  703]
 [1247  701]
 [1251  698]
 [1253  694]]
Fuhrman 1, [[1324  637]
 [1326  633]
 [1327  631]
 [1325  625]
 [1322  623]
 [1316  622]
 [1312  623]
 [1309  625]
 [1308  629]
 [1308  633]
 [1308  635]
 [1309  637]
 [1311  640]
 [1314  641]
 [1317  642]
 [1321  641]
 [1323  637]]
Fuhrman 1, [[964 369]
 [962 361]
 [960 353]
 [958 348]
 [952 346]
 [947 344]
 [943 345]
 [941 349]
 [938 352]
 [938 356]
 [938 359]
 [941 363]
 [944 367]
 [947 370]
 [949 372]
 [951 374]
 [953 377]
 [956 378]
 [957 378]
 [959 377]
 [961 374]
 [963 373]
 [964 371]
 [964 368]]
Fuhrman 1, [[1052  668]
 [1055  665]
 [1055  659]
 [1054  654]
 [1050  650]
 [1043  647]
 [1037  647]
 [1031  649]
 [1027  653]
 [1026  657]
 [1026  662]
 [1027  668]
 [1030  673]
 [1035  676]
 [1040  677]
 [1046  674]
 [1050  669]
 [1052  667]]
Fuhrman 1, [[1778   43]
 [1781   38]
 [1781   34]
 [1776   30]
 [1772   29]
 [1767   29]
 [1762   30]
 [1755   35]
 [1753   41]
 [1753   45]
 [1754   49]
 [1758   54]
 [1763   57]
 [1768   57]
 [1773   54]
 [1776   50]
 [1778   43]]
Fuhrman 1, [[1867   46]
 [1868   42]
 [1866   38]
 [1862   35]
 [1857   32]
 [1852   32]
 [1848   33]
 [1845   37]
 [1843   43]
 [1842   47]
 [1843   51]
 [1845   56]
 [1848   60]
 [1851   63]
 [1852   65]
 [1853   65]
 [1855   65]
 [1858   65]
 [1862   64]
 [1866   63]
 [1868   58]
 [1868   53]
 [1868   49]
 [1867   46]]
Fuhrman 1, [[595 804]
 [593 799]
 [591 795]
 [588 794]
 [585 794]
 [582 792]
 [578 791]
 [575 793]
 [573 796]
 [573 800]
 [573 803]
 [574 806]
 [575 809]
 [577 812]
 [581 813]
 [585 814]
 [589 815]
 [593 814]
 [596 812]
 [597 808]
 [596 805]
 [595 804]]
Fuhrman 1, [[ 47 878]
 [ 49 875]
 [ 50 870]
 [ 47 862]
 [ 42 859]
 [ 37 857]
 [ 29 857]
 [ 23 862]
 [ 21 866]
 [ 22 874]
 [ 24 882]
 [ 27 886]
 [ 31 887]
 [ 36 887]
 [ 42 885]
 [ 46 882]
 [ 47 878]]
Fuhrman 1, [[497 989]
 [499 985]
 [500 980]
 [498 972]
 [494 967]
 [487 965]
 [484 966]
 [482 970]
 [480 971]
 [477 975]
 [476 980]
 [476 984]
 [477 989]
 [479 992]
 [483 993]
 [488 993]
 [493 992]
 [498 988]]
Fuhrman 1, [[1704  730]
 [1706  724]
 [1704  718]
 [1701  713]
 [1696  710]
 [1692  710]
 [1687  711]
 [1682  714]
 [1679  718]
 [1677  723]
 [1676  727]
 [1676  733]
 [1679  737]
 [1682  740]
 [1686  742]
 [1689  742]
 [1694  741]
 [1699  739]
 [1702  735]
 [1704  729]]
Fuhrman 1, [[603 154]
 [605 151]
 [605 146]
 [603 142]
 [598 138]
 [593 137]
 [590 137]
 [585 139]
 [581 142]
 [580 146]
 [580 149]
 [580 153]
 [583 156]
 [586 158]
 [590 160]
 [593 160]
 [597 159]
 [601 157]
 [603 153]]
Fuhrman 1, [[1060  832]
 [1059  826]
 [1058  821]
 [1053  819]
 [1047  817]
 [1044  817]
 [1040  818]
 [1038  822]
 [1035  827]
 [1034  831]
 [1034  837]
 [1035  840]
 [1039  843]
 [1043  845]
 [1050  845]
 [1056  844]
 [1059  841]
 [1060  837]
 [1060  831]]
