Fuhrman 1, [[308 175]
 [308 169]
 [304 166]
 [301 165]
 [297 165]
 [292 166]
 [288 168]
 [286 171]
 [286 174]
 [287 177]
 [290 180]
 [293 183]
 [296 185]
 [298 185]
 [301 184]
 [304 181]
 [306 178]
 [308 174]]
Fuhrman 1, [[ 59 281]
 [ 59 276]
 [ 58 273]
 [ 55 272]
 [ 50 270]
 [ 47 271]
 [ 43 273]
 [ 41 276]
 [ 41 280]
 [ 41 284]
 [ 42 288]
 [ 44 290]
 [ 47 292]
 [ 49 293]
 [ 51 293]
 [ 54 292]
 [ 57 290]
 [ 58 286]
 [ 59 281]]
Fuhrman 1, [[452 303]
 [450 299]
 [445 298]
 [440 300]
 [436 302]
 [432 305]
 [430 310]
 [429 316]
 [430 320]
 [432 324]
 [434 327]
 [438 329]
 [441 329]
 [446 328]
 [451 326]
 [454 322]
 [456 319]
 [457 312]
 [455 309]
 [452 303]]
Fuhrman 1, [[752 635]
 [755 633]
 [756 631]
 [756 627]
 [756 623]
 [753 620]
 [748 619]
 [744 619]
 [740 620]
 [736 623]
 [734 627]
 [734 632]
 [735 634]
 [736 637]
 [737 639]
 [739 640]
 [741 640]
 [743 640]
 [746 639]
 [749 637]
 [752 635]]
Fuhrman 1, [[429 881]
 [429 877]
 [426 873]
 [424 870]
 [421 869]
 [417 869]
 [411 869]
 [407 872]
 [404 876]
 [404 878]
 [405 882]
 [407 884]
 [410 886]
 [414 888]
 [416 888]
 [418 888]
 [421 888]
 [424 886]
 [426 885]
 [428 883]
 [429 881]]
Fuhrman 1, [[1031  316]
 [1034  313]
 [1035  308]
 [1033  304]
 [1031  299]
 [1026  296]
 [1021  296]
 [1017  298]
 [1014  301]
 [1013  305]
 [1013  308]
 [1013  312]
 [1015  315]
 [1018  318]
 [1021  318]
 [1024  318]
 [1027  318]
 [1031  316]]
Fuhrman 1, [[1458  413]
 [1458  407]
 [1457  404]
 [1454  400]
 [1450  397]
 [1447  397]
 [1445  397]
 [1442  398]
 [1438  400]
 [1435  404]
 [1434  407]
 [1434  411]
 [1436  414]
 [1438  418]
 [1440  421]
 [1443  422]
 [1446  423]
 [1450  423]
 [1452  423]
 [1455  422]
 [1457  419]
 [1458  417]
 [1458  413]]
Fuhrman 1, [[1386  603]
 [1388  600]
 [1388  595]
 [1385  592]
 [1380  588]
 [1375  587]
 [1370  587]
 [1363  592]
 [1361  596]
 [1361  601]
 [1363  604]
 [1365  607]
 [1368  610]
 [1370  612]
 [1372  612]
 [1380  610]
 [1386  603]]
Fuhrman 1, [[1006  564]
 [1006  559]
 [1003  554]
 [ 999  550]
 [ 995  548]
 [ 990  549]
 [ 985  549]
 [ 982  551]
 [ 979  555]
 [ 978  558]
 [ 978  561]
 [ 979  564]
 [ 980  567]
 [ 982  570]
 [ 985  572]
 [ 988  575]
 [ 990  576]
 [ 993  576]
 [ 997  575]
 [ 999  573]
 [1003  572]
 [1005  568]
 [1006  563]]
Fuhrman 1, [[766 918]
 [768 914]
 [767 910]
 [765 905]
 [762 901]
 [757 900]
 [754 901]
 [749 902]
 [746 905]
 [744 908]
 [745 911]
 [747 914]
 [751 921]
 [753 923]
 [755 924]
 [757 924]
 [759 924]
 [762 922]
 [765 920]
 [766 918]]
Fuhrman 1, [[1841   65]
 [1843   62]
 [1845   57]
 [1845   53]
 [1841   45]
 [1837   41]
 [1831   37]
 [1826   36]
 [1819   37]
 [1813   42]
 [1811   48]
 [1812   51]
 [1813   55]
 [1814   59]
 [1817   61]
 [1820   64]
 [1824   66]
 [1827   68]
 [1831   68]
 [1837   67]
 [1841   65]]
Fuhrman 1, [[1783  686]
 [1788  682]
 [1789  677]
 [1788  673]
 [1785  669]
 [1782  664]
 [1778  662]
 [1774  661]
 [1771  662]
 [1766  664]
 [1764  667]
 [1762  671]
 [1762  675]
 [1762  679]
 [1764  682]
 [1766  685]
 [1769  687]
 [1772  688]
 [1778  689]
 [1781  688]
 [1784  686]]
Fuhrman 1, [[1878  560]
 [1881  560]
 [1884  558]
 [1887  554]
 [1888  551]
 [1887  546]
 [1885  541]
 [1881  537]
 [1875  535]
 [1868  536]
 [1865  539]
 [1862  541]
 [1861  545]
 [1861  549]
 [1861  553]
 [1863  557]
 [1865  559]
 [1867  560]
 [1871  560]
 [1874  561]
 [1877  560]
 [1879  560]]
Fuhrman 1, [[1528  892]
 [1531  890]
 [1532  888]
 [1532  884]
 [1530  883]
 [1527  882]
 [1525  879]
 [1522  878]
 [1520  877]
 [1516  878]
 [1514  880]
 [1512  883]
 [1511  885]
 [1511  888]
 [1513  891]
 [1515  893]
 [1519  895]
 [1522  895]
 [1525  894]
 [1527  893]
 [1528  892]]
Fuhrman 1, [[ 878 1073]
 [ 880 1071]
 [ 881 1068]
 [ 881 1066]
 [ 880 1064]
 [ 876 1061]
 [ 872 1059]
 [ 866 1059]
 [ 863 1059]
 [ 859 1061]
 [ 856 1063]
 [ 853 1065]
 [ 851 1068]
 [ 851 1070]
 [ 851 1072]
 [ 853 1074]
 [ 856 1078]
 [ 858 1079]
 [ 861 1079]
 [ 864 1078]
 [ 871 1077]
 [ 875 1075]
 [ 878 1073]]
Fuhrman 1, [[1835 1036]
 [1837 1033]
 [1835 1026]
 [1832 1022]
 [1829 1020]
 [1825 1020]
 [1821 1021]
 [1816 1023]
 [1814 1027]
 [1812 1030]
 [1812 1033]
 [1813 1035]
 [1815 1038]
 [1817 1040]
 [1823 1042]
 [1826 1042]
 [1829 1041]
 [1832 1039]
 [1834 1037]
 [1835 1036]
 [1835 1036]]
Fuhrman 1, [[1255  691]
 [1258  689]
 [1259  686]
 [1258  681]
 [1257  678]
 [1253  675]
 [1248  674]
 [1244  674]
 [1238  677]
 [1236  681]
 [1234  683]
 [1234  685]
 [1235  687]
 [1237  689]
 [1238  691]
 [1240  692]
 [1242  693]
 [1246  693]
 [1249  693]
 [1252  692]
 [1254  691]
 [1255  691]]
Fuhrman 1, [[ 103 1056]
 [ 104 1052]
 [ 103 1048]
 [ 100 1042]
 [  97 1038]
 [  94 1036]
 [  90 1037]
 [  88 1038]
 [  86 1043]
 [  85 1047]
 [  86 1051]
 [  88 1055]
 [  91 1060]
 [  93 1062]
 [  94 1063]
 [  96 1063]
 [  98 1062]
 [ 100 1061]
 [ 101 1059]
 [ 103 1056]]
Fuhrman 1, [[1074  945]
 [1076  943]
 [1077  940]
 [1077  937]
 [1076  933]
 [1074  931]
 [1070  927]
 [1067  925]
 [1064  925]
 [1060  927]
 [1058  929]
 [1056  932]
 [1056  935]
 [1056  939]
 [1057  943]
 [1058  945]
 [1060  947]
 [1062  948]
 [1066  949]
 [1068  948]
 [1071  947]
 [1074  945]]
Fuhrman 1, [[1424 1081]
 [1427 1081]
 [1431 1080]
 [1434 1079]
 [1438 1076]
 [1439 1073]
 [1439 1071]
 [1438 1069]
 [1433 1067]
 [1428 1066]
 [1424 1066]
 [1418 1068]
 [1415 1070]
 [1413 1073]
 [1413 1076]
 [1414 1077]
 [1416 1079]
 [1418 1080]
 [1421 1081]
 [1424 1081]]
