Fuhrman 1, [[35 50]
 [38 48]
 [40 45]
 [40 41]
 [40 36]
 [39 33]
 [37 30]
 [34 27]
 [30 27]
 [27 28]
 [24 30]
 [22 33]
 [20 36]
 [20 40]
 [20 44]
 [21 47]
 [23 50]
 [25 51]
 [26 52]
 [28 52]
 [31 51]
 [33 51]
 [35 50]]
Fuhrman 1, [[272 395]
 [272 392]
 [272 388]
 [270 384]
 [267 380]
 [264 378]
 [260 377]
 [256 377]
 [253 379]
 [251 381]
 [250 384]
 [249 389]
 [249 393]
 [250 396]
 [252 399]
 [254 402]
 [256 404]
 [258 405]
 [259 406]
 [261 406]
 [263 405]
 [265 404]
 [268 401]
 [269 400]
 [270 398]
 [272 395]]
Fuhrman 1, [[526 717]
 [527 714]
 [527 710]
 [525 707]
 [523 703]
 [519 700]
 [516 698]
 [513 697]
 [509 699]
 [506 700]
 [503 702]
 [502 707]
 [501 710]
 [501 715]
 [502 719]
 [503 721]
 [506 724]
 [509 726]
 [511 727]
 [515 726]
 [518 726]
 [521 725]
 [523 724]
 [525 721]
 [526 719]
 [526 717]]
Fuhrman 1, [[ 253 1050]
 [ 254 1047]
 [ 252 1043]
 [ 249 1039]
 [ 246 1036]
 [ 243 1034]
 [ 240 1034]
 [ 238 1035]
 [ 236 1036]
 [ 234 1038]
 [ 233 1041]
 [ 234 1045]
 [ 235 1048]
 [ 236 1051]
 [ 237 1053]
 [ 239 1055]
 [ 240 1057]
 [ 242 1058]
 [ 244 1058]
 [ 246 1058]
 [ 248 1057]
 [ 250 1056]
 [ 252 1054]
 [ 253 1052]
 [ 253 1050]]
Fuhrman 1, [[861 463]
 [862 460]
 [862 456]
 [859 452]
 [855 450]
 [853 449]
 [850 448]
 [845 449]
 [841 450]
 [840 452]
 [839 454]
 [839 458]
 [839 461]
 [840 463]
 [841 466]
 [843 468]
 [846 469]
 [848 470]
 [850 471]
 [853 470]
 [856 470]
 [858 469]
 [859 468]
 [860 466]
 [861 463]]
Fuhrman 1, [[1070   81]
 [1071   77]
 [1070   71]
 [1069   66]
 [1067   63]
 [1064   61]
 [1061   60]
 [1058   61]
 [1056   63]
 [1054   68]
 [1054   73]
 [1055   79]
 [1056   85]
 [1057   90]
 [1059   91]
 [1061   91]
 [1064   91]
 [1067   89]
 [1069   86]
 [1070   83]
 [1070   81]]
Fuhrman 1, [[1183  239]
 [1180  235]
 [1177  233]
 [1174  231]
 [1170  230]
 [1167  229]
 [1164  231]
 [1162  232]
 [1161  236]
 [1161  240]
 [1162  245]
 [1163  248]
 [1166  253]
 [1168  255]
 [1171  258]
 [1175  259]
 [1179  259]
 [1183  259]
 [1187  257]
 [1189  256]
 [1190  252]
 [1189  248]
 [1188  245]
 [1185  241]
 [1183  239]]
Fuhrman 1, [[1205  346]
 [1206  343]
 [1206  337]
 [1206  333]
 [1202  329]
 [1198  327]
 [1195  325]
 [1193  324]
 [1189  327]
 [1188  329]
 [1185  329]
 [1182  331]
 [1179  337]
 [1178  341]
 [1178  345]
 [1179  348]
 [1182  351]
 [1185  352]
 [1188  355]
 [1190  357]
 [1192  357]
 [1195  358]
 [1198  358]
 [1200  356]
 [1202  354]
 [1204  352]
 [1204  350]
 [1204  348]
 [1205  346]]
Fuhrman 1, [[1207  393]
 [1206  389]
 [1205  385]
 [1201  380]
 [1198  378]
 [1195  379]
 [1192  381]
 [1189  383]
 [1187  385]
 [1185  386]
 [1184  389]
 [1183  391]
 [1184  393]
 [1185  395]
 [1187  396]
 [1189  399]
 [1190  400]
 [1193  401]
 [1196  402]
 [1198  402]
 [1201  402]
 [1204  401]
 [1206  399]
 [1207  396]
 [1207  393]]
Fuhrman 1, [[1321  522]
 [1322  520]
 [1324  518]
 [1325  514]
 [1324  508]
 [1323  505]
 [1321  501]
 [1319  499]
 [1311  496]
 [1308  495]
 [1305  496]
 [1302  496]
 [1300  499]
 [1298  503]
 [1297  507]
 [1297  510]
 [1298  513]
 [1300  517]
 [1301  520]
 [1303  522]
 [1306  524]
 [1309  526]
 [1312  526]
 [1315  526]
 [1315  526]
 [1317  526]
 [1319  524]
 [1321  522]]
Fuhrman 1, [[1685  793]
 [1686  790]
 [1687  786]
 [1686  782]
 [1684  779]
 [1682  775]
 [1679  773]
 [1676  772]
 [1672  772]
 [1668  773]
 [1665  773]
 [1663  775]
 [1661  778]
 [1659  780]
 [1658  783]
 [1657  786]
 [1658  790]
 [1659  793]
 [1660  795]
 [1662  798]
 [1664  799]
 [1666  801]
 [1669  801]
 [1672  802]
 [1676  802]
 [1679  801]
 [1682  798]
 [1684  795]
 [1685  793]]
Fuhrman 1, [[1687  927]
 [1690  925]
 [1692  923]
 [1694  917]
 [1694  914]
 [1693  910]
 [1691  906]
 [1688  903]
 [1685  901]
 [1680  900]
 [1677  901]
 [1673  902]
 [1670  903]
 [1667  905]
 [1665  907]
 [1664  910]
 [1664  913]
 [1663  915]
 [1663  918]
 [1665  922]
 [1666  924]
 [1669  926]
 [1671  928]
 [1674  929]
 [1677  929]
 [1681  929]
 [1684  928]
 [1687  927]]
Fuhrman 1, [[1727  294]
 [1729  291]
 [1731  288]
 [1731  285]
 [1730  281]
 [1728  277]
 [1727  275]
 [1724  273]
 [1719  271]
 [1715  271]
 [1710  271]
 [1708  274]
 [1706  276]
 [1703  278]
 [1701  281]
 [1700  284]
 [1700  287]
 [1701  291]
 [1703  294]
 [1704  296]
 [1707  297]
 [1710  299]
 [1714  299]
 [1717  299]
 [1721  298]
 [1725  296]
 [1728  293]]
Fuhrman 1, [[1669   66]
 [1672   64]
 [1674   61]
 [1676   58]
 [1677   51]
 [1677   47]
 [1675   43]
 [1671   41]
 [1668   40]
 [1664   40]
 [1660   41]
 [1656   42]
 [1651   45]
 [1649   47]
 [1647   51]
 [1646   55]
 [1645   58]
 [1645   61]
 [1646   64]
 [1648   66]
 [1651   68]
 [1654   69]
 [1657   69]
 [1661   68]
 [1665   68]
 [1670   66]]
Fuhrman 1, [[660 297]
 [662 296]
 [665 294]
 [665 290]
 [664 285]
 [663 281]
 [661 275]
 [659 269]
 [657 265]
 [655 263]
 [651 262]
 [649 263]
 [647 264]
 [645 267]
 [644 272]
 [645 277]
 [645 281]
 [646 285]
 [648 291]
 [650 295]
 [652 297]
 [654 297]
 [656 297]
 [660 297]]
Fuhrman 1, [[ 50 870]
 [ 49 866]
 [ 47 863]
 [ 45 859]
 [ 40 857]
 [ 37 855]
 [ 32 851]
 [ 28 851]
 [ 26 852]
 [ 23 855]
 [ 21 859]
 [ 21 863]
 [ 22 866]
 [ 23 868]
 [ 25 871]
 [ 27 874]
 [ 30 876]
 [ 33 879]
 [ 36 880]
 [ 40 881]
 [ 43 880]
 [ 47 879]
 [ 48 877]
 [ 49 875]
 [ 50 873]
 [ 50 870]]
Fuhrman 1, [[1796  619]
 [1796  615]
 [1793  611]
 [1790  609]
 [1786  608]
 [1782  608]
 [1778  608]
 [1775  608]
 [1772  609]
 [1771  611]
 [1769  614]
 [1767  619]
 [1767  624]
 [1768  628]
 [1771  632]
 [1774  634]
 [1777  636]
 [1780  636]
 [1783  635]
 [1788  634]
 [1790  633]
 [1793  632]
 [1795  628]
 [1796  626]
 [1796  623]
 [1796  618]]
Fuhrman 1, [[1490  527]
 [1489  524]
 [1489  520]
 [1488  515]
 [1487  512]
 [1486  510]
 [1484  508]
 [1481  508]
 [1478  509]
 [1477  511]
 [1476  513]
 [1475  515]
 [1475  519]
 [1475  522]
 [1476  527]
 [1477  530]
 [1478  532]
 [1480  534]
 [1483  535]
 [1484  535]
 [1486  534]
 [1488  533]
 [1489  531]
 [1490  529]
 [1490  527]]
Fuhrman 1, [[1088 1040]
 [1088 1037]
 [1087 1034]
 [1086 1032]
 [1085 1030]
 [1083 1027]
 [1081 1025]
 [1079 1024]
 [1076 1024]
 [1073 1024]
 [1070 1024]
 [1068 1025]
 [1065 1029]
 [1064 1032]
 [1064 1034]
 [1065 1037]
 [1066 1041]
 [1068 1045]
 [1070 1047]
 [1073 1049]
 [1075 1050]
 [1077 1050]
 [1079 1049]
 [1082 1048]
 [1084 1047]
 [1086 1046]
 [1087 1043]
 [1088 1040]]
Fuhrman 1, [[1336  849]
 [1336  844]
 [1335  839]
 [1332  834]
 [1330  831]
 [1327  830]
 [1325  830]
 [1323  831]
 [1320  832]
 [1319  835]
 [1318  839]
 [1319  843]
 [1320  847]
 [1322  850]
 [1323  852]
 [1325  855]
 [1327  857]
 [1329  857]
 [1331  857]
 [1332  856]
 [1334  853]
 [1335  850]
 [1336  848]]
